temporada_alta,dif_min,atraso_15,periodo_dia
1,3,0,noche
1,9,0,noche
1,9,0,noche
1,3,0,noche
1,-2,0,noche
1,34,1,noche
1,-5,0,noche
1,-5,0,noche
1,40,1,noche
1,69,1,noche
1,-9,0,noche
1,14,0,noche
1,-7,0,noche
1,-4,0,noche
1,-11,0,noche
1,-9,0,noche
1,-9,0,noche
1,-12,0,noche
1,15,0,noche
1,-2,0,noche
1,2,0,noche
1,8,0,noche
1,-5,0,noche
1,52,1,noche
1,-5,0,noche
1,0,0,noche
1,26,1,noche
1,-3,0,noche
1,-5,0,noche
1,2,0,noche
1,2,0,noche
1,-7,0,noche
1,-1,0,noche
1,5,0,noche
1,-4,0,noche
1,1,0,noche
1,-5,0,noche
1,3,0,noche
1,-2,0,noche
1,-4,0,noche
1,-6,0,noche
1,4,0,noche
1,-4,0,noche
1,-4,0,noche
1,-9,0,noche
1,-10,0,noche
1,0,0,noche
1,-2,0,noche
1,1,0,noche
1,-4,0,noche
1,10,0,noche
1,20,1,noche
1,11,0,noche
1,24,1,noche
1,-5,0,noche
1,-7,0,noche
1,14,0,noche
1,5,0,noche
1,0,0,noche
1,25,1,noche
1,1,0,noche
1,0,0,noche
1,-4,0,noche
1,13,0,noche
1,-3,0,noche
1,2,0,noche
1,-5,0,noche
1,0,0,noche
1,-2,0,noche
1,3,0,noche
1,-9,0,noche
1,5,0,noche
1,-3,0,noche
1,-4,0,noche
1,-10,0,noche
1,-9,0,noche
1,62,1,noche
1,2,0,noche
1,-8,0,noche
1,19,1,tarde
1,60,1,tarde
1,17,1,tarde
1,26,1,tarde
1,14,0,tarde
1,67,1,tarde
1,84,1,tarde
1,63,1,tarde
1,97,1,tarde
1,17,1,tarde
1,90,1,tarde
1,130,1,tarde
1,24,1,tarde
1,77,1,tarde
1,32,1,tarde
1,39,1,tarde
1,48,1,tarde
1,6,0,tarde
1,2,0,tarde
1,28,1,tarde
1,11,0,tarde
1,33,1,tarde
1,69,1,tarde
1,20,1,tarde
1,3,0,tarde
1,22,1,tarde
1,21,1,tarde
1,22,1,tarde
1,27,1,tarde
1,6,0,tarde
1,20,1,noche
1,17,1,noche
1,19,1,noche
1,47,1,noche
1,5,0,noche
1,63,1,noche
1,55,1,noche
1,53,1,noche
1,105,1,noche
1,20,1,noche
1,72,1,noche
1,26,1,noche
1,99,1,noche
1,52,1,noche
1,33,1,noche
1,147,1,noche
1,18,1,noche
1,25,1,noche
1,5,0,noche
1,21,1,noche
1,13,0,noche
1,21,1,noche
1,11,0,noche
1,-4,0,noche
1,-1,0,noche
1,8,0,noche
1,6,0,noche
1,-4,0,noche
1,6,0,noche
1,-4,0,tarde
1,0,0,tarde
1,3,0,tarde
1,-1,0,tarde
1,-10,0,tarde
1,16,1,tarde
1,-1,0,tarde
1,1,0,tarde
1,14,0,tarde
1,8,0,tarde
1,7,0,tarde
1,7,0,tarde
1,5,0,tarde
1,17,1,tarde
1,1,0,tarde
1,12,0,tarde
1,-3,0,tarde
1,33,1,tarde
1,6,0,tarde
1,-4,0,tarde
1,8,0,tarde
1,7,0,tarde
1,-1,0,tarde
1,3,0,tarde
1,-7,0,tarde
1,12,0,tarde
1,-2,0,tarde
1,7,0,tarde
1,14,0,tarde
1,14,0,tarde
1,-5,0,tarde
1,-11,0,noche
1,13,0,noche
1,-2,0,noche
1,-12,0,noche
1,7,0,noche
1,-1,0,noche
1,14,0,noche
1,-7,0,noche
1,-6,0,noche
1,0,0,noche
1,-3,0,noche
1,-9,0,noche
1,-4,0,noche
1,-2,0,noche
1,-7,0,noche
1,-3,0,noche
1,1,0,noche
1,4,0,noche
1,-9,0,noche
1,138,1,noche
1,-1,0,noche
1,-13,0,noche
1,-11,0,noche
1,-11,0,noche
1,-9,0,noche
1,-7,0,noche
1,-5,0,noche
1,-1,0,noche
1,-2,0,noche
1,13,0,noche
1,-9,0,noche
1,-1,0,noche
1,-10,0,mañana
1,2,0,mañana
1,-2,0,mañana
1,31,1,mañana
1,18,1,mañana
1,-13,0,mañana
1,-6,0,mañana
1,0,0,mañana
1,20,1,mañana
1,8,0,mañana
1,11,0,mañana
1,-8,0,mañana
1,88,1,mañana
1,17,1,mañana
1,27,1,mañana
1,2,0,mañana
1,1,0,mañana
1,33,1,mañana
1,11,0,mañana
1,2,0,mañana
1,10,0,mañana
1,-5,0,mañana
1,-1,0,mañana
1,-12,0,mañana
1,-5,0,mañana
1,-3,0,mañana
1,-10,0,mañana
1,3,0,mañana
1,1,0,mañana
1,1,0,mañana
1,35,1,mañana
1,-11,0,mañana
1,-11,0,mañana
1,-10,0,mañana
1,6,0,mañana
1,14,0,mañana
1,-7,0,mañana
1,-11,0,mañana
1,0,0,mañana
1,5,0,mañana
1,18,1,mañana
1,-8,0,mañana
1,-1,0,mañana
1,-11,0,mañana
1,17,1,mañana
1,15,0,mañana
1,1,0,mañana
1,-4,0,mañana
1,30,1,mañana
1,-13,0,mañana
1,-4,0,mañana
1,-5,0,mañana
1,-6,0,mañana
1,-7,0,tarde
1,5,0,tarde
1,25,1,tarde
1,4,0,tarde
1,-10,0,tarde
1,11,0,tarde
1,-14,0,tarde
1,-2,0,tarde
1,-3,0,tarde
1,7,0,tarde
1,9,0,tarde
1,42,1,tarde
1,9,0,tarde
1,4,0,tarde
1,-9,0,tarde
1,-8,0,tarde
1,-7,0,tarde
1,6,0,tarde
1,-5,0,tarde
1,0,0,tarde
1,-9,0,tarde
1,-6,0,tarde
1,1,0,tarde
1,-2,0,tarde
1,-3,0,tarde
1,1,0,tarde
1,-3,0,tarde
1,-4,0,tarde
1,-3,0,tarde
1,-12,0,tarde
1,14,0,tarde
1,-6,0,noche
1,-1,0,noche
1,28,1,noche
1,-1,0,noche
1,-1,0,noche
1,-8,0,noche
1,8,0,noche
1,12,0,noche
1,-8,0,noche
1,-3,0,noche
1,37,1,noche
1,4,0,noche
1,7,0,noche
1,-3,0,noche
1,9,0,noche
1,-1,0,noche
1,-4,0,noche
1,3,0,noche
1,-6,0,noche
1,8,0,noche
1,7,0,noche
1,-7,0,noche
1,-2,0,noche
1,-8,0,noche
1,1,0,noche
1,-14,0,noche
1,-10,0,noche
1,-11,0,noche
1,-2,0,noche
1,27,1,mañana
1,4,0,mañana
1,-2,0,mañana
1,15,0,mañana
1,1,0,noche
1,3,0,noche
1,22,1,noche
1,26,1,noche
1,4,0,noche
1,14,0,noche
1,7,0,noche
1,87,1,noche
1,-1,0,noche
1,-14,0,noche
1,0,0,noche
1,27,1,noche
1,8,0,noche
1,10,0,noche
1,5,0,noche
1,1,0,noche
1,-9,0,noche
1,15,0,noche
1,1,0,noche
1,21,1,noche
1,-1,0,noche
1,-13,0,noche
1,21,1,noche
1,-5,0,noche
1,-2,0,noche
1,6,0,noche
1,-1,0,noche
1,-2,0,noche
1,-8,0,noche
1,-6,0,mañana
1,3,0,mañana
1,16,1,mañana
1,65,1,tarde
1,27,1,mañana
1,0,0,mañana
1,-2,0,mañana
1,2,0,mañana
1,-2,0,mañana
1,-7,0,mañana
1,-3,0,mañana
1,40,1,mañana
1,11,0,mañana
1,-3,0,mañana
1,16,1,mañana
1,13,0,mañana
1,1,0,mañana
1,13,0,mañana
1,-2,0,mañana
1,-3,0,mañana
1,-7,0,mañana
1,28,1,mañana
1,0,0,mañana
1,5,0,mañana
1,-1,0,mañana
1,-8,0,mañana
1,7,0,mañana
1,-9,0,mañana
1,3,0,mañana
1,38,1,tarde
1,6,0,tarde
1,2,0,tarde
1,19,1,tarde
1,15,0,tarde
1,27,1,tarde
1,59,1,tarde
1,14,0,tarde
1,-3,0,tarde
1,14,0,tarde
1,19,1,tarde
1,5,0,tarde
1,13,0,tarde
1,19,1,tarde
1,10,0,tarde
1,37,1,tarde
1,23,1,tarde
1,11,0,tarde
1,7,0,tarde
1,15,0,tarde
1,1,0,tarde
1,15,0,tarde
1,30,1,tarde
1,22,1,tarde
1,37,1,tarde
1,12,0,tarde
1,0,0,tarde
1,6,0,tarde
1,21,1,tarde
1,-2,0,tarde
1,17,1,tarde
1,8,0,mañana
1,6,0,mañana
1,5,0,noche
1,-4,0,noche
1,-10,0,noche
1,12,0,noche
1,-2,0,noche
1,-13,0,noche
1,-12,0,noche
1,-10,0,noche
1,-14,0,noche
1,3,0,noche
1,-6,0,noche
1,-13,0,noche
1,-13,0,noche
1,-9,0,noche
1,-1,0,noche
1,3,0,noche
1,-1,0,noche
1,-12,0,noche
1,-8,0,noche
1,-14,0,noche
1,1,0,noche
1,-6,0,noche
1,-5,0,noche
1,-7,0,noche
1,-1,0,noche
1,-4,0,noche
1,-14,0,noche
1,-5,0,noche
1,32,1,mañana
1,37,1,tarde
1,10,0,tarde
1,-5,0,tarde
1,6,0,tarde
1,13,0,tarde
1,9,0,tarde
1,2,0,tarde
1,32,1,tarde
1,10,0,tarde
1,26,1,tarde
1,13,0,tarde
1,11,0,tarde
1,6,0,tarde
1,14,0,tarde
1,17,1,tarde
1,10,0,tarde
1,-4,0,tarde
1,10,0,tarde
1,9,0,tarde
1,-6,0,tarde
1,3,0,tarde
1,-3,0,tarde
1,-1,0,tarde
1,1,0,tarde
1,46,1,tarde
1,3,0,tarde
1,51,1,tarde
1,0,0,tarde
1,94,1,tarde
1,68,1,tarde
1,23,1,tarde
1,4,0,tarde
1,-1,0,tarde
1,4,0,tarde
1,-5,0,tarde
1,12,0,tarde
1,5,0,tarde
1,-6,0,tarde
1,0,0,tarde
1,-3,0,mañana
1,0,0,mañana
1,3,0,mañana
1,-1,0,mañana
1,-5,0,mañana
1,-9,0,mañana
1,-2,0,mañana
1,2,0,mañana
1,1,0,mañana
1,-2,0,mañana
1,-10,0,mañana
1,1,0,mañana
1,-1,0,mañana
1,-2,0,mañana
1,-6,0,mañana
1,8,0,mañana
1,-6,0,mañana
1,-2,0,mañana
1,4,0,mañana
1,-4,0,mañana
1,-8,0,mañana
1,-5,0,mañana
1,1,0,mañana
1,-1,0,mañana
1,-7,0,mañana
1,-3,0,mañana
1,-1,0,mañana
1,-3,0,mañana
1,-11,0,mañana
1,7,0,mañana
1,8,0,mañana
1,-3,0,tarde
1,0,0,tarde
1,-4,0,tarde
1,0,0,tarde
1,0,0,tarde
1,-12,0,tarde
1,8,0,tarde
1,24,1,tarde
1,1,0,tarde
1,-10,0,tarde
1,-9,0,tarde
1,-6,0,tarde
1,-6,0,tarde
1,6,0,tarde
1,-6,0,tarde
1,14,0,tarde
1,0,0,tarde
1,-4,0,tarde
1,-4,0,tarde
1,-10,0,tarde
1,19,1,tarde
1,-2,0,tarde
1,-8,0,tarde
1,3,0,tarde
1,-4,0,tarde
1,-4,0,tarde
1,-1,0,tarde
1,10,0,tarde
1,-9,0,tarde
1,3,0,tarde
1,0,0,tarde
1,-6,0,noche
1,-6,0,noche
1,-7,0,noche
1,-9,0,noche
1,-4,0,noche
1,4,0,noche
1,-2,0,noche
1,32,1,noche
1,-8,0,noche
1,3,0,noche
1,-9,0,noche
1,-11,0,noche
1,-6,0,noche
1,-13,0,noche
1,-10,0,noche
1,-12,0,noche
1,2,0,noche
1,-14,0,noche
1,-10,0,noche
1,-8,0,noche
1,-4,0,noche
1,-14,0,noche
1,-4,0,noche
1,-6,0,noche
1,-2,0,noche
1,-8,0,noche
1,-10,0,noche
1,0,0,noche
1,8,0,mañana
1,-7,0,mañana
1,4,0,mañana
1,15,0,mañana
1,-3,0,mañana
1,6,0,mañana
1,57,1,mañana
1,8,0,mañana
1,26,1,mañana
1,-1,0,mañana
1,-5,0,mañana
1,-2,0,mañana
1,4,0,mañana
1,-8,0,mañana
1,9,0,mañana
1,2,0,mañana
1,2,0,mañana
1,4,0,mañana
1,-10,0,mañana
1,-1,0,mañana
1,6,0,mañana
1,1,0,mañana
1,0,0,mañana
1,-7,0,mañana
1,7,0,mañana
1,-2,0,noche
1,3,0,noche
1,-3,0,noche
1,-1,0,noche
1,4,0,noche
1,4,0,noche
1,1,0,noche
1,-4,0,noche
1,16,1,noche
1,4,0,noche
1,4,0,noche
1,0,0,noche
1,16,1,noche
1,4,0,noche
1,-4,0,noche
1,0,0,noche
1,0,0,noche
1,9,0,noche
1,6,0,noche
1,-7,0,noche
1,-7,0,noche
1,-7,0,noche
1,-1,0,noche
1,-2,0,noche
1,8,0,noche
1,-12,0,noche
1,-6,0,noche
1,0,0,noche
1,1,0,noche
1,-4,0,noche
1,6,0,noche
1,-3,0,noche
1,-8,0,noche
1,-5,0,noche
1,-3,0,noche
1,-3,0,noche
1,7,0,noche
1,58,1,noche
1,24,1,noche
1,6,0,noche
1,13,0,noche
1,-3,0,noche
1,-1,0,noche
1,0,0,noche
1,-8,0,noche
1,2,0,noche
1,-5,0,noche
1,2,0,noche
1,-3,0,noche
1,-8,0,noche
1,-8,0,noche
1,0,0,noche
1,0,0,noche
1,-14,0,noche
1,-5,0,noche
1,-10,0,noche
1,1,0,noche
1,-2,0,noche
1,8,0,noche
1,5,0,noche
1,15,0,mañana
1,-4,0,noche
1,-6,0,noche
1,-2,0,noche
1,-3,0,noche
1,-1,0,noche
1,40,1,mañana
1,-6,0,noche
1,-5,0,noche
1,-4,0,noche
1,-9,0,noche
1,16,1,noche
1,3,0,noche
1,-4,0,noche
1,-8,0,noche
1,1,0,noche
1,0,0,noche
1,18,1,noche
1,-1,0,noche
1,-1,0,noche
1,-2,0,noche
1,-4,0,noche
1,2,0,noche
1,50,1,noche
1,-4,0,noche
1,14,0,noche
1,-4,0,noche
1,0,0,noche
1,1,0,noche
1,72,1,noche
1,20,1,noche
1,5,0,noche
1,13,0,mañana
1,-10,0,mañana
1,-6,0,mañana
1,3,0,mañana
1,-9,0,mañana
1,18,1,mañana
1,-9,0,mañana
1,-10,0,mañana
1,-13,0,mañana
1,-7,0,mañana
1,-5,0,mañana
1,-3,0,mañana
1,-13,0,mañana
1,30,1,mañana
1,-10,0,mañana
1,0,0,mañana
1,4,0,mañana
1,-8,0,mañana
1,-8,0,mañana
1,-6,0,mañana
1,-9,0,mañana
1,-8,0,mañana
1,-14,0,mañana
1,-7,0,mañana
1,-11,0,mañana
1,6,0,tarde
1,40,1,tarde
1,29,1,tarde
1,15,0,tarde
1,51,1,tarde
1,34,1,tarde
1,28,1,tarde
1,32,1,tarde
1,41,1,tarde
1,138,1,tarde
1,38,1,tarde
1,27,1,tarde
1,33,1,tarde
1,57,1,tarde
1,7,0,tarde
1,10,0,tarde
1,37,1,tarde
1,38,1,tarde
1,34,1,tarde
1,25,1,tarde
1,15,0,tarde
1,8,0,tarde
1,4,0,tarde
1,-1,0,tarde
1,42,1,tarde
1,7,0,tarde
1,13,0,tarde
1,8,0,tarde
1,-5,0,tarde
1,47,1,tarde
1,33,1,tarde
1,-9,0,noche
1,13,0,noche
1,47,1,noche
1,17,1,noche
1,-10,0,noche
1,54,1,noche
1,2,0,noche
1,-3,0,noche
1,-3,0,noche
1,9,0,noche
1,14,0,noche
1,6,0,noche
1,1,0,noche
1,-2,0,noche
1,0,0,noche
1,-8,0,noche
1,-8,0,noche
1,-8,0,noche
1,-6,0,noche
1,1,0,noche
1,-4,0,noche
1,-2,0,tarde
1,9,0,tarde
1,-2,0,tarde
1,4,0,tarde
1,15,0,tarde
1,1,0,tarde
1,2,0,tarde
1,7,0,tarde
1,-11,0,tarde
1,15,0,tarde
1,0,0,tarde
1,2,0,tarde
1,4,0,tarde
1,3,0,tarde
1,19,1,tarde
1,39,1,tarde
1,3,0,tarde
1,12,0,tarde
1,17,1,tarde
1,65,1,tarde
1,4,0,tarde
1,6,0,tarde
1,9,0,tarde
1,6,0,tarde
1,27,1,tarde
1,2,0,tarde
1,3,0,tarde
1,-7,0,tarde
1,-3,0,tarde
1,4,0,tarde
1,15,0,tarde
1,-1,0,tarde
1,-13,0,tarde
1,-4,0,tarde
1,1,0,tarde
1,-2,0,tarde
1,-6,0,tarde
1,23,1,tarde
1,-4,0,tarde
1,2,0,tarde
1,15,0,tarde
1,2,0,tarde
1,29,1,tarde
1,3,0,tarde
1,0,0,tarde
1,1,0,tarde
1,11,0,tarde
1,-4,0,tarde
1,-8,0,tarde
1,3,0,tarde
1,23,1,tarde
1,25,1,tarde
1,21,1,tarde
1,-3,0,mañana
1,5,0,mañana
1,0,0,mañana
1,24,1,mañana
1,8,0,mañana
1,1,0,mañana
1,15,0,mañana
1,6,0,mañana
1,12,0,mañana
1,11,0,mañana
1,6,0,mañana
1,1,0,mañana
1,11,0,mañana
1,13,0,mañana
1,23,1,mañana
1,5,0,mañana
1,15,0,mañana
1,14,0,mañana
1,11,0,mañana
1,-2,0,mañana
1,10,0,mañana
1,12,0,mañana
1,6,0,mañana
1,14,0,mañana
1,64,1,mañana
1,2,0,mañana
1,9,0,mañana
1,10,0,mañana
1,29,1,mañana
1,8,0,mañana
1,10,0,mañana
1,81,1,tarde
1,37,1,tarde
1,88,1,tarde
1,96,1,tarde
1,32,1,tarde
1,56,1,tarde
1,39,1,tarde
1,32,1,tarde
1,34,1,tarde
1,41,1,tarde
1,9,0,tarde
1,126,1,tarde
1,22,1,tarde
1,18,1,tarde
1,26,1,tarde
1,16,1,tarde
1,37,1,tarde
1,61,1,tarde
1,69,1,tarde
1,31,1,tarde
1,4,0,noche
1,0,0,noche
1,-5,0,noche
1,-3,0,noche
1,-2,0,noche
1,-2,0,noche
1,-5,0,noche
1,7,0,noche
1,3,0,noche
1,13,0,noche
1,0,0,noche
1,3,0,noche
1,0,0,noche
1,4,0,noche
1,-1,0,noche
1,-6,0,noche
1,11,0,noche
1,-4,0,noche
1,-7,0,noche
1,8,0,noche
1,-6,0,noche
1,3,0,noche
1,2,0,noche
1,-6,0,noche
1,-4,0,noche
1,-3,0,noche
1,-14,0,noche
1,-4,0,noche
1,-12,0,noche
1,-11,0,noche
1,15,0,tarde
1,5,0,tarde
1,9,0,tarde
1,8,0,tarde
1,33,1,tarde
1,16,1,tarde
1,25,1,tarde
1,7,0,tarde
1,7,0,tarde
1,6,0,tarde
1,6,0,tarde
1,50,1,mañana
1,7,0,tarde
1,5,0,tarde
1,7,0,tarde
1,8,0,tarde
1,-4,0,tarde
1,1,0,tarde
1,15,0,tarde
1,7,0,tarde
1,68,1,tarde
1,14,0,tarde
1,4,0,tarde
1,14,0,tarde
1,11,0,tarde
1,15,0,tarde
1,2,0,tarde
1,10,0,tarde
1,4,0,tarde
1,-1,0,tarde
1,17,1,tarde
1,2,0,tarde
1,0,0,tarde
1,7,0,tarde
1,-1,0,tarde
1,13,0,tarde
1,-3,0,tarde
1,-2,0,tarde
1,-2,0,tarde
1,8,0,tarde
1,8,0,tarde
1,10,0,noche
1,-3,0,noche
1,11,0,noche
1,0,0,noche
1,9,0,noche
1,1,0,noche
1,-3,0,noche
1,7,0,noche
1,12,0,noche
1,14,0,noche
1,9,0,noche
1,-2,0,noche
1,-3,0,noche
1,3,0,noche
1,1,0,noche
1,2,0,noche
1,6,0,tarde
1,13,0,tarde
1,15,0,tarde
1,-3,0,tarde
1,88,1,tarde
1,0,0,tarde
1,13,0,tarde
1,13,0,tarde
1,5,0,tarde
1,7,0,tarde
1,2,0,tarde
1,14,0,tarde
1,7,0,tarde
1,12,0,tarde
1,1,0,tarde
1,57,1,tarde
1,26,1,tarde
1,34,1,tarde
1,7,0,tarde
1,4,0,tarde
1,3,0,tarde
1,10,0,tarde
1,10,0,tarde
1,0,0,tarde
1,22,1,tarde
1,5,0,tarde
1,7,0,tarde
1,5,0,tarde
1,10,0,tarde
1,-4,0,tarde
1,1,0,tarde
1,-3,0,noche
1,-2,0,noche
1,10,0,noche
1,6,0,noche
1,19,1,noche
1,2,0,noche
1,9,0,noche
1,2,0,noche
1,12,0,noche
1,3,0,noche
1,-1,0,noche
1,-2,0,noche
1,2,0,noche
1,-2,0,noche
1,7,0,noche
1,8,0,noche
1,3,0,noche
1,0,0,noche
1,0,0,noche
1,-8,0,noche
1,-1,0,noche
1,19,1,noche
1,4,0,noche
1,10,0,noche
1,-4,0,noche
1,15,0,noche
1,0,0,noche
1,0,0,noche
1,6,0,noche
1,14,0,noche
1,-3,0,noche
1,-3,0,noche
1,10,0,noche
1,2,0,noche
1,9,0,noche
1,-9,0,noche
1,-5,0,noche
1,13,0,noche
1,17,1,noche
1,29,1,noche
1,-5,0,noche
1,10,0,noche
1,14,0,noche
1,2,0,tarde
1,16,1,tarde
1,2,0,tarde
1,7,0,tarde
1,10,0,tarde
1,10,0,tarde
1,13,0,tarde
1,0,0,tarde
1,13,0,tarde
1,5,0,tarde
1,5,0,tarde
1,9,0,tarde
1,10,0,tarde
1,6,0,tarde
1,17,1,noche
1,15,0,tarde
1,27,1,tarde
1,9,0,tarde
1,21,1,tarde
1,15,0,tarde
1,7,0,tarde
1,9,0,tarde
1,-2,0,tarde
1,18,1,tarde
1,18,1,tarde
1,1,0,tarde
1,2,0,tarde
1,3,0,tarde
1,-1,0,tarde
1,13,0,tarde
1,-1,0,tarde
1,-5,0,tarde
1,60,1,noche
1,17,1,noche
1,12,0,noche
1,19,1,noche
1,44,1,noche
1,15,0,noche
1,15,0,noche
1,8,0,noche
1,1,0,noche
1,46,1,mañana
1,17,1,mañana
1,14,0,mañana
1,10,0,mañana
1,25,1,mañana
1,23,1,mañana
1,0,0,mañana
1,12,0,mañana
1,18,1,mañana
1,18,1,tarde
1,5,0,mañana
1,-2,0,mañana
1,38,1,mañana
1,4,0,mañana
1,5,0,mañana
1,35,1,mañana
1,14,0,tarde
1,3,0,tarde
1,3,0,tarde
1,11,0,tarde
1,15,0,tarde
1,8,0,tarde
1,13,0,tarde
1,15,0,tarde
1,10,0,tarde
1,3,0,tarde
1,1,0,tarde
1,-4,0,tarde
1,14,0,tarde
1,14,0,tarde
1,9,0,tarde
1,5,0,tarde
1,6,0,tarde
1,16,1,tarde
1,4,0,tarde
1,16,1,tarde
1,13,0,tarde
1,32,1,tarde
1,-3,0,tarde
1,0,0,tarde
1,3,0,tarde
1,25,1,tarde
1,28,1,tarde
1,1,0,tarde
1,1,0,tarde
1,17,1,tarde
1,10,0,tarde
1,16,1,noche
1,6,0,noche
1,7,0,noche
1,6,0,noche
1,12,0,noche
1,15,0,noche
1,94,1,noche
1,19,1,noche
1,25,1,noche
1,23,1,noche
1,17,1,noche
1,8,0,noche
1,10,0,noche
1,26,1,noche
1,17,1,noche
1,16,1,noche
1,28,1,noche
1,12,0,noche
1,25,1,noche
1,2,0,noche
1,-4,0,noche
1,13,0,noche
1,16,1,noche
1,8,0,noche
1,8,0,noche
1,9,0,noche
1,7,0,noche
1,12,0,noche
1,8,0,noche
1,12,0,noche
1,12,0,noche
1,35,1,mañana
1,11,0,mañana
1,133,1,mañana
1,37,1,mañana
1,13,0,mañana
1,13,0,mañana
1,27,1,mañana
1,159,1,mañana
1,1,0,mañana
1,15,0,mañana
1,2,0,mañana
1,4,0,mañana
1,20,1,mañana
1,14,0,mañana
1,22,1,mañana
1,2,0,mañana
1,12,0,mañana
1,3,0,mañana
1,21,1,mañana
1,16,1,mañana
1,10,0,mañana
1,8,0,mañana
1,19,1,mañana
1,6,0,mañana
1,6,0,mañana
1,13,0,mañana
1,9,0,mañana
1,18,1,mañana
1,6,0,mañana
1,25,1,mañana
1,-2,0,tarde
1,43,1,noche
1,3,0,tarde
1,12,0,tarde
1,6,0,tarde
1,16,1,tarde
1,-1,0,tarde
1,13,0,tarde
1,2,0,tarde
1,8,0,tarde
1,11,0,tarde
1,26,1,tarde
1,0,0,tarde
1,4,0,tarde
1,4,0,tarde
1,18,1,tarde
1,5,0,tarde
1,1,0,tarde
1,-1,0,tarde
1,-2,0,tarde
1,18,1,tarde
1,18,1,tarde
1,7,0,tarde
1,7,0,tarde
1,1,0,tarde
1,37,1,tarde
1,75,1,noche
1,-3,0,noche
1,9,0,noche
1,18,1,noche
1,12,0,noche
1,15,0,noche
1,5,0,noche
1,14,0,noche
1,20,1,noche
1,-7,0,noche
1,-2,0,noche
1,-6,0,noche
1,-2,0,noche
1,10,0,tarde
1,0,0,tarde
1,5,0,mañana
1,-6,0,tarde
1,9,0,noche
1,5,0,mañana
1,25,1,noche
1,-5,0,mañana
1,1,0,mañana
1,0,0,mañana
1,-2,0,mañana
1,-3,0,mañana
1,1,0,mañana
1,1,0,mañana
1,-4,0,mañana
1,-4,0,mañana
1,-4,0,mañana
1,2,0,mañana
1,-3,0,mañana
1,2,0,mañana
1,25,1,mañana
1,-1,0,mañana
1,3,0,mañana
1,-4,0,mañana
1,4,0,mañana
1,-3,0,mañana
1,-1,0,mañana
1,4,0,mañana
1,14,0,mañana
1,-3,0,mañana
1,-2,0,mañana
1,-2,0,mañana
1,0,0,mañana
1,-2,0,mañana
1,4,0,mañana
1,12,0,mañana
1,0,0,mañana
1,-2,0,mañana
1,-3,0,tarde
1,-1,0,tarde
1,35,1,tarde
1,-2,0,tarde
1,0,0,tarde
1,4,0,tarde
1,7,0,tarde
1,53,1,tarde
1,1,0,tarde
1,-3,0,tarde
1,-3,0,tarde
1,-1,0,tarde
1,-3,0,tarde
1,-2,0,tarde
1,-1,0,tarde
1,11,0,tarde
1,10,0,tarde
1,5,0,mañana
1,-7,0,mañana
1,-2,0,mañana
1,8,0,mañana
1,2,0,mañana
1,-2,0,mañana
1,-2,0,mañana
1,-7,0,mañana
1,-1,0,mañana
1,0,0,mañana
1,-1,0,mañana
1,11,0,mañana
1,10,0,mañana
1,20,1,mañana
1,10,0,mañana
1,-2,0,mañana
1,3,0,mañana
1,2,0,mañana
1,1,0,mañana
1,-1,0,mañana
1,3,0,mañana
1,1,0,mañana
1,-4,0,mañana
1,-1,0,mañana
1,6,0,mañana
1,-1,0,mañana
1,-3,0,mañana
1,14,0,mañana
1,1,0,mañana
1,-2,0,mañana
1,11,0,mañana
1,-1,0,tarde
1,8,0,mañana
1,-4,0,mañana
1,-4,0,tarde
1,-4,0,mañana
1,24,1,mañana
1,-4,0,tarde
1,1,0,mañana
1,-3,0,mañana
1,5,0,tarde
1,-3,0,mañana
1,-1,0,mañana
1,-5,0,tarde
1,-1,0,mañana
1,12,0,mañana
1,-2,0,mañana
1,12,0,mañana
1,6,0,mañana
1,-3,0,mañana
1,-1,0,mañana
1,1,0,mañana
1,-6,0,mañana
1,-1,0,mañana
1,0,0,mañana
1,0,0,mañana
1,12,0,mañana
1,7,0,mañana
1,7,0,mañana
1,-1,0,mañana
1,3,0,mañana
1,5,0,mañana
1,-3,0,mañana
1,0,0,mañana
1,6,0,mañana
1,4,0,mañana
1,-5,0,mañana
1,-3,0,mañana
1,8,0,mañana
1,0,0,mañana
1,3,0,mañana
1,21,1,mañana
1,12,0,mañana
1,1,0,mañana
1,0,0,mañana
1,-4,0,tarde
1,12,0,tarde
1,-4,0,tarde
1,-2,0,tarde
1,-1,0,tarde
1,0,0,tarde
1,-2,0,tarde
1,-6,0,tarde
1,-3,0,tarde
1,2,0,tarde
1,-1,0,tarde
1,3,0,tarde
1,7,0,tarde
1,-7,0,tarde
1,-7,0,tarde
1,9,0,tarde
1,4,0,tarde
1,-5,0,tarde
1,-1,0,tarde
1,1,0,tarde
1,2,0,tarde
1,1,0,tarde
1,10,0,tarde
1,0,0,tarde
1,6,0,tarde
1,0,0,tarde
1,-3,0,tarde
1,-1,0,tarde
1,0,0,tarde
1,-2,0,tarde
1,2,0,tarde
1,0,0,tarde
1,-8,0,tarde
1,-1,0,tarde
1,-4,0,tarde
1,-2,0,tarde
1,-4,0,tarde
1,30,1,tarde
1,15,0,tarde
1,-6,0,noche
1,-3,0,noche
1,-2,0,noche
1,4,0,noche
1,0,0,noche
1,3,0,noche
1,-1,0,noche
1,-2,0,noche
1,-3,0,noche
1,-3,0,noche
1,0,0,noche
1,-7,0,noche
1,-2,0,noche
1,5,0,noche
1,26,1,noche
1,22,1,noche
1,-2,0,noche
1,-6,0,noche
1,2,0,noche
1,3,0,noche
1,1,0,noche
1,3,0,noche
1,0,0,noche
1,4,0,noche
1,11,0,noche
1,9,0,noche
1,-2,0,noche
1,0,0,mañana
1,-8,0,mañana
1,-3,0,mañana
1,0,0,mañana
1,-4,0,mañana
1,2,0,mañana
1,1,0,mañana
1,-3,0,mañana
1,-9,0,mañana
1,3,0,mañana
1,-1,0,mañana
1,7,0,mañana
1,-3,0,mañana
1,-2,0,mañana
1,-5,0,mañana
1,-3,0,mañana
1,-4,0,mañana
1,-2,0,mañana
1,-2,0,mañana
1,-1,0,mañana
1,1,0,mañana
1,-2,0,mañana
1,-7,0,tarde
1,-4,0,tarde
1,1,0,tarde
1,10,0,tarde
1,4,0,tarde
1,-3,0,tarde
1,-4,0,tarde
1,4,0,tarde
1,-2,0,tarde
1,5,0,tarde
1,9,0,tarde
1,5,0,tarde
1,-2,0,tarde
1,5,0,tarde
1,-4,0,tarde
1,-4,0,tarde
1,-3,0,tarde
1,-9,0,tarde
1,0,0,tarde
1,0,0,tarde
1,-6,0,tarde
1,0,0,tarde
1,-2,0,tarde
1,-1,0,tarde
1,1,0,tarde
1,96,1,tarde
1,0,0,tarde
1,24,1,tarde
1,1,0,tarde
1,13,0,tarde
1,10,0,tarde
1,-4,0,mañana
1,-5,0,mañana
1,-1,0,mañana
1,-3,0,mañana
1,-3,0,mañana
1,-4,0,mañana
1,0,0,mañana
1,32,1,mañana
1,2,0,mañana
1,-3,0,mañana
1,-2,0,mañana
1,-1,0,mañana
1,16,1,mañana
1,21,1,mañana
1,14,0,mañana
1,115,1,mañana
1,7,0,mañana
1,2,0,mañana
1,-2,0,mañana
1,-3,0,mañana
1,-2,0,mañana
1,1,0,mañana
1,-2,0,mañana
1,-5,0,mañana
1,-4,0,mañana
1,-3,0,mañana
1,-2,0,mañana
1,2,0,mañana
1,4,0,mañana
1,-2,0,mañana
1,14,0,tarde
1,-3,0,tarde
1,-1,0,tarde
1,1,0,tarde
1,3,0,tarde
1,0,0,mañana
1,0,0,tarde
1,-4,0,tarde
1,5,0,tarde
1,-2,0,tarde
1,-5,0,tarde
1,-1,0,tarde
1,-2,0,mañana
1,1,0,tarde
1,6,0,tarde
1,-2,0,tarde
1,5,0,tarde
1,-1,0,tarde
1,-1,0,tarde
1,4,0,mañana
1,-5,0,tarde
1,4,0,tarde
1,-2,0,tarde
1,13,0,tarde
1,1,0,tarde
1,0,0,tarde
1,0,0,mañana
1,-4,0,tarde
1,32,1,tarde
1,-3,0,tarde
1,10,0,tarde
1,-8,0,tarde
1,0,0,tarde
1,45,1,tarde
1,-3,0,tarde
1,-2,0,tarde
1,-2,0,tarde
1,-4,0,tarde
1,-1,0,tarde
1,1,0,tarde
1,-3,0,tarde
1,-1,0,tarde
1,0,0,tarde
1,2,0,tarde
1,-8,0,tarde
1,3,0,tarde
1,-3,0,tarde
1,-3,0,tarde
1,-10,0,tarde
1,-2,0,tarde
1,-5,0,tarde
1,3,0,tarde
1,-4,0,tarde
1,-1,0,tarde
1,3,0,tarde
1,-3,0,tarde
1,1,0,tarde
1,0,0,tarde
1,2,0,tarde
1,-1,0,tarde
1,2,0,tarde
1,4,0,tarde
1,-6,0,mañana
1,5,0,mañana
1,0,0,mañana
1,-2,0,mañana
1,0,0,mañana
1,-2,0,mañana
1,20,1,mañana
1,0,0,mañana
1,1,0,mañana
1,-1,0,mañana
1,1,0,mañana
1,-1,0,mañana
1,5,0,mañana
1,-4,0,mañana
1,12,0,mañana
1,-3,0,mañana
1,-1,0,mañana
1,0,0,mañana
1,-1,0,mañana
1,-2,0,mañana
1,0,0,mañana
1,0,0,mañana
1,-4,0,mañana
1,-2,0,mañana
1,-1,0,mañana
1,0,0,mañana
1,3,0,mañana
1,3,0,mañana
1,0,0,mañana
1,-3,0,mañana
1,-6,0,tarde
1,0,0,noche
1,0,0,noche
1,-3,0,noche
1,8,0,noche
1,-4,0,noche
1,10,0,noche
1,23,1,noche
1,-1,0,noche
1,-3,0,noche
1,14,0,noche
1,14,0,noche
1,5,0,noche
1,3,0,noche
1,1,0,noche
1,0,0,noche
1,11,0,noche
1,20,1,noche
1,74,1,noche
1,26,1,noche
1,12,0,noche
1,13,0,noche
1,2,0,noche
1,0,0,noche
1,0,0,noche
1,13,0,noche
1,14,0,noche
1,-2,0,noche
1,1,0,noche
1,18,1,noche
1,4,0,noche
1,30,1,noche
1,-2,0,tarde
1,-3,0,mañana
1,-3,0,mañana
1,10,0,mañana
1,2,0,mañana
1,-1,0,mañana
1,-2,0,mañana
1,29,1,mañana
1,3,0,mañana
1,2,0,mañana
1,1,0,mañana
1,15,0,mañana
1,-2,0,mañana
1,18,1,mañana
1,6,0,mañana
1,0,0,mañana
1,11,0,mañana
1,-5,0,mañana
1,2,0,mañana
1,4,0,mañana
1,1,0,mañana
1,0,0,mañana
1,6,0,mañana
1,0,0,mañana
1,-6,0,mañana
1,-1,0,mañana
1,-3,0,mañana
1,1,0,mañana
1,1,0,mañana
1,6,0,mañana
1,10,0,mañana
1,0,0,mañana
1,-2,0,tarde
1,-3,0,tarde
1,-4,0,tarde
1,-3,0,tarde
1,-3,0,tarde
1,5,0,tarde
1,-2,0,tarde
1,2,0,tarde
1,7,0,tarde
1,9,0,tarde
1,16,1,tarde
1,-2,0,tarde
1,3,0,tarde
1,-1,0,tarde
1,1,0,tarde
1,-4,0,tarde
1,-2,0,tarde
1,-2,0,tarde
1,-4,0,tarde
1,10,0,tarde
1,5,0,tarde
1,2,0,tarde
1,-6,0,tarde
1,3,0,tarde
1,17,1,tarde
1,-4,0,tarde
1,-1,0,tarde
1,16,1,tarde
1,-5,0,tarde
1,-1,0,tarde
1,-2,0,noche
1,2,0,tarde
1,-1,0,tarde
1,0,0,tarde
1,-5,0,noche
1,2,0,tarde
1,3,0,tarde
1,-4,0,tarde
1,7,0,noche
1,-3,0,tarde
1,-1,0,tarde
1,1,0,tarde
1,0,0,noche
1,-1,0,tarde
1,-1,0,tarde
1,-1,0,tarde
1,-1,0,noche
1,-3,0,mañana
1,2,0,mañana
1,-2,0,mañana
1,1,0,mañana
1,-5,0,mañana
1,-6,0,mañana
1,3,0,mañana
1,-2,0,mañana
1,-4,0,mañana
1,-5,0,mañana
1,-3,0,mañana
1,-4,0,mañana
1,-2,0,mañana
1,-1,0,mañana
1,-1,0,mañana
1,6,0,mañana
1,-2,0,mañana
1,-2,0,mañana
1,18,1,mañana
1,4,0,mañana
1,8,0,mañana
1,-3,0,mañana
1,-4,0,mañana
1,-3,0,mañana
1,-4,0,mañana
1,4,0,mañana
1,104,1,mañana
1,6,0,mañana
1,4,0,mañana
1,-4,0,mañana
1,-4,0,noche
1,-2,0,tarde
1,-1,0,tarde
1,5,0,tarde
1,-4,0,tarde
1,-2,0,tarde
1,-5,0,tarde
1,-1,0,tarde
1,5,0,tarde
1,-3,0,tarde
1,5,0,tarde
1,28,1,tarde
1,8,0,tarde
1,30,1,tarde
1,0,0,tarde
1,7,0,tarde
1,2,0,tarde
1,-6,0,tarde
1,10,0,tarde
1,3,0,tarde
1,12,0,tarde
1,81,1,tarde
1,-1,0,tarde
1,2,0,tarde
1,21,1,tarde
1,-1,0,tarde
1,3,0,tarde
1,-3,0,mañana
1,-9,0,mañana
1,-1,0,mañana
1,-1,0,mañana
1,4,0,mañana
1,-5,0,mañana
1,-9,0,mañana
1,2,0,mañana
1,-7,0,mañana
1,4,0,mañana
1,-5,0,mañana
1,-1,0,mañana
1,0,0,mañana
1,-2,0,mañana
1,12,0,mañana
1,-3,0,mañana
1,-9,0,mañana
1,-2,0,mañana
1,-4,0,mañana
1,1,0,mañana
1,-3,0,mañana
1,1,0,mañana
1,-3,0,mañana
1,-6,0,mañana
1,-6,0,mañana
1,-1,0,mañana
1,0,0,mañana
1,3,0,mañana
1,1,0,mañana
1,35,1,mañana
1,-3,0,mañana
1,37,1,mañana
1,-1,0,mañana
1,-2,0,mañana
1,40,1,mañana
1,7,0,mañana
1,1,0,mañana
1,-2,0,tarde
1,-3,0,mañana
1,-2,0,mañana
1,1,0,mañana
1,0,0,mañana
1,13,0,mañana
1,1,0,mañana
1,0,0,tarde
1,0,0,mañana
1,-4,0,mañana
1,-6,0,mañana
1,-4,0,mañana
1,-1,0,mañana
1,-6,0,mañana
1,1,0,tarde
1,-3,0,mañana
1,0,0,mañana
1,3,0,mañana
1,-1,0,mañana
1,-2,0,mañana
1,4,0,mañana
1,-2,0,tarde
1,0,0,mañana
1,-2,0,mañana
1,-7,0,tarde
1,1,0,tarde
1,-2,0,tarde
1,0,0,tarde
1,-1,0,tarde
1,0,0,tarde
1,-3,0,tarde
1,0,0,tarde
1,-3,0,tarde
1,41,1,tarde
1,-2,0,tarde
1,-6,0,tarde
1,-1,0,tarde
1,-5,0,tarde
1,0,0,tarde
1,-3,0,tarde
1,1,0,tarde
1,-2,0,tarde
1,10,0,tarde
1,11,0,tarde
1,6,0,tarde
1,-4,0,tarde
1,4,0,tarde
1,4,0,tarde
1,-9,0,tarde
1,-1,0,tarde
1,19,1,tarde
1,8,0,tarde
1,-5,0,tarde
1,-2,0,tarde
1,9,0,tarde
1,8,0,tarde
1,11,0,tarde
1,43,1,tarde
1,18,1,tarde
1,-7,0,tarde
1,-3,0,tarde
1,36,1,tarde
1,-2,0,tarde
1,8,0,tarde
1,4,0,tarde
1,-2,0,tarde
1,-3,0,tarde
1,-3,0,tarde
1,2,0,tarde
1,3,0,tarde
1,9,0,tarde
1,12,0,tarde
1,-3,0,tarde
1,-5,0,tarde
1,-2,0,tarde
1,-2,0,tarde
1,-4,0,tarde
1,2,0,noche
1,-4,0,noche
1,16,1,noche
1,-1,0,noche
1,-5,0,noche
1,-5,0,noche
1,-2,0,noche
1,1,0,noche
1,3,0,mañana
1,-1,0,mañana
1,3,0,mañana
1,-1,0,mañana
1,-2,0,mañana
1,-3,0,mañana
1,1,0,mañana
1,-2,0,mañana
1,-4,0,mañana
1,-4,0,mañana
1,-5,0,mañana
1,4,0,mañana
1,0,0,mañana
1,31,1,mañana
1,-5,0,mañana
1,-1,0,mañana
1,-4,0,mañana
1,1,0,mañana
1,1,0,mañana
1,4,0,mañana
1,-3,0,mañana
1,-1,0,mañana
1,-5,0,mañana
1,4,0,mañana
1,10,0,mañana
1,4,0,mañana
1,2,0,mañana
1,0,0,mañana
1,-2,0,mañana
1,-3,0,mañana
1,-4,0,mañana
1,2,0,mañana
1,0,0,mañana
1,0,0,mañana
1,1,0,mañana
1,-2,0,mañana
1,-2,0,mañana
1,-5,0,mañana
1,0,0,mañana
1,-4,0,mañana
1,-1,0,mañana
1,23,1,mañana
1,-5,0,mañana
1,2,0,mañana
1,-1,0,mañana
1,-6,0,mañana
1,1,0,mañana
1,-3,0,mañana
1,1,0,mañana
1,-6,0,mañana
1,-1,0,mañana
1,-4,0,mañana
1,0,0,mañana
1,-1,0,mañana
1,3,0,mañana
1,0,0,mañana
1,-1,0,mañana
1,6,0,mañana
1,-2,0,tarde
1,-8,0,tarde
1,1,0,tarde
1,5,0,tarde
1,-3,0,tarde
1,73,1,tarde
1,-6,0,tarde
1,9,0,tarde
1,4,0,tarde
1,-3,0,tarde
1,-3,0,tarde
1,-3,0,tarde
1,13,0,tarde
1,-1,0,tarde
1,4,0,tarde
1,1,0,tarde
1,0,0,tarde
1,-5,0,tarde
1,-2,0,tarde
1,-5,0,tarde
1,-7,0,tarde
1,-4,0,tarde
1,-5,0,tarde
1,0,0,tarde
1,-7,0,tarde
1,-6,0,tarde
1,2,0,tarde
1,0,0,tarde
1,1,0,tarde
1,-3,0,tarde
1,-7,0,tarde
1,-7,0,tarde
1,-2,0,tarde
1,-2,0,noche
1,-3,0,tarde
1,-4,0,tarde
1,-3,0,tarde
1,12,0,tarde
1,5,0,tarde
1,0,0,tarde
1,0,0,tarde
1,-7,0,tarde
1,2,0,tarde
1,-1,0,tarde
1,2,0,tarde
1,3,0,tarde
1,-4,0,tarde
1,-2,0,tarde
1,-3,0,tarde
1,-4,0,tarde
1,3,0,tarde
1,1,0,tarde
1,-1,0,tarde
1,-4,0,tarde
1,-3,0,tarde
1,-2,0,tarde
1,-5,0,tarde
1,6,0,tarde
1,3,0,tarde
1,2,0,tarde
1,17,1,tarde
1,10,0,tarde
1,-3,0,tarde
1,-1,0,tarde
1,-2,0,tarde
1,-1,0,tarde
1,10,0,tarde
1,-2,0,tarde
1,-2,0,tarde
1,-4,0,tarde
1,-1,0,tarde
1,1,0,tarde
1,6,0,tarde
1,-1,0,tarde
1,2,0,tarde
1,16,1,tarde
1,20,1,tarde
1,-1,0,tarde
1,-3,0,tarde
1,-1,0,tarde
1,-3,0,tarde
1,0,0,tarde
1,9,0,tarde
1,-5,0,tarde
1,33,1,tarde
1,106,1,tarde
1,18,1,tarde
1,3,0,tarde
1,1,0,tarde
1,-2,0,tarde
1,-1,0,noche
1,0,0,noche
1,20,1,tarde
1,-4,0,noche
1,67,1,tarde
1,7,0,noche
1,-1,0,tarde
1,-5,0,mañana
1,-3,0,mañana
1,-2,0,mañana
1,-3,0,mañana
1,-9,0,mañana
1,-4,0,mañana
1,-3,0,mañana
1,-5,0,mañana
1,-8,0,mañana
1,-5,0,mañana
1,-1,0,mañana
1,-3,0,mañana
1,0,0,mañana
1,-5,0,mañana
1,22,1,mañana
1,-4,0,mañana
1,0,0,mañana
1,-2,0,mañana
1,2,0,mañana
1,-3,0,mañana
1,-4,0,mañana
1,5,0,mañana
1,-4,0,mañana
1,5,0,mañana
1,-2,0,mañana
1,-1,0,mañana
1,-3,0,mañana
1,8,0,mañana
1,12,0,mañana
1,1,0,mañana
1,-6,0,mañana
1,1,0,tarde
1,-4,0,mañana
1,1,0,mañana
1,-2,0,mañana
1,4,0,mañana
1,-7,0,mañana
1,-10,0,mañana
1,-6,0,mañana
1,0,0,mañana
1,4,0,mañana
1,6,0,mañana
1,16,1,mañana
1,0,0,mañana
1,-1,0,mañana
1,12,0,mañana
1,10,0,mañana
1,5,0,mañana
1,11,0,mañana
1,-1,0,mañana
1,8,0,mañana
1,-8,0,mañana
1,11,0,mañana
1,3,0,mañana
1,3,0,mañana
1,-1,0,mañana
1,5,0,mañana
1,0,0,mañana
1,9,0,mañana
1,-1,0,mañana
1,1,0,mañana
1,6,0,mañana
1,4,0,tarde
1,30,1,tarde
1,-2,0,tarde
1,32,1,tarde
1,3,0,tarde
1,-2,0,noche
1,5,0,tarde
1,15,0,tarde
1,67,1,tarde
1,2,0,tarde
1,5,0,tarde
1,2,0,tarde
1,14,0,tarde
1,1,0,tarde
1,16,1,tarde
1,-1,0,tarde
1,24,1,tarde
1,10,0,tarde
1,3,0,tarde
1,-1,0,tarde
1,3,0,tarde
1,5,0,tarde
1,2,0,tarde
1,-12,0,tarde
1,7,0,tarde
1,18,1,tarde
1,-2,0,tarde
1,0,0,tarde
1,10,0,tarde
1,4,0,noche
1,2,0,tarde
1,1,0,tarde
1,16,1,tarde
1,-10,0,noche
1,16,1,tarde
1,-1,0,tarde
1,2,0,tarde
1,0,0,noche
1,-1,0,tarde
1,3,0,tarde
1,3,0,tarde
1,-3,0,noche
1,13,0,tarde
1,28,1,tarde
1,0,0,noche
1,44,1,noche
1,-5,0,noche
1,-4,0,noche
1,4,0,noche
1,0,0,noche
1,10,0,noche
1,4,0,noche
1,-1,0,noche
1,1,0,noche
1,16,1,noche
1,-2,0,noche
1,-3,0,noche
1,4,0,noche
1,-7,0,noche
1,-5,0,noche
1,0,0,noche
1,-2,0,noche
1,-2,0,noche
1,5,0,noche
1,1,0,noche
1,8,0,noche
1,-2,0,noche
1,2,0,noche
1,32,1,noche
1,-3,0,noche
1,0,0,mañana
1,-2,0,mañana
1,-5,0,mañana
1,-2,0,mañana
1,5,0,mañana
1,-1,0,mañana
1,-2,0,mañana
1,-5,0,mañana
1,-8,0,mañana
1,-12,0,mañana
1,-4,0,mañana
1,29,1,mañana
1,0,0,mañana
1,-7,0,mañana
1,18,1,mañana
1,0,0,mañana
1,-1,0,mañana
1,-5,0,mañana
1,-1,0,mañana
1,-1,0,mañana
1,-3,0,mañana
1,-1,0,mañana
1,-2,0,mañana
1,-5,0,mañana
1,4,0,mañana
1,-1,0,mañana
1,1,0,mañana
1,-2,0,mañana
1,16,1,mañana
1,0,0,mañana
1,0,0,mañana
1,0,0,mañana
1,-12,0,tarde
1,2,0,tarde
1,9,0,tarde
1,22,1,tarde
1,20,1,tarde
1,-1,0,tarde
1,5,0,tarde
1,-2,0,tarde
1,-4,0,tarde
1,-3,0,tarde
1,4,0,tarde
1,-1,0,tarde
1,2,0,tarde
1,-2,0,tarde
1,-4,0,tarde
1,-4,0,tarde
1,-4,0,tarde
1,10,0,tarde
1,-4,0,tarde
1,10,0,tarde
1,7,0,tarde
1,4,0,tarde
1,-5,0,tarde
1,-4,0,tarde
1,27,1,tarde
1,7,0,tarde
1,3,0,tarde
1,7,0,tarde
1,81,1,tarde
1,1,0,tarde
1,-5,0,noche
1,-2,0,noche
1,6,0,noche
1,-1,0,noche
1,10,0,noche
1,11,0,noche
1,2,0,noche
1,4,0,noche
1,5,0,noche
1,2,0,noche
1,2,0,noche
1,3,0,noche
1,9,0,noche
1,-3,0,noche
1,5,0,noche
1,7,0,noche
1,7,0,noche
1,15,0,noche
1,-4,0,noche
1,2,0,noche
1,-2,0,noche
1,2,0,noche
1,7,0,noche
1,7,0,noche
1,9,0,noche
1,-2,0,noche
1,2,0,noche
1,7,0,noche
1,0,0,noche
1,13,0,noche
1,-2,0,noche
1,-2,0,noche
1,-5,0,noche
1,1,0,noche
1,-7,0,noche
1,-8,0,noche
1,-3,0,noche
1,-11,0,mañana
1,16,1,mañana
1,0,0,mañana
1,-1,0,mañana
1,1,0,mañana
1,3,0,mañana
1,1,0,mañana
1,-3,0,mañana
1,3,0,mañana
1,-1,0,mañana
1,-10,0,mañana
1,13,0,mañana
1,4,0,mañana
1,9,0,mañana
1,-2,0,mañana
1,10,0,mañana
1,3,0,mañana
1,4,0,mañana
1,25,1,mañana
1,-7,0,mañana
1,-4,0,mañana
1,-4,0,mañana
1,-3,0,mañana
1,13,0,mañana
1,1,0,mañana
1,3,0,mañana
1,-10,0,mañana
1,7,0,mañana
1,3,0,mañana
1,-4,0,mañana
1,-1,0,noche
1,-3,0,noche
1,-1,0,noche
1,-6,0,noche
1,-8,0,noche
1,20,1,noche
1,-4,0,noche
1,10,0,noche
1,2,0,noche
1,0,0,noche
1,-1,0,noche
1,19,1,noche
1,10,0,noche
1,35,1,noche
1,35,1,noche
1,5,0,noche
1,5,0,noche
1,4,0,noche
1,26,1,noche
1,-1,0,noche
1,6,0,noche
1,11,0,noche
1,12,0,noche
1,4,0,noche
1,4,0,noche
1,27,1,noche
1,-2,0,noche
1,49,1,noche
1,1,0,noche
1,0,0,noche
1,-1,0,tarde
1,7,0,tarde
1,29,1,tarde
1,4,0,tarde
1,-5,0,tarde
1,-1,0,tarde
1,12,0,tarde
1,0,0,tarde
1,-1,0,tarde
1,-6,0,tarde
1,-3,0,tarde
1,3,0,tarde
1,-3,0,tarde
1,10,0,tarde
1,14,0,tarde
1,1,0,tarde
1,6,0,tarde
1,11,0,tarde
1,95,1,tarde
1,18,1,tarde
1,-2,0,tarde
1,-1,0,tarde
1,-2,0,tarde
1,0,0,tarde
1,-2,0,tarde
1,-5,0,tarde
1,8,0,tarde
1,-3,0,tarde
1,6,0,tarde
1,4,0,tarde
1,14,0,tarde
1,3,0,tarde
1,5,0,tarde
1,-4,0,tarde
1,-8,0,tarde
1,19,1,tarde
1,31,1,tarde
1,6,0,tarde
1,16,1,tarde
1,-9,0,tarde
1,-2,0,tarde
1,22,1,tarde
1,3,0,tarde
1,0,0,tarde
1,-4,0,tarde
1,-9,0,tarde
1,5,0,tarde
1,24,1,tarde
1,-4,0,tarde
1,4,0,tarde
1,5,0,tarde
1,-3,0,tarde
1,14,0,tarde
1,-2,0,tarde
1,17,1,tarde
1,9,0,tarde
1,20,1,tarde
1,0,0,tarde
1,20,1,tarde
1,1,0,tarde
1,8,0,tarde
1,7,0,tarde
1,58,1,tarde
1,12,0,tarde
1,32,1,tarde
1,3,0,tarde
1,18,1,tarde
1,-1,0,tarde
1,22,1,tarde
1,2,0,tarde
1,5,0,tarde
1,16,1,tarde
1,7,0,tarde
1,7,0,tarde
1,-3,0,tarde
1,3,0,tarde
1,13,0,tarde
1,15,0,tarde
1,11,0,tarde
1,4,0,tarde
1,-8,0,mañana
1,-2,0,mañana
1,3,0,mañana
1,0,0,mañana
1,6,0,mañana
1,1,0,mañana
1,-3,0,mañana
1,-3,0,mañana
1,-2,0,mañana
1,-3,0,mañana
1,-6,0,mañana
1,-2,0,mañana
1,12,0,mañana
1,-1,0,mañana
1,14,0,mañana
1,-6,0,mañana
1,5,0,mañana
1,-5,0,mañana
1,-9,0,mañana
1,13,0,mañana
1,5,0,mañana
1,-3,0,mañana
1,-2,0,mañana
1,15,0,mañana
1,2,0,mañana
1,15,0,mañana
1,-3,0,mañana
1,1,0,mañana
1,-10,0,mañana
1,-2,0,mañana
1,3,0,tarde
1,8,0,tarde
1,6,0,tarde
1,13,0,tarde
1,4,0,tarde
1,-3,0,tarde
1,1,0,tarde
1,-3,0,tarde
1,-3,0,tarde
1,0,0,tarde
1,-3,0,tarde
1,38,1,tarde
1,2,0,tarde
1,-6,0,tarde
1,-2,0,tarde
1,-6,0,tarde
1,-5,0,tarde
1,0,0,tarde
1,-1,0,tarde
1,-6,0,tarde
1,-12,0,tarde
1,-3,0,tarde
1,-3,0,tarde
1,-1,0,tarde
1,3,0,tarde
1,2,0,tarde
1,-14,0,tarde
1,20,1,tarde
1,-3,0,tarde
1,-1,0,tarde
1,20,1,tarde
1,5,0,mañana
1,-5,0,mañana
1,5,0,mañana
1,28,1,mañana
1,5,0,mañana
1,8,0,mañana
1,-1,0,mañana
1,-6,0,mañana
1,10,0,mañana
1,-1,0,mañana
1,-7,0,mañana
1,0,0,mañana
1,2,0,mañana
1,13,0,mañana
1,4,0,mañana
1,-1,0,mañana
1,3,0,mañana
1,-2,0,mañana
1,-8,0,mañana
1,0,0,mañana
1,-2,0,mañana
1,-1,0,mañana
1,-7,0,mañana
1,1,0,mañana
1,-2,0,mañana
1,-1,0,mañana
1,4,0,mañana
1,5,0,mañana
1,10,0,mañana
1,-2,0,mañana
1,-9,0,mañana
1,4,0,noche
1,-3,0,noche
1,8,0,noche
1,6,0,noche
1,10,0,noche
1,0,0,noche
1,-5,0,noche
1,-2,0,noche
1,-8,0,noche
1,-5,0,noche
1,-10,0,noche
1,5,0,noche
1,89,1,noche
1,-1,0,noche
1,-2,0,noche
1,6,0,noche
1,13,0,noche
1,2,0,noche
1,9,0,noche
1,-3,0,noche
1,-6,0,noche
1,-9,0,noche
1,-8,0,noche
1,-9,0,noche
1,4,0,noche
1,-8,0,noche
1,3,0,noche
1,0,0,noche
1,14,0,noche
1,5,0,noche
1,-4,0,noche
1,-4,0,tarde
1,-4,0,tarde
1,-2,0,mañana
1,5,0,mañana
1,13,0,mañana
1,11,0,mañana
1,14,0,mañana
1,3,0,mañana
1,1,0,mañana
1,9,0,mañana
1,0,0,mañana
1,6,0,mañana
1,-2,0,mañana
1,4,0,mañana
1,-2,0,mañana
1,8,0,mañana
1,5,0,mañana
1,4,0,mañana
1,17,1,mañana
1,-2,0,mañana
1,-3,0,mañana
1,3,0,mañana
1,2,0,mañana
1,11,0,mañana
1,4,0,mañana
1,-2,0,mañana
1,-2,0,mañana
1,0,0,mañana
1,12,0,mañana
1,3,0,mañana
1,-2,0,mañana
1,0,0,mañana
1,-2,0,mañana
1,8,0,mañana
1,-2,0,mañana
1,1,0,mañana
1,10,0,mañana
1,70,1,mañana
1,4,0,mañana
1,4,0,mañana
1,1,0,mañana
1,7,0,tarde
1,9,0,tarde
1,2,0,tarde
1,3,0,tarde
1,20,1,tarde
1,4,0,tarde
1,3,0,tarde
1,-2,0,tarde
1,-4,0,tarde
1,0,0,tarde
1,-1,0,tarde
1,0,0,tarde
1,3,0,tarde
1,3,0,tarde
1,1,0,mañana
1,2,0,mañana
1,4,0,tarde
1,1,0,mañana
1,4,0,mañana
1,0,0,mañana
1,24,1,tarde
1,0,0,mañana
1,5,0,mañana
1,5,0,mañana
1,3,0,tarde
1,14,0,mañana
1,34,1,mañana
1,54,1,mañana
1,3,0,tarde
1,-7,0,tarde
1,6,0,tarde
1,-3,0,mañana
1,3,0,tarde
1,2,0,tarde
1,10,0,mañana
1,12,0,noche
1,-1,0,mañana
1,24,1,noche
1,23,1,noche
1,4,0,noche
1,-1,0,noche
1,1,0,noche
1,4,0,tarde
1,-7,0,mañana
1,-1,0,mañana
1,4,0,mañana
1,10,0,noche
1,-5,0,mañana
1,17,1,mañana
1,-3,0,mañana
1,6,0,mañana
1,-1,0,mañana
1,1,0,mañana
1,6,0,mañana
1,6,0,mañana
1,-2,0,mañana
1,5,0,mañana
1,9,0,mañana
1,-1,0,mañana
1,13,0,mañana
1,-1,0,mañana
1,0,0,mañana
1,11,0,mañana
1,7,0,mañana
1,-2,0,mañana
1,9,0,mañana
1,0,0,mañana
1,4,0,mañana
1,14,0,mañana
1,8,0,mañana
1,0,0,mañana
1,11,0,tarde
1,7,0,tarde
1,-2,0,mañana
1,-1,0,mañana
1,7,0,tarde
1,2,0,tarde
1,7,0,mañana
1,19,1,mañana
1,-1,0,tarde
1,0,0,tarde
1,9,0,mañana
1,2,0,mañana
1,-2,0,tarde
1,4,0,mañana
1,23,1,mañana
1,6,0,tarde
1,-3,0,noche
1,7,0,noche
1,-1,0,noche
1,27,1,noche
1,7,0,noche
1,9,0,noche
1,-3,0,noche
1,7,0,noche
1,8,0,noche
1,14,0,noche
1,6,0,noche
1,3,0,noche
1,-2,0,noche
1,6,0,noche
1,8,0,noche
1,-1,0,noche
1,33,1,noche
1,17,1,noche
1,14,0,noche
1,2,0,noche
1,4,0,noche
1,11,0,noche
1,19,1,noche
1,3,0,tarde
1,3,0,noche
1,5,0,noche
1,2,0,noche
1,3,0,noche
1,4,0,noche
1,23,1,noche
1,2,0,noche
1,1,0,noche
1,7,0,noche
1,1,0,noche
1,-2,0,noche
1,-3,0,noche
1,-1,0,noche
1,5,0,noche
1,11,0,noche
1,5,0,noche
1,2,0,noche
1,1,0,noche
1,3,0,noche
1,12,0,noche
1,-6,0,noche
1,3,0,noche
1,1,0,noche
1,3,0,noche
1,12,0,noche
1,-2,0,noche
1,9,0,noche
1,0,0,noche
1,-2,0,mañana
1,0,0,mañana
1,8,0,mañana
1,6,0,mañana
1,1,0,mañana
1,1,0,mañana
1,6,0,mañana
1,7,0,mañana
1,6,0,mañana
1,-4,0,mañana
1,7,0,mañana
1,10,0,mañana
1,-1,0,mañana
1,1,0,mañana
1,1,0,mañana
1,-1,0,mañana
1,-2,0,mañana
1,2,0,mañana
1,23,1,mañana
1,7,0,mañana
1,-5,0,mañana
1,2,0,mañana
1,2,0,mañana
1,2,0,mañana
1,18,1,mañana
1,4,0,mañana
1,-3,0,mañana
1,-2,0,mañana
1,4,0,mañana
1,0,0,mañana
1,4,0,mañana
1,3,0,tarde
1,0,0,tarde
1,-1,0,tarde
1,5,0,tarde
1,7,0,tarde
1,16,1,tarde
1,-5,0,tarde
1,3,0,tarde
1,0,0,tarde
1,2,0,tarde
1,5,0,tarde
1,2,0,tarde
1,-3,0,tarde
1,-2,0,mañana
1,1,0,mañana
1,17,1,mañana
1,6,0,mañana
1,7,0,mañana
1,3,0,mañana
1,-3,0,mañana
1,-2,0,mañana
1,-2,0,mañana
1,-4,0,mañana
1,-1,0,mañana
1,-2,0,mañana
1,0,0,mañana
1,1,0,mañana
1,-2,0,mañana
1,-2,0,mañana
1,-2,0,mañana
1,10,0,mañana
1,12,0,mañana
1,12,0,mañana
1,-1,0,mañana
1,9,0,mañana
1,2,0,mañana
1,8,0,tarde
1,1,0,tarde
1,2,0,mañana
1,7,0,mañana
1,3,0,mañana
1,-2,0,tarde
1,3,0,tarde
1,6,0,tarde
1,28,1,mañana
1,-3,0,mañana
1,13,0,mañana
1,2,0,tarde
1,-1,0,tarde
1,5,0,tarde
1,-4,0,mañana
1,-4,0,mañana
1,-1,0,mañana
1,12,0,tarde
1,1,0,tarde
1,9,0,tarde
1,-7,0,mañana
1,7,0,mañana
1,2,0,mañana
1,36,1,tarde
1,4,0,tarde
1,0,0,tarde
1,5,0,tarde
1,1,0,mañana
1,-1,0,mañana
1,7,0,mañana
1,1,0,mañana
1,1,0,mañana
1,5,0,mañana
1,13,0,mañana
1,0,0,mañana
1,15,0,mañana
1,-1,0,mañana
1,-2,0,mañana
1,3,0,mañana
1,6,0,mañana
1,10,0,mañana
1,-7,0,mañana
1,9,0,mañana
1,7,0,mañana
1,1,0,mañana
1,-1,0,mañana
1,1,0,mañana
1,0,0,mañana
1,-1,0,mañana
1,5,0,mañana
1,4,0,mañana
1,-1,0,mañana
1,25,1,mañana
1,7,0,mañana
1,1,0,mañana
1,1,0,mañana
1,0,0,mañana
1,-5,0,noche
1,-2,0,mañana
1,-7,0,noche
1,1,0,mañana
1,-1,0,noche
1,-4,0,noche
1,-2,0,mañana
1,17,1,noche
1,-6,0,noche
1,6,0,mañana
1,14,0,noche
1,-2,0,noche
1,-4,0,mañana
1,3,0,tarde
1,2,0,mañana
1,7,0,mañana
1,3,0,mañana
1,2,0,mañana
1,3,0,mañana
1,0,0,mañana
1,-3,0,mañana
1,1,0,mañana
1,1,0,mañana
1,-2,0,mañana
1,7,0,mañana
1,-1,0,mañana
1,1,0,mañana
1,1,0,tarde
1,7,0,tarde
1,-3,0,tarde
1,10,0,tarde
1,6,0,mañana
1,11,0,tarde
1,-2,0,tarde
1,-3,0,tarde
1,-1,0,tarde
1,6,0,tarde
1,13,0,tarde
1,-3,0,tarde
1,-3,0,tarde
1,8,0,tarde
1,28,1,tarde
1,6,0,tarde
1,0,0,tarde
1,-2,0,tarde
1,2,0,tarde
1,7,0,tarde
1,1,0,tarde
1,-2,0,noche
1,4,0,tarde
1,29,1,tarde
1,0,0,tarde
1,13,0,tarde
1,1,0,tarde
1,20,1,noche
1,-1,0,tarde
1,-1,0,tarde
1,2,0,tarde
1,3,0,tarde
1,-3,0,tarde
1,19,1,noche
1,3,0,tarde
1,2,0,tarde
1,32,1,tarde
1,-2,0,tarde
1,3,0,tarde
1,8,0,tarde
1,7,0,noche
1,0,0,tarde
1,10,0,tarde
1,-3,0,tarde
1,9,0,tarde
1,5,0,tarde
1,-1,0,tarde
1,10,0,noche
1,4,0,tarde
1,3,0,tarde
1,5,0,tarde
1,5,0,tarde
1,9,0,tarde
1,-2,0,tarde
1,53,1,tarde
1,-1,0,tarde
1,29,1,tarde
1,22,1,tarde
1,0,0,tarde
1,-3,0,tarde
1,15,0,tarde
1,11,0,tarde
1,6,0,tarde
1,19,1,tarde
1,18,1,tarde
1,3,0,tarde
1,4,0,tarde
1,5,0,tarde
1,0,0,tarde
1,-1,0,tarde
1,-1,0,tarde
1,-2,0,tarde
1,1,0,tarde
1,6,0,tarde
1,2,0,tarde
1,27,1,tarde
1,25,1,tarde
1,-2,0,tarde
1,-1,0,tarde
1,-2,0,tarde
1,14,0,noche
1,1,0,noche
1,-1,0,noche
1,3,0,noche
1,-1,0,noche
1,5,0,noche
1,1,0,noche
1,6,0,noche
1,5,0,noche
1,6,0,mañana
1,-2,0,mañana
1,-7,0,mañana
1,2,0,mañana
1,1,0,mañana
1,-3,0,mañana
1,3,0,mañana
1,0,0,mañana
1,0,0,mañana
1,-4,0,mañana
1,5,0,mañana
1,-3,0,mañana
1,-1,0,mañana
1,0,0,mañana
1,-1,0,mañana
1,1,0,mañana
1,26,1,mañana
1,-3,0,mañana
1,0,0,mañana
1,3,0,mañana
1,5,0,mañana
1,-4,0,mañana
1,-1,0,mañana
1,30,1,mañana
1,4,0,mañana
1,-6,0,mañana
1,2,0,mañana
1,5,0,mañana
1,8,0,mañana
1,0,0,mañana
1,4,0,mañana
1,-1,0,mañana
1,8,0,mañana
1,0,0,mañana
1,0,0,mañana
1,0,0,mañana
1,1,0,mañana
1,-3,0,tarde
1,0,0,tarde
1,12,0,mañana
1,1,0,tarde
1,5,0,mañana
1,-1,0,noche
1,-1,0,tarde
1,9,0,tarde
1,4,0,tarde
1,-3,0,mañana
1,4,0,tarde
1,17,1,mañana
1,4,0,noche
1,-1,0,tarde
1,1,0,tarde
1,4,0,tarde
1,4,0,mañana
1,28,1,tarde
1,9,0,mañana
1,17,1,noche
1,-4,0,tarde
1,40,1,tarde
1,2,0,tarde
1,4,0,mañana
1,1,0,tarde
1,15,0,mañana
1,9,0,noche
1,1,0,tarde
1,4,0,tarde
1,12,0,tarde
1,2,0,mañana
1,0,0,mañana
1,1,0,mañana
1,15,0,mañana
1,-3,0,mañana
1,-1,0,mañana
1,-3,0,mañana
1,8,0,mañana
1,1,0,mañana
1,6,0,mañana
1,0,0,mañana
1,1,0,mañana
1,3,0,tarde
1,-4,0,tarde
1,5,0,tarde
1,7,0,tarde
1,13,0,tarde
1,20,1,tarde
1,2,0,tarde
1,15,0,tarde
1,-1,0,tarde
1,8,0,tarde
1,-1,0,noche
1,4,0,tarde
1,5,0,noche
1,3,0,tarde
1,25,1,noche
1,-3,0,tarde
1,8,0,noche
1,7,0,noche
1,-1,0,noche
1,0,0,noche
1,-3,0,tarde
1,11,0,noche
1,-1,0,noche
1,5,0,noche
1,-1,0,noche
1,-2,0,tarde
1,-3,0,noche
1,-1,0,noche
1,-2,0,noche
1,3,0,noche
1,12,0,tarde
1,5,0,noche
1,16,1,noche
1,1,0,noche
1,0,0,noche
1,0,0,tarde
1,23,1,noche
1,1,0,noche
1,3,0,noche
1,-2,0,noche
1,1,0,noche
1,5,0,mañana
1,-3,0,mañana
1,-6,0,noche
1,-5,0,noche
1,0,0,mañana
1,2,0,noche
1,13,0,noche
1,5,0,mañana
1,0,0,noche
1,-2,0,noche
1,3,0,mañana
1,1,0,mañana
1,4,0,noche
1,4,0,mañana
1,9,0,mañana
1,32,1,mañana
1,0,0,mañana
1,0,0,mañana
1,30,1,mañana
1,-2,0,mañana
1,-3,0,mañana
1,1,0,mañana
1,5,0,mañana
1,2,0,mañana
1,1,0,mañana
1,3,0,mañana
1,3,0,mañana
1,2,0,mañana
1,0,0,mañana
1,8,0,mañana
1,0,0,mañana
1,5,0,mañana
1,-1,0,mañana
1,-1,0,mañana
1,-6,0,mañana
1,-1,0,mañana
1,-2,0,mañana
1,6,0,mañana
1,1,0,mañana
1,10,0,mañana
1,3,0,mañana
1,-1,0,mañana
1,5,0,mañana
1,8,0,mañana
1,22,1,mañana
1,7,0,mañana
1,1,0,mañana
1,2,0,mañana
1,10,0,mañana
1,-1,0,mañana
1,9,0,mañana
1,8,0,mañana
1,4,0,mañana
1,5,0,tarde
1,0,0,mañana
1,1,0,mañana
1,-1,0,mañana
1,4,0,mañana
1,1,0,mañana
1,8,0,mañana
1,2,0,tarde
1,0,0,mañana
1,-4,0,mañana
1,0,0,mañana
1,-2,0,mañana
1,13,0,mañana
1,6,0,mañana
1,2,0,tarde
1,7,0,mañana
1,9,0,mañana
1,0,0,mañana
1,10,0,mañana
1,11,0,mañana
1,18,1,mañana
1,-2,0,mañana
1,3,0,mañana
1,6,0,mañana
1,1,0,mañana
1,0,0,mañana
1,15,0,mañana
1,9,0,mañana
1,-3,0,mañana
1,3,0,mañana
1,3,0,mañana
1,3,0,mañana
1,0,0,mañana
1,-2,0,mañana
1,10,0,mañana
1,16,1,mañana
1,18,1,noche
1,1,0,mañana
1,3,0,mañana
1,18,1,mañana
1,-3,0,mañana
1,3,0,mañana
1,2,0,mañana
1,0,0,mañana
1,5,0,tarde
1,2,0,mañana
1,2,0,tarde
1,1,0,mañana
1,1,0,tarde
1,8,0,tarde
1,9,0,tarde
1,2,0,tarde
1,28,1,tarde
1,22,1,tarde
1,4,0,mañana
1,-1,0,tarde
1,3,0,tarde
1,18,1,tarde
1,10,0,tarde
1,19,1,tarde
1,7,0,tarde
1,15,0,mañana
1,6,0,tarde
1,6,0,tarde
1,5,0,tarde
1,15,0,tarde
1,3,0,tarde
1,16,1,tarde
1,1,0,tarde
1,5,0,tarde
1,2,0,tarde
1,-4,0,tarde
1,10,0,tarde
1,0,0,tarde
1,3,0,tarde
1,4,0,tarde
1,3,0,tarde
1,0,0,tarde
1,-2,0,tarde
1,5,0,tarde
1,-2,0,tarde
1,4,0,tarde
1,18,1,tarde
1,0,0,noche
1,12,0,tarde
1,-2,0,tarde
1,5,0,tarde
1,-4,0,tarde
1,5,0,tarde
1,19,1,tarde
1,-2,0,noche
1,16,1,tarde
1,24,1,tarde
1,18,1,tarde
1,0,0,tarde
1,6,0,tarde
1,-1,0,noche
1,0,0,tarde
1,3,0,tarde
1,4,0,tarde
1,0,0,tarde
1,6,0,tarde
1,2,0,noche
1,49,1,noche
1,18,1,tarde
1,15,0,tarde
1,11,0,tarde
1,7,0,noche
1,4,0,noche
1,5,0,noche
1,19,1,noche
1,4,0,noche
1,15,0,tarde
1,9,0,noche
1,2,0,noche
1,1,0,noche
1,-2,0,noche
1,18,1,noche
1,7,0,tarde
1,15,0,noche
1,-2,0,noche
1,1,0,noche
1,1,0,noche
1,0,0,noche
1,8,0,tarde
1,9,0,noche
1,33,1,noche
1,-1,0,noche
1,2,0,noche
1,53,1,noche
1,13,0,tarde
1,55,1,noche
1,11,0,noche
1,2,0,noche
1,6,0,noche
1,6,0,noche
1,12,0,noche
1,3,0,noche
1,10,0,noche
1,-1,0,noche
1,22,1,noche
1,0,0,noche
1,13,0,noche
1,-1,0,noche
1,3,0,noche
1,1,0,noche
1,8,0,noche
1,36,1,noche
1,4,0,noche
1,0,0,noche
1,3,0,noche
1,-1,0,noche
1,9,0,noche
1,19,1,noche
1,0,0,noche
1,13,0,noche
1,9,0,noche
1,12,0,noche
1,2,0,mañana
1,7,0,mañana
1,6,0,mañana
1,-1,0,mañana
1,2,0,mañana
1,0,0,mañana
1,-1,0,mañana
1,0,0,mañana
1,-2,0,tarde
1,4,0,mañana
1,7,0,mañana
1,19,1,mañana
1,3,0,tarde
1,6,0,mañana
1,29,1,mañana
1,0,0,noche
1,95,1,noche
1,6,0,tarde
1,8,0,noche
1,1,0,noche
1,0,0,noche
1,3,0,tarde
1,-3,0,noche
1,1,0,noche
1,3,0,noche
1,3,0,noche
1,1,0,tarde
1,-3,0,noche
1,-2,0,noche
1,8,0,noche
1,11,0,noche
1,5,0,tarde
1,-1,0,noche
1,3,0,noche
1,0,0,noche
1,15,0,noche
1,24,1,noche
1,-3,0,noche
1,6,0,mañana
1,1,0,noche
1,5,0,mañana
1,1,0,mañana
1,5,0,noche
1,22,1,mañana
1,-5,0,mañana
1,-3,0,noche
1,0,0,mañana
1,4,0,mañana
1,6,0,noche
1,4,0,noche
1,3,0,noche
1,24,1,noche
1,3,0,noche
1,11,0,noche
1,10,0,noche
1,-2,0,noche
1,15,0,noche
1,4,0,noche
1,-2,0,noche
1,1,0,mañana
1,0,0,mañana
1,1,0,mañana
1,3,0,mañana
1,-5,0,mañana
1,22,1,mañana
1,-2,0,mañana
1,3,0,mañana
1,4,0,mañana
1,5,0,mañana
1,6,0,mañana
1,-1,0,mañana
1,-2,0,mañana
1,-1,0,mañana
1,1,0,mañana
1,-2,0,mañana
1,2,0,mañana
1,0,0,mañana
1,3,0,mañana
1,0,0,mañana
1,-4,0,mañana
1,1,0,mañana
1,0,0,mañana
1,5,0,mañana
1,-1,0,mañana
1,4,0,mañana
1,4,0,mañana
1,-5,0,mañana
1,-1,0,mañana
1,1,0,mañana
1,-3,0,mañana
1,7,0,mañana
1,1,0,mañana
1,13,0,mañana
1,-3,0,mañana
1,-3,0,mañana
1,-1,0,mañana
1,-3,0,mañana
1,12,0,mañana
1,0,0,mañana
1,0,0,mañana
1,-2,0,mañana
1,5,0,mañana
1,2,0,mañana
1,-5,0,mañana
1,7,0,mañana
1,113,1,mañana
1,-2,0,mañana
1,-2,0,mañana
1,11,0,mañana
1,0,0,tarde
1,107,1,mañana
1,5,0,mañana
1,-2,0,mañana
1,-2,0,mañana
1,1,0,mañana
1,-3,0,mañana
1,9,0,mañana
1,1,0,mañana
1,-4,0,tarde
1,-1,0,tarde
1,10,0,tarde
1,0,0,tarde
1,2,0,mañana
1,5,0,tarde
1,19,1,tarde
1,2,0,tarde
1,19,1,tarde
1,6,0,tarde
1,-3,0,tarde
1,-3,0,mañana
1,3,0,tarde
1,13,0,tarde
1,-3,0,tarde
1,0,0,tarde
1,12,0,tarde
1,4,0,tarde
1,4,0,mañana
1,3,0,tarde
1,-2,0,tarde
1,2,0,tarde
1,0,0,tarde
1,16,1,tarde
1,-1,0,tarde
1,-1,0,mañana
1,8,0,tarde
1,4,0,tarde
1,3,0,tarde
1,1,0,tarde
1,8,0,tarde
1,-5,0,tarde
1,-4,0,tarde
1,9,0,tarde
1,9,0,tarde
1,12,0,tarde
1,10,0,tarde
1,1,0,tarde
1,6,0,tarde
1,18,1,tarde
1,16,1,tarde
1,0,0,tarde
1,3,0,tarde
1,12,0,tarde
1,-3,0,tarde
1,7,0,tarde
1,1,0,tarde
1,14,0,tarde
1,10,0,tarde
1,1,0,tarde
1,4,0,tarde
1,-7,0,tarde
1,-2,0,tarde
1,-1,0,tarde
1,12,0,tarde
1,2,0,tarde
1,5,0,tarde
1,0,0,tarde
1,2,0,tarde
1,-3,0,tarde
1,-3,0,tarde
1,4,0,tarde
1,-1,0,tarde
1,-4,0,tarde
1,15,0,tarde
1,0,0,tarde
1,0,0,tarde
1,9,0,tarde
1,-2,0,tarde
1,19,1,tarde
1,2,0,tarde
1,2,0,tarde
1,4,0,tarde
1,-2,0,tarde
1,-1,0,tarde
1,3,0,tarde
1,5,0,tarde
1,2,0,tarde
1,-2,0,tarde
1,-1,0,tarde
1,16,1,tarde
1,-4,0,tarde
1,-3,0,tarde
1,10,0,tarde
1,2,0,tarde
1,-2,0,tarde
1,0,0,tarde
1,4,0,tarde
1,48,1,tarde
1,-1,0,tarde
1,-5,0,tarde
1,-5,0,tarde
1,10,0,tarde
1,17,1,tarde
1,-4,0,noche
1,8,0,noche
1,-1,0,noche
1,4,0,noche
1,15,0,noche
1,35,1,noche
1,2,0,tarde
1,14,0,noche
1,0,0,noche
1,-4,0,noche
1,7,0,noche
1,13,0,noche
1,1,0,noche
1,3,0,noche
1,59,1,noche
1,5,0,noche
1,45,1,noche
1,4,0,noche
1,-5,0,noche
1,2,0,noche
1,1,0,noche
1,-4,0,noche
1,4,0,noche
1,6,0,noche
1,7,0,noche
1,10,0,noche
1,11,0,noche
1,-2,0,noche
1,17,1,mañana
1,14,0,mañana
1,9,0,mañana
1,1,0,mañana
1,6,0,mañana
1,1,0,mañana
1,3,0,mañana
1,2,0,mañana
1,0,0,mañana
1,5,0,mañana
1,35,1,mañana
1,8,0,mañana
1,5,0,mañana
1,9,0,mañana
1,9,0,mañana
1,21,1,mañana
1,2,0,mañana
1,7,0,mañana
1,3,0,mañana
1,-2,0,mañana
1,3,0,mañana
1,15,0,mañana
1,20,1,mañana
1,83,1,mañana
1,1,0,mañana
1,5,0,mañana
1,0,0,mañana
1,3,0,tarde
1,11,0,mañana
1,2,0,tarde
1,2,0,tarde
1,7,0,tarde
1,-1,0,tarde
1,6,0,tarde
1,7,0,mañana
1,3,0,tarde
1,6,0,tarde
1,7,0,tarde
1,-1,0,tarde
1,0,0,tarde
1,2,0,mañana
1,5,0,tarde
1,4,0,tarde
1,6,0,tarde
1,16,1,tarde
1,-1,0,tarde
1,0,0,mañana
1,1,0,tarde
1,14,0,tarde
1,6,0,tarde
1,13,0,tarde
1,43,1,tarde
1,13,0,mañana
1,-1,0,mañana
1,-1,0,tarde
1,20,1,tarde
1,11,0,tarde
1,0,0,tarde
1,10,0,tarde
1,14,0,tarde
1,1,0,tarde
1,14,0,tarde
1,18,1,tarde
1,14,0,tarde
1,9,0,tarde
1,5,0,tarde
1,18,1,tarde
1,10,0,tarde
1,2,0,tarde
1,-1,0,tarde
1,12,0,tarde
1,2,0,tarde
1,-2,0,tarde
1,11,0,tarde
1,1,0,tarde
1,1,0,tarde
1,10,0,tarde
1,-4,0,tarde
1,10,0,tarde
1,4,0,tarde
1,2,0,tarde
1,10,0,tarde
1,7,0,tarde
1,3,0,tarde
1,0,0,tarde
1,15,0,tarde
1,15,0,tarde
1,1,0,tarde
1,8,0,tarde
1,6,0,tarde
1,26,1,tarde
1,0,0,tarde
1,0,0,tarde
1,-4,0,tarde
1,2,0,tarde
1,3,0,tarde
1,8,0,tarde
1,8,0,tarde
1,1,0,tarde
1,3,0,tarde
1,-1,0,tarde
1,-4,0,tarde
1,1,0,tarde
1,-2,0,tarde
1,3,0,tarde
1,47,1,tarde
1,3,0,tarde
1,-2,0,tarde
1,0,0,tarde
1,11,0,tarde
1,6,0,tarde
1,10,0,tarde
1,0,0,tarde
1,3,0,tarde
1,-1,0,tarde
1,4,0,tarde
1,0,0,tarde
1,3,0,tarde
1,5,0,tarde
1,9,0,tarde
1,11,0,tarde
1,-2,0,tarde
1,9,0,tarde
1,6,0,tarde
1,0,0,tarde
1,2,0,tarde
1,17,1,tarde
1,13,0,tarde
1,13,0,tarde
1,14,0,tarde
1,3,0,tarde
1,0,0,tarde
1,-2,0,tarde
1,0,0,tarde
1,3,0,tarde
1,2,0,mañana
1,6,0,tarde
1,-1,0,mañana
1,18,1,tarde
1,7,0,tarde
1,2,0,tarde
1,-2,0,tarde
1,-1,0,mañana
1,5,0,tarde
1,1,0,mañana
1,8,0,tarde
1,18,1,tarde
1,42,1,tarde
1,2,0,tarde
1,8,0,mañana
1,-3,0,tarde
1,0,0,mañana
1,1,0,tarde
1,1,0,tarde
1,116,1,tarde
1,7,0,tarde
1,9,0,mañana
1,-1,0,tarde
1,88,1,mañana
1,-3,0,tarde
1,14,0,tarde
1,3,0,mañana
1,2,0,mañana
1,1,0,mañana
1,3,0,mañana
1,7,0,mañana
1,17,1,mañana
1,-2,0,mañana
1,2,0,mañana
1,-1,0,mañana
1,-1,0,mañana
1,0,0,mañana
1,9,0,mañana
1,17,1,mañana
1,1,0,mañana
1,-8,0,mañana
1,-1,0,mañana
1,0,0,mañana
1,7,0,mañana
1,11,0,mañana
1,3,0,mañana
1,2,0,mañana
1,10,0,mañana
1,2,0,mañana
1,17,1,mañana
1,2,0,mañana
1,30,1,mañana
1,1,0,mañana
1,8,0,mañana
1,3,0,mañana
1,7,0,mañana
1,5,0,mañana
1,14,0,mañana
1,-4,0,mañana
1,2,0,mañana
1,-2,0,mañana
1,9,0,mañana
1,1,0,mañana
1,8,0,mañana
1,-1,0,mañana
1,12,0,mañana
1,1,0,mañana
1,5,0,mañana
1,2,0,mañana
1,5,0,mañana
1,-1,0,mañana
1,0,0,mañana
1,0,0,mañana
1,4,0,mañana
1,2,0,mañana
1,8,0,mañana
1,2,0,mañana
1,2,0,mañana
1,27,1,mañana
1,4,0,mañana
1,1,0,mañana
1,38,1,mañana
1,14,0,mañana
1,3,0,mañana
1,11,0,mañana
1,-1,0,mañana
1,-4,0,mañana
1,5,0,tarde
1,8,0,tarde
1,-1,0,tarde
1,-1,0,tarde
1,2,0,tarde
1,22,1,tarde
1,2,0,tarde
1,72,1,tarde
1,8,0,tarde
1,4,0,tarde
1,4,0,tarde
1,2,0,tarde
1,1,0,tarde
1,4,0,tarde
1,4,0,tarde
1,1,0,tarde
1,6,0,tarde
1,26,1,tarde
1,4,0,tarde
1,4,0,tarde
1,-1,0,tarde
1,8,0,tarde
1,0,0,tarde
1,7,0,tarde
1,12,0,tarde
1,1,0,tarde
1,5,0,tarde
1,-1,0,tarde
1,6,0,tarde
1,8,0,tarde
1,7,0,tarde
1,7,0,tarde
1,13,0,noche
1,6,0,tarde
1,2,0,tarde
1,6,0,tarde
1,2,0,noche
1,0,0,tarde
1,32,1,tarde
1,16,1,tarde
1,6,0,noche
1,9,0,tarde
1,9,0,tarde
1,14,0,tarde
1,-1,0,noche
1,15,0,tarde
1,27,1,tarde
1,-5,0,tarde
1,1,0,noche
1,12,0,noche
1,3,0,tarde
1,9,0,tarde
1,0,0,noche
1,0,0,tarde
1,3,0,tarde
1,0,0,noche
1,25,1,noche
1,8,0,tarde
1,2,0,tarde
1,0,0,noche
1,9,0,tarde
1,7,0,tarde
1,-7,0,noche
1,20,1,noche
1,23,1,tarde
1,7,0,tarde
1,4,0,noche
1,-1,0,tarde
1,7,0,tarde
1,1,0,noche
1,0,0,noche
1,9,0,tarde
1,13,0,tarde
1,17,1,noche
1,1,0,tarde
1,22,1,noche
1,-8,0,noche
1,8,0,noche
1,11,0,noche
1,17,1,noche
1,3,0,noche
1,30,1,noche
1,4,0,tarde
1,6,0,noche
1,5,0,noche
1,0,0,noche
1,26,1,noche
1,20,1,noche
1,-2,0,tarde
1,4,0,noche
1,21,1,noche
1,17,1,noche
1,29,1,noche
1,2,0,noche
1,8,0,noche
1,11,0,noche
1,-1,0,noche
1,24,1,noche
1,8,0,noche
1,9,0,noche
1,19,1,noche
1,18,1,noche
1,1,0,noche
1,-1,0,noche
1,5,0,noche
1,1,0,noche
1,5,0,noche
1,-3,0,noche
1,18,1,noche
1,4,0,noche
1,13,0,noche
1,4,0,noche
1,-4,0,noche
1,-3,0,noche
1,31,1,noche
1,10,0,noche
1,2,0,mañana
1,10,0,mañana
1,-1,0,mañana
1,17,1,mañana
1,4,0,mañana
1,5,0,mañana
1,8,0,mañana
1,1,0,mañana
1,5,0,mañana
1,5,0,mañana
1,4,0,mañana
1,2,0,mañana
1,4,0,mañana
1,-4,0,mañana
1,2,0,mañana
1,8,0,mañana
1,-2,0,mañana
1,0,0,mañana
1,1,0,mañana
1,-1,0,mañana
1,-2,0,mañana
1,10,0,mañana
1,4,0,mañana
1,4,0,mañana
1,2,0,tarde
1,-1,0,tarde
1,13,0,tarde
1,9,0,tarde
1,2,0,tarde
1,14,0,tarde
1,1,0,tarde
1,3,0,tarde
1,2,0,tarde
1,-1,0,tarde
1,10,0,tarde
1,6,0,tarde
1,-2,0,tarde
1,17,1,tarde
1,1,0,tarde
1,0,0,tarde
1,8,0,tarde
1,1,0,tarde
1,17,1,tarde
1,1,0,tarde
1,2,0,tarde
1,6,0,tarde
1,2,0,tarde
1,8,0,tarde
1,2,0,tarde
1,5,0,tarde
1,14,0,tarde
1,20,1,tarde
1,4,0,tarde
1,5,0,tarde
1,3,0,tarde
1,-5,0,mañana
1,6,0,mañana
1,8,0,tarde
1,11,0,mañana
1,-3,0,tarde
1,2,0,mañana
1,2,0,mañana
1,6,0,mañana
1,3,0,tarde
1,1,0,mañana
1,3,0,tarde
1,8,0,tarde
1,4,0,tarde
1,3,0,mañana
1,0,0,tarde
1,10,0,tarde
1,-2,0,mañana
1,-2,0,mañana
1,0,0,mañana
1,4,0,mañana
1,-3,0,mañana
1,3,0,mañana
1,1,0,mañana
1,1,0,mañana
1,1,0,mañana
1,5,0,mañana
1,2,0,mañana
1,60,1,mañana
1,2,0,mañana
1,-2,0,mañana
1,2,0,tarde
1,8,0,mañana
1,5,0,tarde
1,5,0,tarde
1,7,0,tarde
1,-5,0,tarde
1,8,0,tarde
1,7,0,tarde
1,129,1,mañana
1,7,0,tarde
1,0,0,tarde
1,7,0,tarde
1,51,1,tarde
1,3,0,tarde
1,1,0,mañana
1,-1,0,tarde
1,7,0,tarde
1,1,0,tarde
1,9,0,tarde
1,1,0,tarde
1,0,0,tarde
1,3,0,mañana
1,26,1,tarde
1,7,0,tarde
1,18,1,tarde
1,5,0,tarde
1,6,0,tarde
1,0,0,tarde
1,1,0,mañana
1,20,1,mañana
1,8,0,mañana
1,7,0,mañana
1,5,0,mañana
1,6,0,mañana
1,7,0,mañana
1,0,0,mañana
1,0,0,mañana
1,0,0,mañana
1,-1,0,mañana
1,10,0,mañana
1,0,0,mañana
1,-1,0,mañana
1,11,0,mañana
1,9,0,mañana
1,1,0,mañana
1,8,0,mañana
1,9,0,mañana
1,9,0,mañana
1,5,0,mañana
1,-4,0,mañana
1,5,0,mañana
1,7,0,mañana
1,2,0,mañana
1,-5,0,mañana
1,0,0,mañana
1,19,1,mañana
1,-2,0,mañana
1,21,1,mañana
1,-5,0,tarde
1,13,0,tarde
1,0,0,tarde
1,8,0,tarde
1,5,0,noche
1,11,0,tarde
1,5,0,tarde
1,1,0,mañana
1,33,1,tarde
1,0,0,tarde
1,1,0,tarde
1,5,0,noche
1,8,0,tarde
1,9,0,tarde
1,7,0,mañana
1,4,0,tarde
1,-3,0,tarde
1,2,0,tarde
1,13,0,noche
1,-1,0,tarde
1,6,0,tarde
1,3,0,tarde
1,9,0,tarde
1,-1,0,tarde
1,2,0,tarde
1,5,0,noche
1,27,1,tarde
1,4,0,tarde
1,8,0,mañana
1,-4,0,tarde
1,2,0,tarde
1,1,0,tarde
1,27,1,tarde
1,7,0,tarde
1,5,0,tarde
1,-4,0,tarde
1,9,0,tarde
1,-4,0,tarde
1,1,0,tarde
1,3,0,tarde
1,7,0,tarde
1,2,0,tarde
1,3,0,tarde
1,3,0,tarde
1,7,0,tarde
1,0,0,tarde
1,1,0,tarde
1,7,0,tarde
1,6,0,tarde
1,4,0,tarde
1,2,0,tarde
1,6,0,tarde
1,-3,0,tarde
1,2,0,tarde
1,28,1,tarde
1,3,0,tarde
1,9,0,tarde
1,1,0,tarde
1,6,0,tarde
1,0,0,tarde
1,18,1,tarde
1,12,0,tarde
1,-3,0,mañana
1,11,0,tarde
1,2,0,mañana
1,5,0,mañana
1,7,0,mañana
1,0,0,noche
1,2,0,mañana
1,6,0,mañana
1,38,1,tarde
1,5,0,mañana
1,4,0,mañana
1,-1,0,mañana
1,4,0,mañana
1,2,0,mañana
1,14,0,mañana
1,4,0,tarde
1,0,0,mañana
1,2,0,mañana
1,8,0,mañana
1,17,1,mañana
1,1,0,mañana
1,0,0,mañana
1,16,1,tarde
1,-1,0,mañana
1,0,0,mañana
1,64,1,mañana
1,12,0,mañana
1,22,1,mañana
1,65,1,mañana
1,-5,0,tarde
1,15,0,mañana
1,-2,0,noche
1,9,0,noche
1,0,0,noche
1,20,1,noche
1,3,0,tarde
1,19,1,noche
1,-1,0,noche
1,2,0,noche
1,3,0,noche
1,7,0,noche
1,5,0,noche
1,5,0,noche
1,12,0,noche
1,9,0,noche
1,3,0,noche
1,0,0,noche
1,15,0,noche
1,-4,0,noche
1,14,0,noche
1,5,0,noche
1,3,0,tarde
1,15,0,tarde
1,0,0,tarde
1,12,0,noche
1,7,0,tarde
1,0,0,tarde
1,5,0,tarde
1,28,1,noche
1,8,0,tarde
1,6,0,tarde
1,15,0,tarde
1,4,0,noche
1,11,0,tarde
1,6,0,tarde
1,5,0,tarde
1,42,1,noche
1,-3,0,tarde
1,0,0,tarde
1,-1,0,mañana
1,8,0,mañana
1,5,0,mañana
1,3,0,mañana
1,2,0,mañana
1,3,0,mañana
1,3,0,mañana
1,24,1,mañana
1,0,0,mañana
1,6,0,mañana
1,0,0,mañana
1,0,0,mañana
1,3,0,mañana
1,3,0,mañana
1,4,0,mañana
1,4,0,mañana
1,5,0,mañana
1,21,1,mañana
1,2,0,tarde
1,10,0,noche
1,15,0,tarde
1,-3,0,noche
1,14,0,tarde
1,-2,0,noche
1,4,0,tarde
1,23,1,noche
1,3,0,tarde
1,6,0,tarde
1,8,0,tarde
1,3,0,tarde
1,-3,0,tarde
1,-2,0,mañana
1,-3,0,mañana
1,3,0,mañana
1,4,0,mañana
1,2,0,mañana
1,-2,0,mañana
1,0,0,mañana
1,1,0,mañana
1,7,0,mañana
1,14,0,mañana
1,0,0,mañana
1,0,0,mañana
1,3,0,mañana
1,12,0,mañana
1,-5,0,mañana
1,0,0,mañana
1,-1,0,mañana
1,4,0,mañana
1,1,0,mañana
1,0,0,mañana
1,-1,0,mañana
1,2,0,mañana
1,-4,0,mañana
1,13,0,mañana
1,-3,0,mañana
1,7,0,mañana
1,-5,0,mañana
1,1,0,mañana
1,0,0,mañana
1,-5,0,mañana
1,4,0,mañana
1,-1,0,mañana
1,-1,0,mañana
1,14,0,tarde
1,17,1,mañana
1,-1,0,mañana
1,0,0,tarde
1,7,0,tarde
1,2,0,mañana
1,3,0,mañana
1,1,0,tarde
1,5,0,tarde
1,-4,0,mañana
1,5,0,mañana
1,13,0,tarde
1,7,0,tarde
1,1,0,mañana
1,0,0,mañana
1,-2,0,tarde
1,13,0,tarde
1,-1,0,tarde
1,-2,0,tarde
1,15,0,tarde
1,19,1,tarde
1,7,0,tarde
1,1,0,tarde
1,1,0,tarde
1,-7,0,tarde
1,-6,0,tarde
1,3,0,tarde
1,37,1,tarde
1,7,0,tarde
1,-1,0,tarde
1,-1,0,tarde
1,14,0,tarde
1,12,0,tarde
1,1,0,tarde
1,0,0,tarde
1,24,1,tarde
1,14,0,tarde
1,3,0,tarde
1,30,1,tarde
1,4,0,tarde
1,-2,0,tarde
1,1,0,tarde
1,10,0,tarde
1,0,0,tarde
1,9,0,tarde
1,1,0,tarde
1,11,0,tarde
1,2,0,tarde
1,-6,0,tarde
1,2,0,tarde
1,24,1,tarde
1,11,0,tarde
1,15,0,tarde
1,-7,0,tarde
1,-2,0,tarde
1,6,0,noche
1,3,0,tarde
1,-4,0,noche
1,0,0,noche
1,-2,0,noche
1,6,0,noche
1,5,0,tarde
1,1,0,noche
1,14,0,noche
1,9,0,noche
1,14,0,noche
1,14,0,tarde
1,19,1,noche
1,-4,0,noche
1,29,1,noche
1,-1,0,noche
1,10,0,tarde
1,1,0,noche
1,-3,0,noche
1,5,0,noche
1,3,0,noche
1,19,1,tarde
1,4,0,noche
1,0,0,tarde
1,-1,0,mañana
1,0,0,mañana
1,-5,0,mañana
1,-1,0,mañana
1,1,0,mañana
1,-1,0,tarde
1,-3,0,tarde
1,3,0,tarde
1,23,1,tarde
1,1,0,tarde
1,73,1,tarde
1,3,0,tarde
1,6,0,tarde
1,18,1,tarde
1,-3,0,tarde
1,18,1,tarde
1,-2,0,tarde
1,-2,0,tarde
1,1,0,tarde
1,9,0,tarde
1,3,0,tarde
1,-3,0,tarde
1,4,0,tarde
1,29,1,tarde
1,7,0,tarde
1,1,0,tarde
1,0,0,tarde
1,7,0,tarde
1,1,0,tarde
1,14,0,tarde
1,18,1,tarde
1,5,0,tarde
1,1,0,tarde
1,2,0,tarde
1,12,0,tarde
1,-7,0,tarde
1,12,0,tarde
1,-2,0,tarde
1,13,0,tarde
1,28,1,tarde
1,-4,0,tarde
1,-3,0,tarde
1,10,0,tarde
1,2,0,tarde
1,5,0,noche
1,-4,0,noche
1,36,1,tarde
1,-1,0,tarde
1,-3,0,tarde
1,0,0,tarde
1,19,1,noche
1,-3,0,tarde
1,3,0,tarde
1,0,0,tarde
1,19,1,tarde
1,4,0,noche
1,5,0,tarde
1,8,0,tarde
1,14,0,tarde
1,25,1,tarde
1,9,0,noche
1,6,0,tarde
1,4,0,tarde
1,10,0,tarde
1,6,0,tarde
1,1,0,noche
1,-1,0,tarde
1,-1,0,tarde
1,-2,0,noche
1,1,0,noche
1,-4,0,tarde
1,119,1,tarde
1,6,0,noche
1,1,0,noche
1,98,1,tarde
1,-2,0,tarde
1,5,0,noche
1,0,0,noche
1,-1,0,tarde
1,2,0,tarde
1,-5,0,noche
1,5,0,noche
1,9,0,noche
1,-4,0,noche
1,5,0,noche
1,41,1,noche
1,35,1,noche
1,6,0,noche
1,-4,0,noche
1,0,0,noche
1,-3,0,noche
1,3,0,noche
1,15,0,noche
1,-4,0,noche
1,1,0,noche
1,-1,0,tarde
1,1,0,noche
1,-3,0,noche
1,-4,0,noche
1,11,0,tarde
1,3,0,noche
1,21,1,noche
1,4,0,noche
1,19,1,tarde
1,-1,0,noche
1,2,0,noche
1,29,1,noche
1,-6,0,mañana
1,2,0,tarde
1,1,0,mañana
1,5,0,tarde
1,4,0,mañana
1,2,0,tarde
1,8,0,tarde
1,12,0,mañana
1,6,0,tarde
1,0,0,mañana
1,3,0,tarde
1,1,0,mañana
1,8,0,tarde
1,-4,0,mañana
1,13,0,tarde
1,154,1,mañana
1,-4,0,mañana
1,13,0,noche
1,12,0,mañana
1,2,0,mañana
1,11,0,noche
1,1,0,mañana
1,7,0,mañana
1,2,0,mañana
1,15,0,noche
1,-2,0,mañana
1,7,0,mañana
1,-2,0,noche
1,11,0,mañana
1,1,0,mañana
1,0,0,mañana
1,4,0,noche
1,-2,0,tarde
1,5,0,mañana
1,15,0,tarde
1,-2,0,mañana
1,4,0,tarde
1,1,0,mañana
1,-1,0,tarde
1,5,0,tarde
1,1,0,mañana
1,18,1,tarde
1,9,0,tarde
1,-1,0,mañana
1,4,0,tarde
1,-5,0,tarde
1,4,0,mañana
1,-2,0,tarde
1,18,1,noche
1,1,0,mañana
1,5,0,tarde
1,14,0,tarde
1,1,0,mañana
1,12,0,tarde
1,-4,0,tarde
1,4,0,mañana
1,13,0,noche
1,15,0,noche
1,0,0,noche
1,22,1,noche
1,4,0,noche
1,-2,0,noche
1,17,1,noche
1,29,1,noche
1,7,0,noche
1,16,1,noche
1,12,0,noche
1,3,0,noche
1,6,0,noche
1,4,0,noche
1,7,0,noche
1,-1,0,noche
1,12,0,noche
1,-1,0,noche
1,17,1,noche
1,-3,0,noche
1,5,0,noche
1,4,0,noche
1,1,0,noche
1,-1,0,noche
1,0,0,mañana
1,3,0,mañana
1,16,1,tarde
1,11,0,tarde
1,-1,0,tarde
1,-1,0,tarde
1,5,0,tarde
1,0,0,tarde
1,0,0,mañana
1,-2,0,tarde
1,4,0,tarde
1,-2,0,tarde
1,9,0,tarde
1,15,0,tarde
1,20,1,tarde
1,-1,0,mañana
1,7,0,tarde
1,36,1,tarde
1,13,0,tarde
1,10,0,tarde
1,8,0,tarde
1,2,0,tarde
1,48,1,mañana
1,3,0,tarde
1,2,0,tarde
1,3,0,tarde
1,3,0,tarde
1,10,0,tarde
1,15,0,mañana
1,13,0,mañana
1,2,0,tarde
1,1,0,mañana
1,24,1,mañana
1,14,0,mañana
1,1,0,mañana
1,5,0,mañana
1,1,0,mañana
1,14,0,mañana
1,4,0,mañana
1,-1,0,mañana
1,-6,0,mañana
1,-1,0,mañana
1,10,0,mañana
1,2,0,mañana
1,1,0,mañana
1,6,0,mañana
1,3,0,mañana
1,2,0,mañana
1,1,0,mañana
1,2,0,mañana
1,4,0,mañana
1,7,0,mañana
1,-2,0,mañana
1,9,0,mañana
1,-1,0,mañana
1,3,0,mañana
1,5,0,mañana
1,37,1,tarde
1,3,0,tarde
1,10,0,tarde
1,7,0,tarde
1,0,0,tarde
1,0,0,tarde
1,4,0,tarde
1,0,0,tarde
1,5,0,tarde
1,-1,0,tarde
1,10,0,tarde
1,7,0,tarde
1,0,0,tarde
1,-2,0,tarde
1,6,0,tarde
1,0,0,tarde
1,1,0,tarde
1,4,0,tarde
1,0,0,tarde
1,3,0,tarde
1,1,0,tarde
1,5,0,tarde
1,13,0,tarde
1,8,0,tarde
1,2,0,tarde
1,3,0,tarde
1,7,0,tarde
1,4,0,tarde
1,0,0,tarde
1,6,0,tarde
1,5,0,tarde
1,12,0,tarde
1,1,0,tarde
1,10,0,tarde
1,21,1,tarde
1,2,0,tarde
1,5,0,tarde
1,-2,0,tarde
1,17,1,tarde
1,9,0,tarde
1,1,0,tarde
1,0,0,tarde
1,-4,0,tarde
1,7,0,tarde
1,-2,0,tarde
1,2,0,tarde
1,-3,0,tarde
1,11,0,tarde
1,3,0,tarde
1,2,0,tarde
1,1,0,tarde
1,3,0,tarde
1,0,0,tarde
1,-2,0,tarde
1,2,0,tarde
1,-6,0,noche
1,0,0,noche
1,4,0,noche
1,-2,0,noche
1,3,0,noche
1,6,0,noche
1,0,0,noche
1,5,0,noche
1,-3,0,noche
1,11,0,noche
1,9,0,noche
1,-5,0,noche
1,13,0,noche
1,-1,0,noche
1,18,1,noche
1,-1,0,noche
1,-3,0,noche
1,-3,0,noche
1,7,0,noche
1,11,0,noche
1,1,0,noche
1,72,1,noche
1,135,1,noche
1,-2,0,noche
1,1,0,noche
1,12,0,noche
1,3,0,noche
1,-1,0,noche
1,-2,0,noche
1,14,0,noche
1,6,0,noche
1,20,1,noche
1,19,1,noche
1,-3,0,noche
1,0,0,noche
1,6,0,noche
1,10,0,noche
1,-5,0,noche
1,8,0,noche
1,6,0,noche
1,4,0,noche
1,8,0,noche
1,-2,0,noche
1,1,0,noche
1,4,0,noche
1,4,0,noche
1,2,0,noche
1,3,0,noche
1,-2,0,noche
1,-1,0,noche
1,9,0,noche
1,13,0,noche
1,0,0,noche
1,1,0,noche
1,-2,0,noche
1,3,0,noche
1,1,0,noche
1,11,0,noche
1,-2,0,noche
1,69,1,noche
1,109,1,noche
1,19,1,noche
1,33,1,noche
1,1,0,noche
1,5,0,mañana
1,9,0,mañana
1,3,0,mañana
1,-3,0,noche
1,7,0,noche
1,3,0,noche
1,-1,0,mañana
1,-1,0,mañana
1,23,1,mañana
1,-2,0,noche
1,0,0,noche
1,3,0,noche
1,-4,0,mañana
1,2,0,mañana
1,6,0,mañana
1,-2,0,noche
1,5,0,noche
1,38,1,noche
1,0,0,mañana
1,0,0,mañana
1,23,1,mañana
1,4,0,noche
1,1,0,noche
1,13,0,tarde
1,14,0,tarde
1,6,0,tarde
1,6,0,tarde
1,7,0,tarde
1,6,0,tarde
1,-2,0,tarde
1,3,0,tarde
1,0,0,mañana
1,20,1,tarde
1,6,0,tarde
1,9,0,tarde
1,132,1,tarde
1,19,1,mañana
1,13,0,tarde
1,3,0,tarde
1,53,1,tarde
1,3,0,tarde
1,16,1,mañana
1,1,0,tarde
1,1,0,tarde
1,77,1,tarde
1,0,0,tarde
1,-2,0,noche
1,-3,0,noche
1,19,1,noche
1,15,0,noche
1,8,0,tarde
1,0,0,noche
1,4,0,noche
1,5,0,noche
1,4,0,noche
1,2,0,noche
1,14,0,noche
1,17,1,noche
1,11,0,noche
1,5,0,noche
1,0,0,noche
1,5,0,noche
1,2,0,noche
1,10,0,noche
1,6,0,noche
1,8,0,noche
1,25,1,noche
1,-2,0,noche
1,5,0,noche
1,5,0,noche
1,-1,0,noche
1,-6,0,noche
1,22,1,noche
1,16,1,mañana
1,6,0,mañana
1,6,0,mañana
1,-5,0,mañana
1,1,0,mañana
1,8,0,mañana
1,19,1,mañana
1,27,1,mañana
1,1,0,mañana
1,14,0,mañana
1,5,0,tarde
1,9,0,tarde
1,6,0,tarde
1,11,0,tarde
1,11,0,tarde
1,26,1,noche
1,18,1,tarde
1,-1,0,mañana
1,3,0,mañana
1,10,0,mañana
1,-5,0,mañana
1,-3,0,mañana
1,0,0,mañana
1,5,0,mañana
1,16,1,mañana
1,1,0,mañana
1,7,0,mañana
1,13,0,mañana
1,3,0,mañana
1,2,0,mañana
1,16,1,mañana
1,15,0,mañana
1,6,0,mañana
1,7,0,mañana
1,6,0,mañana
1,7,0,mañana
1,4,0,mañana
1,13,0,mañana
1,13,0,mañana
1,1,0,mañana
1,24,1,mañana
1,4,0,mañana
1,14,0,mañana
1,10,0,mañana
1,12,0,mañana
1,7,0,mañana
1,2,0,mañana
1,7,0,mañana
1,0,0,tarde
1,8,0,tarde
1,0,0,tarde
1,20,1,tarde
1,2,0,tarde
1,161,1,tarde
1,2,0,tarde
1,3,0,tarde
1,9,0,tarde
1,28,1,tarde
1,20,1,tarde
1,10,0,tarde
1,13,0,tarde
1,-1,0,tarde
1,16,1,tarde
1,-5,0,tarde
1,2,0,tarde
1,18,1,tarde
1,6,0,tarde
1,11,0,tarde
1,16,1,tarde
1,-6,0,tarde
1,5,0,tarde
1,8,0,tarde
1,-1,0,tarde
1,19,1,tarde
1,151,1,tarde
1,9,0,tarde
1,3,0,tarde
1,-5,0,tarde
1,4,0,tarde
1,15,0,tarde
1,-1,0,tarde
1,-2,0,tarde
1,3,0,tarde
1,9,0,tarde
1,-1,0,tarde
1,8,0,tarde
1,14,0,tarde
1,0,0,tarde
1,14,0,tarde
1,-5,0,tarde
1,9,0,tarde
1,48,1,tarde
1,3,0,mañana
1,2,0,mañana
1,2,0,mañana
1,10,0,mañana
1,1,0,mañana
1,-5,0,mañana
1,10,0,mañana
1,13,0,mañana
1,6,0,mañana
1,11,0,mañana
1,6,0,mañana
1,16,1,mañana
1,11,0,mañana
1,30,1,mañana
1,12,0,mañana
1,10,0,mañana
1,3,0,mañana
1,3,0,mañana
1,-4,0,noche
1,2,0,noche
1,0,0,noche
1,-1,0,noche
1,-1,0,noche
1,9,0,noche
1,-4,0,noche
1,0,0,noche
1,13,0,noche
1,3,0,noche
1,35,1,noche
1,34,1,noche
1,11,0,noche
1,9,0,noche
1,63,1,noche
1,64,1,noche
1,19,1,noche
1,5,0,noche
1,19,1,noche
1,5,0,noche
1,4,0,noche
1,15,0,noche
1,10,0,noche
1,8,0,noche
1,11,0,noche
1,9,0,noche
1,4,0,noche
1,3,0,noche
1,10,0,noche
1,5,0,noche
1,24,1,noche
1,2,0,mañana
1,7,0,mañana
1,1,0,mañana
1,5,0,mañana
1,2,0,mañana
1,10,0,mañana
1,16,1,mañana
1,9,0,mañana
1,8,0,mañana
1,148,1,mañana
1,13,0,mañana
1,21,1,mañana
1,57,1,mañana
1,27,1,mañana
1,13,0,mañana
1,8,0,mañana
1,17,1,mañana
1,16,1,mañana
1,6,0,mañana
1,27,1,mañana
1,33,1,mañana
1,40,1,mañana
1,1,0,mañana
1,21,1,mañana
1,3,0,mañana
1,8,0,mañana
1,19,1,mañana
1,25,1,mañana
1,22,1,mañana
1,22,1,mañana
1,12,0,mañana
1,4,0,tarde
1,0,0,tarde
1,2,0,tarde
1,-1,0,tarde
1,21,1,tarde
1,20,1,tarde
1,2,0,tarde
1,37,1,tarde
1,4,0,tarde
1,1,0,tarde
1,0,0,tarde
1,12,0,tarde
1,17,1,tarde
1,18,1,tarde
1,16,1,tarde
1,15,0,tarde
1,3,0,tarde
1,5,0,tarde
1,9,0,tarde
1,21,1,tarde
1,13,0,tarde
1,4,0,tarde
1,15,0,tarde
1,2,0,tarde
1,3,0,tarde
1,5,0,tarde
1,1,0,tarde
1,5,0,tarde
1,4,0,tarde
1,9,0,tarde
1,6,0,tarde
1,16,1,noche
1,-1,0,noche
1,9,0,noche
1,21,1,noche
1,4,0,noche
1,2,0,noche
1,5,0,noche
1,1,0,noche
1,32,1,noche
1,6,0,noche
1,22,1,noche
1,83,1,noche
1,9,0,noche
1,10,0,noche
1,11,0,noche
1,9,0,noche
1,4,0,noche
1,62,1,noche
1,66,1,noche
1,22,1,noche
1,3,0,noche
1,14,0,noche
1,6,0,noche
1,5,0,noche
1,9,0,noche
1,2,0,noche
1,10,0,noche
1,5,0,noche
1,29,1,noche
1,7,0,noche
1,16,1,noche
1,7,0,noche
1,-9,0,noche
1,65,1,noche
1,10,0,noche
1,14,0,noche
1,5,0,noche
1,16,1,noche
1,30,1,noche
1,35,1,noche
1,2,0,noche
1,3,0,noche
1,140,1,noche
1,29,1,noche
1,96,1,noche
1,17,1,noche
1,10,0,noche
1,9,0,noche
1,7,0,noche
1,4,0,noche
1,44,1,noche
1,13,0,noche
1,25,1,noche
1,3,0,noche
1,0,0,noche
1,14,0,noche
1,4,0,noche
1,1,0,noche
1,54,1,noche
1,3,0,noche
1,17,1,noche
1,29,1,noche
1,81,1,noche
1,18,1,noche
1,16,1,noche
1,30,1,noche
1,81,1,noche
1,13,0,noche
1,-1,0,noche
1,19,1,noche
1,10,0,noche
1,22,1,noche
1,25,1,noche
1,6,0,noche
1,16,1,noche
1,11,0,noche
1,14,0,noche
1,3,0,noche
1,1,0,noche
1,39,1,noche
1,8,0,noche
1,4,0,noche
1,9,0,noche
1,-1,0,noche
1,6,0,noche
1,-2,0,mañana
1,5,0,mañana
1,10,0,mañana
1,19,1,noche
1,76,1,noche
1,-5,0,noche
1,45,1,noche
1,9,0,noche
1,1,0,noche
1,27,1,noche
1,10,0,noche
1,24,1,noche
1,13,0,noche
1,11,0,noche
1,10,0,noche
1,7,0,noche
1,39,1,noche
1,3,0,noche
1,18,1,noche
1,2,0,noche
1,4,0,noche
1,95,1,noche
1,8,0,noche
1,1,0,noche
1,-1,0,noche
1,23,1,noche
1,3,0,noche
1,10,0,noche
1,13,0,noche
1,66,1,noche
1,69,1,noche
1,61,1,noche
1,5,0,noche
1,3,0,noche
1,9,0,noche
1,2,0,noche
1,9,0,noche
1,3,0,noche
1,7,0,noche
1,-4,0,noche
1,3,0,noche
1,3,0,noche
1,20,1,noche
1,45,1,noche
1,10,0,noche
1,9,0,noche
1,6,0,noche
1,11,0,noche
1,6,0,noche
1,18,1,noche
1,-2,0,noche
1,11,0,noche
1,15,0,noche
1,18,1,noche
1,14,0,noche
1,-3,0,noche
1,2,0,noche
1,13,0,noche
1,18,1,noche
1,54,1,noche
1,-5,0,noche
1,9,0,noche
1,15,0,noche
1,19,1,noche
1,5,0,noche
1,1,0,noche
1,12,0,noche
1,4,0,noche
1,4,0,noche
1,1,0,noche
1,62,1,noche
1,15,0,noche
1,20,1,noche
1,23,1,noche
1,30,1,noche
1,3,0,noche
1,2,0,noche
1,31,1,noche
1,1,0,noche
1,4,0,noche
1,1,0,noche
1,0,0,noche
1,13,0,noche
1,6,0,noche
1,-5,0,noche
1,-3,0,noche
1,-1,0,noche
1,122,1,noche
1,43,1,noche
1,8,0,noche
1,12,0,noche
1,10,0,noche
1,13,0,noche
1,24,1,noche
1,-2,0,noche
1,13,0,noche
1,4,0,noche
1,38,1,noche
1,3,0,noche
1,49,1,noche
1,34,1,noche
1,-1,0,noche
1,-7,0,noche
1,8,0,noche
1,-4,0,noche
1,0,0,noche
1,0,0,noche
1,10,0,noche
1,7,0,noche
1,2,0,noche
1,17,1,noche
1,39,1,noche
1,92,1,noche
1,3,0,noche
1,4,0,noche
1,0,0,mañana
1,15,0,mañana
1,10,0,mañana
1,46,1,mañana
1,10,0,mañana
1,44,1,mañana
1,12,0,mañana
1,4,0,mañana
1,9,0,mañana
1,3,0,mañana
1,27,1,mañana
1,5,0,mañana
1,0,0,mañana
1,4,0,mañana
1,14,0,mañana
1,8,0,mañana
1,5,0,mañana
1,5,0,mañana
1,5,0,mañana
1,35,1,tarde
1,11,0,tarde
1,0,0,tarde
1,4,0,tarde
1,7,0,tarde
1,41,1,tarde
1,-1,0,tarde
1,24,1,tarde
1,116,1,tarde
1,5,0,tarde
1,58,1,tarde
1,31,1,tarde
1,1,0,mañana
1,17,1,mañana
1,17,1,mañana
1,23,1,mañana
1,6,0,mañana
1,1,0,mañana
1,1,0,mañana
1,62,1,mañana
1,36,1,mañana
1,12,0,mañana
1,78,1,mañana
1,9,0,mañana
1,14,0,mañana
1,8,0,mañana
1,1,0,mañana
1,11,0,mañana
1,-2,0,mañana
1,19,1,mañana
1,-1,0,mañana
1,7,0,mañana
1,-3,0,mañana
1,-3,0,mañana
1,5,0,mañana
1,2,0,mañana
1,5,0,mañana
1,19,1,mañana
1,2,0,mañana
1,8,0,mañana
1,-7,0,mañana
1,-2,0,mañana
1,1,0,mañana
1,11,0,mañana
1,2,0,mañana
1,-1,0,mañana
1,-8,0,mañana
1,39,1,mañana
1,11,0,mañana
1,-4,0,mañana
1,1,0,mañana
1,14,0,mañana
1,11,0,mañana
1,6,0,mañana
1,5,0,mañana
1,16,1,noche
1,40,1,noche
1,43,1,noche
1,142,1,noche
1,2,0,noche
1,7,0,noche
1,15,0,noche
1,30,1,noche
1,21,1,noche
1,8,0,noche
1,7,0,noche
1,128,1,noche
1,15,0,noche
1,30,1,noche
1,1,0,noche
1,0,0,noche
1,31,1,noche
1,21,1,noche
1,35,1,noche
1,5,0,noche
1,9,0,noche
1,127,1,noche
1,31,1,noche
1,0,0,noche
1,4,0,noche
1,-2,0,noche
1,-2,0,noche
1,6,0,noche
1,-1,0,noche
1,7,0,noche
1,33,1,noche
1,26,1,noche
1,39,1,noche
1,15,0,noche
1,4,0,noche
1,11,0,noche
1,0,0,noche
1,1,0,noche
1,4,0,noche
1,3,0,noche
1,11,0,noche
1,-2,0,noche
1,14,0,noche
1,-5,0,noche
1,-1,0,noche
1,1,0,tarde
1,9,0,tarde
1,4,0,tarde
1,30,1,tarde
1,-1,0,tarde
1,2,0,tarde
1,-1,0,tarde
1,1,0,tarde
1,3,0,tarde
1,31,1,tarde
1,13,0,mañana
1,-5,0,tarde
1,59,1,tarde
1,6,0,tarde
1,-1,0,mañana
1,5,0,tarde
1,9,0,tarde
1,15,0,tarde
1,22,1,tarde
1,-3,0,tarde
1,9,0,tarde
1,-1,0,tarde
1,3,0,tarde
1,0,0,tarde
1,1,0,tarde
1,6,0,tarde
1,84,1,tarde
1,16,1,tarde
1,6,0,tarde
1,14,0,tarde
1,7,0,tarde
1,20,1,tarde
1,0,0,tarde
1,15,0,tarde
1,22,1,tarde
1,20,1,tarde
1,4,0,tarde
1,7,0,tarde
1,5,0,tarde
1,15,0,tarde
1,26,1,tarde
1,16,1,tarde
1,16,1,tarde
1,7,0,tarde
1,5,0,tarde
1,23,1,tarde
1,8,0,tarde
1,4,0,tarde
1,-5,0,tarde
1,29,1,tarde
1,5,0,tarde
1,9,0,tarde
1,-1,0,tarde
1,15,0,tarde
1,14,0,tarde
1,-3,0,tarde
1,13,0,tarde
1,0,0,tarde
1,18,1,tarde
1,11,0,tarde
1,11,0,tarde
1,8,0,tarde
1,3,0,tarde
1,15,0,tarde
1,47,1,tarde
1,5,0,tarde
1,7,0,tarde
1,2,0,tarde
1,13,0,tarde
1,4,0,tarde
1,61,1,tarde
1,14,0,tarde
1,0,0,mañana
1,3,0,mañana
1,1,0,mañana
1,7,0,mañana
1,-1,0,mañana
1,10,0,mañana
1,-6,0,mañana
1,26,1,mañana
1,-5,0,mañana
1,8,0,mañana
1,43,1,tarde
1,1,0,tarde
1,18,1,tarde
1,32,1,tarde
1,17,1,noche
1,7,0,noche
1,2,0,noche
1,3,0,noche
1,14,0,noche
1,15,0,noche
1,27,1,noche
1,3,0,noche
1,9,0,noche
1,7,0,noche
1,72,1,noche
1,73,1,noche
1,-1,0,noche
1,34,1,noche
1,9,0,noche
1,14,0,noche
1,33,1,noche
1,24,1,noche
1,10,0,noche
1,9,0,noche
1,21,1,noche
1,14,0,noche
1,-3,0,noche
1,4,0,noche
1,15,0,noche
1,13,0,noche
1,14,0,noche
1,10,0,noche
1,19,1,noche
1,41,1,noche
1,5,0,noche
1,-2,0,noche
1,5,0,noche
1,33,1,noche
1,5,0,noche
1,4,0,noche
1,-1,0,noche
1,6,0,noche
1,1,0,noche
1,-5,0,mañana
1,0,0,mañana
1,6,0,mañana
1,5,0,mañana
1,-1,0,mañana
1,1,0,mañana
1,-1,0,mañana
1,3,0,mañana
1,2,0,mañana
1,1,0,mañana
1,2,0,mañana
1,0,0,mañana
1,25,1,mañana
1,8,0,mañana
1,56,1,mañana
1,-1,0,mañana
1,42,1,mañana
1,4,0,mañana
1,-2,0,mañana
1,4,0,mañana
1,13,0,mañana
1,17,1,mañana
1,11,0,mañana
1,23,1,mañana
1,8,0,mañana
1,-4,0,mañana
1,0,0,mañana
1,0,0,mañana
1,9,0,mañana
1,49,1,mañana
1,9,0,mañana
1,-3,0,tarde
1,7,0,tarde
1,23,1,tarde
1,21,1,tarde
1,16,1,tarde
1,-2,0,tarde
1,-2,0,tarde
1,17,1,tarde
1,21,1,tarde
1,18,1,tarde
1,14,0,tarde
1,39,1,tarde
1,24,1,tarde
1,33,1,tarde
1,6,0,tarde
1,8,0,tarde
1,20,1,tarde
1,19,1,tarde
1,9,0,tarde
1,20,1,tarde
1,25,1,tarde
1,11,0,tarde
1,44,1,tarde
1,22,1,tarde
1,9,0,tarde
1,-5,0,tarde
1,9,0,tarde
1,3,0,tarde
1,6,0,tarde
1,8,0,tarde
1,1,0,mañana
1,5,0,mañana
1,2,0,mañana
1,36,1,mañana
1,7,0,mañana
1,11,0,mañana
1,1,0,mañana
1,9,0,mañana
1,2,0,mañana
1,-5,0,mañana
1,5,0,mañana
1,8,0,mañana
1,122,1,mañana
1,7,0,mañana
1,29,1,mañana
1,8,0,mañana
1,1,0,mañana
1,6,0,mañana
1,6,0,mañana
1,4,0,mañana
1,0,0,mañana
1,6,0,mañana
1,-3,0,mañana
1,-2,0,mañana
1,2,0,mañana
1,2,0,mañana
1,14,0,mañana
1,3,0,mañana
1,6,0,mañana
1,-1,0,mañana
1,13,0,mañana
1,7,0,mañana
1,10,0,mañana
1,5,0,mañana
1,48,1,mañana
1,5,0,mañana
1,-3,0,mañana
1,7,0,mañana
1,2,0,mañana
1,21,1,mañana
1,11,0,mañana
1,-1,0,mañana
1,4,0,mañana
1,5,0,mañana
1,7,0,mañana
1,2,0,mañana
1,-3,0,mañana
1,12,0,mañana
1,-1,0,mañana
1,1,0,mañana
1,3,0,mañana
1,3,0,mañana
1,6,0,mañana
1,13,0,tarde
1,12,0,tarde
1,8,0,tarde
1,3,0,tarde
1,17,1,tarde
1,-9,0,tarde
1,11,0,tarde
1,22,1,tarde
1,1,0,mañana
1,0,0,mañana
1,12,0,tarde
1,15,0,mañana
1,-2,0,mañana
1,8,0,mañana
1,21,1,tarde
1,5,0,mañana
1,5,0,mañana
1,-1,0,tarde
1,16,1,mañana
1,25,1,mañana
1,6,0,mañana
1,10,0,mañana
1,27,1,noche
1,15,0,noche
1,29,1,noche
1,17,1,noche
1,55,1,noche
1,10,0,noche
1,69,1,noche
1,21,1,noche
1,11,0,noche
1,3,0,noche
1,-2,0,noche
1,7,0,noche
1,25,1,noche
1,9,0,noche
1,51,1,noche
1,35,1,noche
1,42,1,noche
1,4,0,noche
1,99,1,noche
1,22,1,noche
1,31,1,noche
1,30,1,noche
1,29,1,noche
1,31,1,noche
1,39,1,noche
1,34,1,noche
1,51,1,noche
1,99,1,noche
1,45,1,noche
1,42,1,noche
1,4,0,tarde
1,13,0,tarde
1,6,0,tarde
1,0,0,tarde
1,40,1,tarde
1,8,0,mañana
1,7,0,mañana
1,3,0,mañana
1,-2,0,mañana
1,2,0,mañana
1,1,0,mañana
1,39,1,mañana
1,-1,0,mañana
1,2,0,mañana
1,12,0,mañana
1,7,0,mañana
1,123,1,mañana
1,1,0,mañana
1,17,1,mañana
1,2,0,mañana
1,6,0,mañana
1,-4,0,mañana
1,4,0,mañana
1,14,0,mañana
1,16,1,mañana
1,18,1,mañana
1,3,0,mañana
1,23,1,mañana
1,-2,0,mañana
1,4,0,tarde
1,10,0,tarde
1,21,1,tarde
1,6,0,tarde
1,10,0,tarde
1,-3,0,noche
1,5,0,noche
1,-5,0,noche
1,49,1,noche
1,-4,0,noche
1,8,0,mañana
1,0,0,mañana
1,34,1,mañana
1,34,1,mañana
1,24,1,mañana
1,9,0,mañana
1,8,0,mañana
1,-1,0,mañana
1,11,0,mañana
1,-1,0,mañana
1,11,0,mañana
1,17,1,mañana
1,4,0,mañana
1,8,0,mañana
1,5,0,mañana
1,8,0,mañana
1,17,1,mañana
1,27,1,mañana
1,1,0,mañana
1,3,0,mañana
1,-2,0,mañana
1,41,1,mañana
1,15,0,mañana
1,1,0,mañana
1,19,1,mañana
1,1,0,mañana
1,-2,0,mañana
1,15,0,mañana
1,-2,0,mañana
1,7,0,mañana
1,4,0,noche
1,6,0,noche
1,16,1,noche
1,1,0,noche
1,5,0,noche
1,6,0,noche
1,-3,0,noche
1,6,0,noche
1,29,1,noche
1,3,0,noche
1,4,0,noche
1,5,0,noche
1,130,1,noche
1,21,1,noche
1,8,0,noche
1,12,0,noche
1,9,0,noche
1,-1,0,noche
1,12,0,noche
1,110,1,noche
1,4,0,noche
1,3,0,noche
1,6,0,noche
1,1,0,noche
1,4,0,noche
1,8,0,noche
1,4,0,noche
1,42,1,noche
1,8,0,noche
1,7,0,noche
1,67,1,noche
1,24,1,mañana
1,7,0,mañana
1,5,0,mañana
1,2,0,mañana
1,7,0,mañana
1,3,0,mañana
1,11,0,mañana
1,2,0,mañana
1,0,0,mañana
1,8,0,mañana
1,12,0,mañana
1,2,0,mañana
1,5,0,tarde
1,8,0,tarde
1,18,1,tarde
1,7,0,tarde
1,22,1,tarde
1,40,1,tarde
1,7,0,tarde
1,11,0,tarde
1,1,0,mañana
1,4,0,mañana
1,-1,0,mañana
1,6,0,mañana
1,-1,0,mañana
1,6,0,mañana
1,5,0,mañana
1,-1,0,mañana
1,1,0,mañana
1,20,1,mañana
1,0,0,mañana
1,-4,0,mañana
1,10,0,mañana
1,15,0,mañana
1,8,0,mañana
1,3,0,mañana
1,28,1,mañana
1,-1,0,mañana
1,16,1,mañana
1,10,0,mañana
1,8,0,mañana
1,1,0,mañana
1,16,1,mañana
1,15,0,mañana
1,18,1,mañana
1,9,0,mañana
1,6,0,mañana
1,27,1,mañana
1,6,0,mañana
1,7,0,mañana
1,3,0,tarde
1,4,0,tarde
1,25,1,tarde
1,31,1,tarde
1,11,0,tarde
1,11,0,tarde
1,12,0,tarde
1,14,0,tarde
1,1,0,tarde
1,11,0,tarde
1,17,1,tarde
1,8,0,tarde
1,18,1,tarde
1,7,0,tarde
1,2,0,tarde
1,3,0,tarde
1,25,1,tarde
1,21,1,tarde
1,0,0,tarde
1,3,0,tarde
1,6,0,tarde
1,4,0,tarde
1,-1,0,tarde
1,4,0,tarde
1,4,0,tarde
1,8,0,tarde
1,24,1,tarde
1,9,0,tarde
1,11,0,tarde
1,2,0,tarde
1,5,0,mañana
1,-1,0,mañana
1,7,0,mañana
1,0,0,mañana
1,15,0,mañana
1,6,0,mañana
1,8,0,mañana
1,7,0,mañana
1,12,0,mañana
1,18,1,mañana
1,2,0,mañana
1,9,0,mañana
1,8,0,mañana
1,17,1,mañana
1,17,1,mañana
1,35,1,mañana
1,-3,0,mañana
1,-2,0,mañana
1,2,0,mañana
1,61,1,mañana
1,39,1,mañana
1,5,0,mañana
1,7,0,mañana
1,14,0,mañana
1,31,1,mañana
1,8,0,mañana
1,4,0,mañana
1,31,1,mañana
1,5,0,mañana
1,-1,0,mañana
1,1,0,mañana
1,12,0,tarde
1,-3,0,tarde
1,8,0,tarde
1,2,0,tarde
1,-6,0,tarde
1,9,0,tarde
1,5,0,tarde
1,14,0,tarde
1,5,0,tarde
1,1,0,tarde
1,20,1,tarde
1,8,0,tarde
1,18,1,tarde
1,14,0,tarde
1,3,0,tarde
1,95,1,tarde
1,9,0,tarde
1,11,0,tarde
1,100,1,tarde
1,1,0,tarde
1,5,0,tarde
1,11,0,mañana
1,0,0,mañana
1,1,0,mañana
1,30,1,mañana
1,8,0,mañana
1,31,1,mañana
1,15,0,mañana
1,-4,0,mañana
1,10,0,mañana
1,16,1,mañana
1,26,1,mañana
1,19,1,mañana
1,9,0,mañana
1,21,1,mañana
1,15,0,mañana
1,11,0,mañana
1,4,0,mañana
1,11,0,mañana
1,6,0,mañana
1,25,1,mañana
1,28,1,mañana
1,12,0,mañana
1,2,0,mañana
1,8,0,mañana
1,4,0,mañana
1,5,0,mañana
1,13,0,mañana
1,18,1,tarde
1,3,0,tarde
1,21,1,tarde
1,8,0,tarde
1,2,0,tarde
1,9,0,tarde
1,1,0,tarde
1,-1,0,tarde
1,1,0,tarde
1,2,0,tarde
1,2,0,tarde
1,6,0,tarde
1,2,0,tarde
1,1,0,mañana
1,4,0,mañana
1,2,0,mañana
1,14,0,mañana
1,0,0,mañana
1,32,1,mañana
1,4,0,mañana
1,8,0,mañana
1,9,0,mañana
1,-1,0,mañana
1,2,0,mañana
1,4,0,mañana
1,13,0,mañana
1,8,0,mañana
1,7,0,mañana
1,2,0,mañana
1,143,1,mañana
1,25,1,mañana
1,4,0,noche
1,0,0,noche
1,4,0,noche
1,7,0,noche
1,14,0,noche
1,6,0,noche
1,0,0,noche
1,3,0,mañana
1,10,0,mañana
1,-1,0,mañana
1,0,0,mañana
1,12,0,noche
1,32,1,tarde
1,-2,0,tarde
1,0,0,tarde
1,-1,0,tarde
1,2,0,noche
1,-4,0,tarde
1,36,1,noche
1,14,0,tarde
1,23,1,noche
1,-3,0,tarde
1,24,1,noche
1,1,0,tarde
1,0,0,noche
1,18,1,mañana
1,2,0,mañana
1,75,1,mañana
1,-1,0,mañana
1,4,0,tarde
1,1,0,tarde
1,7,0,tarde
1,6,0,tarde
1,7,0,tarde
1,17,1,tarde
1,18,1,tarde
1,26,1,tarde
1,0,0,tarde
1,6,0,tarde
1,-3,0,tarde
1,6,0,tarde
1,1,0,tarde
1,-2,0,tarde
1,11,0,tarde
1,25,1,tarde
1,22,1,tarde
1,21,1,tarde
1,18,1,tarde
1,6,0,tarde
1,6,0,tarde
1,-1,0,tarde
1,8,0,tarde
1,12,0,tarde
1,9,0,tarde
1,12,0,tarde
1,3,0,tarde
1,11,0,tarde
1,16,1,tarde
1,4,0,tarde
1,13,0,mañana
1,0,0,mañana
1,-1,0,mañana
1,6,0,mañana
1,3,0,mañana
1,7,0,mañana
1,3,0,mañana
1,4,0,mañana
1,63,1,tarde
1,19,1,tarde
1,10,0,tarde
1,6,0,tarde
1,5,0,tarde
1,94,1,tarde
1,2,0,tarde
1,-4,0,mañana
1,6,0,mañana
1,0,0,mañana
1,17,1,mañana
1,10,0,mañana
1,-2,0,mañana
1,35,1,mañana
1,24,1,mañana
1,27,1,mañana
1,79,1,mañana
1,-4,0,mañana
1,5,0,mañana
1,61,1,mañana
1,57,1,mañana
1,12,0,mañana
1,5,0,mañana
1,3,0,mañana
1,1,0,tarde
1,15,0,mañana
1,24,1,mañana
1,103,1,mañana
1,-12,0,tarde
1,25,1,mañana
1,22,1,mañana
1,4,0,mañana
1,14,0,mañana
1,-10,0,mañana
1,0,0,mañana
1,28,1,mañana
1,14,0,mañana
1,5,0,mañana
1,18,1,mañana
1,3,0,mañana
1,7,0,mañana
1,25,1,mañana
1,6,0,mañana
1,1,0,mañana
1,10,0,mañana
1,2,0,mañana
1,6,0,mañana
1,4,0,mañana
1,-4,0,mañana
1,-2,0,mañana
1,64,1,mañana
1,5,0,mañana
1,1,0,mañana
1,5,0,mañana
1,0,0,mañana
1,4,0,mañana
1,3,0,mañana
1,9,0,mañana
1,-1,0,mañana
1,8,0,mañana
1,-2,0,mañana
1,89,1,mañana
1,-4,0,mañana
1,-5,0,mañana
1,-5,0,mañana
1,3,0,mañana
1,15,0,mañana
1,-10,0,mañana
1,-3,0,mañana
1,4,0,noche
1,10,0,noche
1,0,0,noche
1,1,0,noche
1,8,0,noche
1,12,0,noche
1,10,0,noche
1,6,0,noche
1,21,1,noche
1,13,0,noche
1,7,0,noche
1,12,0,noche
1,1,0,noche
1,13,0,noche
1,3,0,noche
1,9,0,noche
1,5,0,noche
1,9,0,noche
1,7,0,noche
1,0,0,noche
1,3,0,noche
1,0,0,noche
1,18,1,noche
1,19,1,noche
1,18,1,noche
1,10,0,noche
1,7,0,noche
1,3,0,noche
1,8,0,noche
1,0,0,noche
1,18,1,noche
1,-4,0,noche
1,35,1,noche
1,33,1,noche
1,1,0,noche
1,14,0,noche
1,50,1,noche
1,14,0,noche
1,37,1,noche
1,22,1,noche
1,9,0,noche
1,11,0,noche
1,-2,0,noche
1,19,1,noche
1,0,0,noche
1,12,0,noche
1,8,0,noche
1,22,1,noche
1,-2,0,noche
1,0,0,noche
1,-2,0,noche
1,9,0,noche
1,4,0,noche
1,6,0,noche
1,1,0,noche
1,9,0,noche
1,2,0,noche
1,-2,0,noche
1,3,0,noche
1,0,0,noche
1,0,0,noche
1,-2,0,noche
1,0,0,noche
1,2,0,noche
1,-1,0,noche
1,5,0,noche
1,0,0,noche
1,1,0,noche
1,-4,0,noche
1,1,0,noche
1,9,0,mañana
1,7,0,mañana
1,20,1,mañana
1,151,1,mañana
1,10,0,mañana
1,-6,0,mañana
1,11,0,mañana
1,60,1,mañana
1,1,0,mañana
1,11,0,mañana
1,6,0,mañana
1,9,0,mañana
1,13,0,mañana
1,20,1,mañana
1,27,1,mañana
1,9,0,mañana
1,21,1,mañana
1,0,0,tarde
1,20,1,tarde
1,21,1,tarde
1,6,0,tarde
1,22,1,tarde
1,13,0,tarde
1,14,0,tarde
1,16,1,tarde
1,17,1,tarde
1,93,1,tarde
1,18,1,tarde
1,6,0,tarde
1,26,1,tarde
1,13,0,tarde
1,18,1,tarde
1,-1,0,mañana
1,-1,0,mañana
1,20,1,mañana
1,0,0,tarde
1,1,0,tarde
1,3,0,mañana
1,4,0,noche
1,32,1,tarde
1,97,1,noche
1,12,0,mañana
1,24,1,tarde
1,7,0,mañana
1,23,1,mañana
1,46,1,mañana
1,8,0,mañana
1,10,0,mañana
1,0,0,mañana
1,0,0,mañana
1,0,0,mañana
1,9,0,mañana
1,6,0,mañana
1,15,0,mañana
1,3,0,mañana
1,0,0,mañana
1,0,0,mañana
1,3,0,mañana
1,6,0,mañana
1,-5,0,mañana
1,17,1,mañana
1,44,1,mañana
1,13,0,mañana
1,70,1,noche
1,63,1,noche
1,22,1,noche
1,46,1,noche
1,5,0,noche
1,93,1,noche
1,11,0,noche
1,21,1,noche
1,5,0,noche
1,17,1,noche
1,-7,0,noche
1,62,1,noche
1,11,0,noche
1,0,0,noche
1,23,1,noche
1,19,1,noche
1,0,0,noche
1,60,1,noche
1,81,1,noche
1,40,1,noche
1,5,0,noche
1,47,1,noche
1,0,0,noche
1,6,0,noche
1,63,1,noche
1,14,0,noche
1,4,0,noche
1,5,0,noche
1,83,1,noche
1,4,0,noche
1,-14,0,noche
1,-9,0,noche
1,-8,0,noche
1,-5,0,noche
1,-12,0,noche
1,-11,0,noche
1,-12,0,noche
1,79,1,noche
1,-10,0,noche
1,-6,0,noche
1,-3,0,noche
1,-6,0,noche
1,-8,0,noche
1,-7,0,noche
1,-8,0,noche
1,1,0,noche
1,-6,0,noche
1,5,0,noche
1,1,0,noche
1,129,1,noche
1,8,0,noche
1,2,0,noche
1,-3,0,noche
1,-2,0,noche
1,-9,0,noche
1,-9,0,noche
1,-7,0,noche
1,-5,0,noche
1,-5,0,noche
1,-7,0,noche
1,-9,0,noche
1,-5,0,noche
1,-9,0,noche
1,160,1,noche
1,-2,0,noche
1,-7,0,noche
1,-2,0,noche
1,7,0,noche
1,3,0,noche
1,-4,0,noche
1,-3,0,noche
1,-9,0,noche
1,-4,0,noche
1,-3,0,noche
1,1,0,noche
1,4,0,noche
1,17,1,noche
1,-4,0,noche
1,3,0,noche
1,-2,0,noche
1,-4,0,noche
1,-10,0,noche
1,-3,0,noche
1,-11,0,noche
1,-6,0,noche
1,-11,0,noche
1,21,1,noche
1,-2,0,noche
1,-8,0,noche
1,-10,0,noche
1,-12,0,noche
1,-6,0,noche
1,29,1,tarde
1,81,1,tarde
1,8,0,tarde
1,25,1,tarde
1,57,1,tarde
1,42,1,tarde
1,70,1,tarde
1,54,1,tarde
1,2,0,tarde
1,18,1,tarde
1,13,0,tarde
1,86,1,tarde
1,70,1,tarde
1,39,1,tarde
1,19,1,tarde
1,14,0,tarde
1,26,1,tarde
1,27,1,tarde
1,14,0,tarde
1,39,1,tarde
1,6,0,tarde
1,35,1,tarde
1,16,1,tarde
1,26,1,tarde
1,25,1,noche
1,37,1,noche
1,5,0,noche
1,11,0,noche
1,29,1,noche
1,0,0,noche
1,24,1,noche
1,-6,0,noche
1,2,0,noche
1,7,0,noche
1,55,1,noche
1,59,1,noche
1,18,1,noche
1,19,1,noche
1,3,0,noche
1,-2,0,noche
1,7,0,noche
1,44,1,noche
1,6,0,noche
1,65,1,noche
1,-1,0,noche
1,43,1,noche
1,36,1,noche
1,36,1,noche
1,-5,0,tarde
1,14,0,tarde
1,-8,0,tarde
1,0,0,tarde
1,-4,0,tarde
1,14,0,tarde
1,-6,0,tarde
1,4,0,tarde
1,2,0,tarde
1,5,0,tarde
1,-1,0,tarde
1,9,0,tarde
1,-4,0,tarde
1,-3,0,tarde
1,28,1,tarde
1,5,0,tarde
1,-4,0,tarde
1,-1,0,tarde
1,3,0,tarde
1,3,0,tarde
1,0,0,tarde
1,-5,0,tarde
1,-4,0,tarde
1,-2,0,tarde
1,1,0,tarde
1,6,0,tarde
1,11,0,tarde
1,-6,0,tarde
1,0,0,noche
1,8,0,noche
1,-2,0,noche
1,-7,0,noche
1,-14,0,noche
1,-13,0,noche
1,-10,0,noche
1,-1,0,noche
1,-7,0,noche
1,1,0,noche
1,-10,0,noche
1,-9,0,noche
1,-3,0,noche
1,-4,0,noche
1,-2,0,noche
1,-4,0,noche
1,-2,0,noche
1,-11,0,noche
1,7,0,noche
1,4,0,noche
1,-6,0,noche
1,-10,0,noche
1,17,1,noche
1,-14,0,noche
1,-6,0,noche
1,0,0,mañana
1,-1,0,mañana
1,-9,0,mañana
1,20,1,mañana
1,-7,0,mañana
1,1,0,mañana
1,-6,0,mañana
1,-2,0,mañana
1,-12,0,mañana
1,-5,0,mañana
1,-8,0,mañana
1,4,0,mañana
1,-14,0,mañana
1,1,0,mañana
1,-1,0,mañana
1,-4,0,mañana
1,-1,0,mañana
1,-2,0,mañana
1,3,0,mañana
1,-3,0,mañana
1,16,1,mañana
1,-7,0,mañana
1,-3,0,mañana
1,-3,0,mañana
1,6,0,mañana
1,11,0,mañana
1,-2,0,mañana
1,3,0,mañana
1,-8,0,mañana
1,-8,0,mañana
1,5,0,mañana
1,-13,0,mañana
1,-13,0,mañana
1,9,0,mañana
1,0,0,mañana
1,-12,0,mañana
1,6,0,mañana
1,-1,0,mañana
1,0,0,mañana
1,5,0,mañana
1,6,0,mañana
1,5,0,mañana
1,-13,0,mañana
1,-4,0,mañana
1,-8,0,mañana
1,-4,0,mañana
1,-3,0,mañana
1,-2,0,mañana
1,-9,0,mañana
1,-1,0,tarde
1,20,1,tarde
1,0,0,tarde
1,13,0,tarde
1,133,1,tarde
1,2,0,tarde
1,-8,0,tarde
1,-2,0,tarde
1,2,0,tarde
1,19,1,tarde
1,-10,0,tarde
1,-5,0,tarde
1,-8,0,tarde
1,-13,0,tarde
1,23,1,tarde
1,-9,0,tarde
1,-4,0,tarde
1,-6,0,tarde
1,-5,0,tarde
1,38,1,tarde
1,-2,0,tarde
1,7,0,tarde
1,13,0,tarde
1,103,1,tarde
1,14,0,tarde
1,15,0,tarde
1,-1,0,tarde
1,2,0,tarde
1,-6,0,noche
1,-12,0,noche
1,6,0,noche
1,18,1,noche
1,10,0,noche
1,13,0,noche
1,-1,0,noche
1,-12,0,noche
1,1,0,noche
1,-3,0,noche
1,-7,0,noche
1,-5,0,noche
1,-8,0,noche
1,7,0,noche
1,-2,0,noche
1,-1,0,noche
1,12,0,noche
1,-7,0,noche
1,0,0,noche
1,18,1,noche
1,-1,0,noche
1,13,0,noche
1,3,0,noche
1,1,0,noche
1,-2,0,mañana
1,37,1,mañana
1,-3,0,mañana
1,7,0,mañana
1,-7,0,noche
1,4,0,noche
1,13,0,noche
1,-3,0,noche
1,-13,0,noche
1,8,0,noche
1,-2,0,noche
1,14,0,noche
1,9,0,noche
1,-11,0,noche
1,-5,0,noche
1,101,1,noche
1,12,0,noche
1,38,1,noche
1,0,0,noche
1,0,0,noche
1,65,1,noche
1,10,0,noche
1,136,1,noche
1,3,0,noche
1,18,1,noche
1,5,0,noche
1,25,1,noche
1,0,0,noche
1,9,0,noche
1,9,0,noche
1,33,1,mañana
1,105,1,mañana
1,27,1,mañana
1,0,0,mañana
1,65,1,mañana
1,18,1,mañana
1,0,0,mañana
1,7,0,mañana
1,26,1,mañana
1,-7,0,mañana
1,-5,0,mañana
1,8,0,mañana
1,-2,0,mañana
1,1,0,mañana
1,8,0,mañana
1,14,0,mañana
1,29,1,mañana
1,22,1,mañana
1,-9,0,mañana
1,-14,0,mañana
1,-7,0,mañana
1,-5,0,mañana
1,-7,0,mañana
1,-1,0,mañana
1,2,0,mañana
1,14,0,mañana
1,4,0,mañana
1,-8,0,mañana
1,29,1,tarde
1,12,0,tarde
1,-1,0,tarde
1,53,1,tarde
1,10,0,tarde
1,-1,0,tarde
1,6,0,tarde
1,1,0,tarde
1,1,0,tarde
1,21,1,tarde
1,18,1,tarde
1,5,0,tarde
1,19,1,tarde
1,15,0,tarde
1,0,0,tarde
1,4,0,tarde
1,-4,0,tarde
1,54,1,tarde
1,20,1,tarde
1,27,1,tarde
1,16,1,tarde
1,20,1,tarde
1,0,0,tarde
1,17,1,tarde
1,9,0,tarde
1,-2,0,tarde
1,6,0,tarde
1,29,1,tarde
1,-8,0,noche
1,-9,0,noche
1,91,1,noche
1,-8,0,noche
1,-5,0,noche
1,0,0,noche
1,-9,0,noche
1,-1,0,noche
1,-10,0,noche
1,2,0,noche
1,-5,0,noche
1,-11,0,noche
1,-1,0,noche
1,-11,0,noche
1,-5,0,noche
1,-13,0,noche
1,2,0,tarde
1,-3,0,tarde
1,22,1,tarde
1,7,0,tarde
1,11,0,tarde
1,15,0,tarde
1,7,0,tarde
1,-13,0,tarde
1,-5,0,tarde
1,2,0,tarde
1,-2,0,tarde
1,-1,0,tarde
1,0,0,tarde
1,-5,0,tarde
1,-4,0,tarde
1,2,0,tarde
1,11,0,tarde
1,-6,0,tarde
1,5,0,tarde
1,12,0,tarde
1,27,1,tarde
1,7,0,tarde
1,1,0,tarde
1,3,0,tarde
1,4,0,tarde
1,-5,0,tarde
1,1,0,tarde
1,2,0,tarde
1,-5,0,tarde
1,-7,0,tarde
1,-3,0,tarde
1,28,1,tarde
1,15,0,tarde
1,54,1,tarde
1,-4,0,tarde
1,0,0,tarde
1,10,0,mañana
1,8,0,mañana
1,-1,0,mañana
1,-8,0,mañana
1,-2,0,mañana
1,-4,0,mañana
1,-3,0,mañana
1,1,0,mañana
1,2,0,mañana
1,2,0,mañana
1,-4,0,mañana
1,-1,0,mañana
1,-7,0,mañana
1,-7,0,mañana
1,8,0,mañana
1,2,0,mañana
1,-10,0,mañana
1,-7,0,mañana
1,-2,0,mañana
1,-5,0,mañana
1,-13,0,mañana
1,-11,0,mañana
1,-13,0,mañana
1,-12,0,mañana
1,-3,0,tarde
1,-10,0,tarde
1,-9,0,tarde
1,-2,0,tarde
1,5,0,tarde
1,4,0,tarde
1,-3,0,tarde
1,31,1,tarde
1,-5,0,tarde
1,-5,0,tarde
1,-8,0,tarde
1,-8,0,tarde
1,-3,0,tarde
1,-3,0,tarde
1,-10,0,tarde
1,-12,0,tarde
1,-8,0,tarde
1,-5,0,tarde
1,-9,0,tarde
1,14,0,tarde
1,-7,0,tarde
1,-9,0,tarde
1,-6,0,tarde
1,-2,0,tarde
1,-8,0,tarde
1,5,0,tarde
1,-1,0,tarde
1,-4,0,noche
1,-6,0,noche
1,0,0,noche
1,-9,0,noche
1,-9,0,noche
1,-8,0,noche
1,-7,0,noche
1,4,0,noche
1,-13,0,noche
1,-10,0,noche
1,-13,0,noche
1,-9,0,noche
1,-7,0,noche
1,7,0,noche
1,-2,0,noche
1,-2,0,noche
1,-2,0,noche
1,1,0,noche
1,-11,0,noche
1,-2,0,noche
1,-7,0,noche
1,-7,0,noche
1,-13,0,noche
1,-8,0,noche
1,2,0,mañana
1,8,0,mañana
1,-6,0,mañana
1,-7,0,mañana
1,20,1,mañana
1,4,0,mañana
1,-2,0,mañana
1,-2,0,mañana
1,-8,0,mañana
1,8,0,mañana
1,-8,0,mañana
1,2,0,mañana
1,9,0,mañana
1,10,0,mañana
1,4,0,mañana
1,4,0,mañana
1,-6,0,mañana
1,14,0,mañana
1,10,0,mañana
1,7,0,mañana
1,5,0,mañana
1,2,0,mañana
1,-1,0,mañana
1,17,1,mañana
1,14,0,mañana
1,-10,0,mañana
1,-6,0,mañana
1,10,0,mañana
1,13,0,noche
1,11,0,noche
1,6,0,noche
1,3,0,noche
1,1,0,noche
1,9,0,noche
1,1,0,noche
1,4,0,noche
1,10,0,noche
1,2,0,noche
1,6,0,noche
1,0,0,noche
1,7,0,noche
1,-12,0,noche
1,3,0,noche
1,-2,0,noche
1,-5,0,noche
1,2,0,noche
1,0,0,noche
1,0,0,noche
1,-3,0,noche
1,-1,0,noche
1,-8,0,noche
1,4,0,noche
1,1,0,noche
1,9,0,noche
1,5,0,noche
1,-4,0,noche
1,0,0,noche
1,-13,0,noche
1,0,0,noche
1,-13,0,noche
1,-6,0,noche
1,1,0,noche
1,2,0,noche
1,9,0,noche
1,-3,0,noche
1,3,0,noche
1,3,0,noche
1,2,0,noche
1,-1,0,noche
1,-9,0,noche
1,-13,0,noche
1,1,0,noche
1,-10,0,noche
1,0,0,noche
1,0,0,noche
1,-7,0,noche
1,-6,0,noche
1,1,0,noche
1,-2,0,noche
1,11,0,noche
1,11,0,noche
1,0,0,noche
1,-4,0,noche
1,-9,0,noche
1,-8,0,noche
1,-9,0,noche
1,-14,0,noche
1,-3,0,noche
1,-7,0,noche
1,-4,0,noche
1,-4,0,noche
1,0,0,noche
1,4,0,noche
1,-3,0,noche
1,1,0,noche
1,5,0,noche
1,-3,0,noche
1,-10,0,noche
1,-7,0,noche
1,-8,0,noche
1,-4,0,noche
1,-3,0,noche
1,-5,0,noche
1,-3,0,noche
1,-6,0,noche
1,-4,0,noche
1,-8,0,noche
1,-9,0,noche
1,3,0,noche
1,2,0,noche
1,1,0,noche
1,-7,0,mañana
1,-6,0,mañana
1,-11,0,mañana
1,17,1,mañana
1,-6,0,mañana
1,-7,0,mañana
1,-12,0,mañana
1,-9,0,mañana
1,-7,0,mañana
1,-8,0,mañana
1,-14,0,mañana
1,-14,0,mañana
1,-12,0,mañana
1,-2,0,mañana
1,-13,0,mañana
1,-11,0,mañana
1,-14,0,mañana
1,-5,0,mañana
1,22,1,tarde
1,4,0,tarde
1,4,0,tarde
1,35,1,tarde
1,4,0,tarde
1,15,0,tarde
1,24,1,tarde
1,30,1,tarde
1,35,1,tarde
1,25,1,tarde
1,5,0,tarde
1,-4,0,tarde
1,11,0,tarde
1,-1,0,tarde
1,17,1,tarde
1,13,0,tarde
1,8,0,tarde
1,21,1,tarde
1,-1,0,tarde
1,15,0,tarde
1,-1,0,tarde
1,42,1,tarde
1,-1,0,tarde
1,1,0,tarde
1,2,0,tarde
1,-2,0,tarde
1,22,1,tarde
1,5,0,noche
1,-2,0,noche
1,-5,0,noche
1,-8,0,noche
1,2,0,noche
1,53,1,noche
1,-12,0,noche
1,-5,0,noche
1,-10,0,noche
1,-6,0,noche
1,-4,0,noche
1,35,1,noche
1,-14,0,noche
1,10,0,noche
1,-3,0,noche
1,-13,0,noche
1,-3,0,noche
1,-3,0,noche
1,-9,0,noche
1,-13,0,noche
1,1,0,tarde
1,0,0,tarde
1,8,0,tarde
1,-4,0,tarde
1,0,0,tarde
1,1,0,tarde
1,7,0,tarde
1,19,1,tarde
1,31,1,tarde
1,8,0,tarde
1,-2,0,tarde
1,2,0,tarde
1,2,0,tarde
1,3,0,tarde
1,10,0,tarde
1,5,0,tarde
1,7,0,tarde
1,-4,0,tarde
1,-4,0,tarde
1,4,0,tarde
1,16,1,tarde
1,2,0,tarde
1,8,0,tarde
1,4,0,tarde
1,14,0,tarde
1,0,0,tarde
1,5,0,tarde
1,9,0,tarde
1,-3,0,tarde
1,5,0,tarde
1,5,0,tarde
1,-14,0,tarde
1,-2,0,tarde
1,2,0,tarde
1,6,0,tarde
1,1,0,tarde
1,-4,0,tarde
1,-1,0,tarde
1,5,0,tarde
1,-8,0,tarde
1,4,0,tarde
1,2,0,tarde
1,-11,0,tarde
1,-7,0,tarde
1,-7,0,tarde
1,-12,0,tarde
1,13,0,tarde
1,0,0,tarde
1,43,1,tarde
1,64,1,tarde
1,24,1,tarde
1,57,1,tarde
1,11,0,tarde
1,20,1,tarde
1,14,0,tarde
1,1,0,tarde
1,5,0,tarde
1,9,0,tarde
1,-7,0,tarde
1,-2,0,tarde
1,13,0,tarde
1,0,0,tarde
1,26,1,tarde
1,11,0,tarde
1,14,0,mañana
1,-3,0,mañana
1,12,0,mañana
1,-2,0,mañana
1,2,0,mañana
1,-11,0,mañana
1,-14,0,mañana
1,-8,0,mañana
1,30,1,mañana
1,-12,0,mañana
1,0,0,mañana
1,0,0,mañana
1,-7,0,mañana
1,-9,0,mañana
1,-4,0,mañana
1,-1,0,mañana
1,-4,0,mañana
1,-6,0,mañana
1,-1,0,mañana
1,-5,0,mañana
1,-8,0,mañana
1,-13,0,mañana
1,-1,0,mañana
1,-3,0,mañana
1,-5,0,mañana
1,-5,0,mañana
1,-5,0,mañana
1,-8,0,mañana
1,115,1,noche
1,-7,0,noche
1,88,1,noche
1,-6,0,noche
1,1,0,noche
1,-5,0,noche
1,-4,0,noche
1,-3,0,noche
1,-7,0,noche
1,-1,0,noche
1,7,0,noche
1,-6,0,noche
1,-6,0,noche
1,-11,0,noche
1,-1,0,noche
1,-3,0,noche
1,-3,0,noche
1,0,0,noche
1,-10,0,noche
1,112,1,noche
1,-10,0,noche
1,-12,0,noche
1,-4,0,noche
1,-9,0,noche
1,-9,0,noche
1,-11,0,noche
1,-3,0,noche
1,6,0,tarde
1,21,1,tarde
1,21,1,tarde
1,14,0,tarde
1,-2,0,tarde
1,1,0,tarde
1,-3,0,tarde
1,3,0,tarde
1,3,0,tarde
1,30,1,tarde
1,29,1,tarde
1,8,0,tarde
1,117,1,tarde
1,-6,0,tarde
1,3,0,tarde
1,4,0,tarde
1,9,0,tarde
1,5,0,tarde
1,80,1,tarde
1,-6,0,tarde
1,1,0,tarde
1,11,0,tarde
1,7,0,tarde
1,3,0,tarde
1,0,0,tarde
1,4,0,tarde
1,72,1,tarde
1,0,0,tarde
1,2,0,tarde
1,-4,0,tarde
1,-5,0,tarde
1,-1,0,tarde
1,8,0,tarde
1,-2,0,tarde
1,-6,0,tarde
1,-3,0,tarde
1,-2,0,tarde
1,9,0,tarde
1,9,0,tarde
1,59,1,noche
1,1,0,noche
1,-6,0,noche
1,-11,0,noche
1,7,0,noche
1,-3,0,noche
1,1,0,noche
1,0,0,noche
1,1,0,noche
1,0,0,noche
1,4,0,mañana
1,-6,0,mañana
1,14,0,mañana
1,-1,0,mañana
1,15,0,mañana
1,18,1,mañana
1,17,1,tarde
1,23,1,tarde
1,-6,0,tarde
1,0,0,tarde
1,12,0,tarde
1,10,0,tarde
1,4,0,tarde
1,-8,0,tarde
1,-1,0,tarde
1,-5,0,tarde
1,2,0,tarde
1,2,0,tarde
1,1,0,tarde
1,-10,0,tarde
1,2,0,tarde
1,-13,0,tarde
1,17,1,tarde
1,26,1,tarde
1,6,0,tarde
1,3,0,tarde
1,22,1,tarde
1,1,0,tarde
1,-2,0,tarde
1,-8,0,tarde
1,8,0,tarde
1,107,1,tarde
1,22,1,tarde
1,9,0,tarde
1,-2,0,noche
1,-6,0,noche
1,-7,0,noche
1,107,1,noche
1,8,0,noche
1,9,0,noche
1,-2,0,noche
1,-1,0,mañana
1,10,0,mañana
1,4,0,mañana
1,12,0,mañana
1,4,0,noche
1,17,1,noche
1,-1,0,noche
1,-10,0,noche
1,-6,0,noche
1,10,0,noche
1,3,0,noche
1,-5,0,noche
1,7,0,noche
1,1,0,noche
1,10,0,noche
1,-1,0,noche
1,-3,0,noche
1,2,0,noche
1,-2,0,noche
1,1,0,noche
1,2,0,noche
1,-5,0,noche
1,14,0,noche
1,-10,0,noche
1,0,0,noche
1,10,0,noche
1,12,0,noche
1,70,1,noche
1,-4,0,noche
1,54,1,noche
1,3,0,noche
1,7,0,tarde
1,30,1,tarde
1,0,0,tarde
1,43,1,tarde
1,4,0,tarde
1,4,0,tarde
1,14,0,tarde
1,-6,0,tarde
1,7,0,tarde
1,16,1,tarde
1,6,0,noche
1,7,0,tarde
1,-3,0,noche
1,5,0,noche
1,-1,0,noche
1,-1,0,tarde
1,9,0,tarde
1,6,0,tarde
1,14,0,tarde
1,11,0,tarde
1,6,0,tarde
1,8,0,tarde
1,5,0,tarde
1,0,0,tarde
1,-1,0,tarde
1,8,0,tarde
1,2,0,tarde
1,1,0,tarde
1,-2,0,tarde
1,1,0,tarde
1,-3,0,tarde
1,15,0,noche
1,7,0,noche
1,36,1,noche
1,1,0,noche
1,5,0,noche
1,12,0,noche
1,9,0,noche
1,-4,0,noche
1,-2,0,noche
1,63,1,noche
1,24,1,mañana
1,3,0,mañana
1,8,0,mañana
1,6,0,mañana
1,21,1,mañana
1,0,0,mañana
1,13,0,mañana
1,19,1,mañana
1,72,1,mañana
1,6,0,mañana
1,29,1,mañana
1,-1,0,mañana
1,-2,0,mañana
1,51,1,mañana
1,9,0,mañana
1,2,0,mañana
1,6,0,mañana
1,14,0,mañana
1,7,0,mañana
1,20,1,mañana
1,3,0,mañana
1,7,0,mañana
1,3,0,mañana
1,29,1,mañana
1,-3,0,mañana
1,5,0,mañana
1,54,1,mañana
1,1,0,tarde
1,19,1,tarde
1,23,1,tarde
1,4,0,tarde
1,26,1,tarde
1,7,0,tarde
1,114,1,tarde
1,13,0,tarde
1,36,1,tarde
1,0,0,tarde
1,1,0,tarde
1,-3,0,tarde
1,-1,0,tarde
1,-1,0,tarde
1,3,0,tarde
1,0,0,tarde
1,-4,0,tarde
1,11,0,tarde
1,1,0,tarde
1,43,1,tarde
1,-3,0,tarde
1,1,0,tarde
1,10,0,tarde
1,17,1,tarde
1,11,0,tarde
1,-2,0,tarde
1,11,0,tarde
1,5,0,tarde
1,11,0,noche
1,35,1,noche
1,7,0,noche
1,7,0,noche
1,11,0,noche
1,4,0,noche
1,150,1,noche
1,15,0,noche
1,7,0,noche
1,17,1,noche
1,19,1,noche
1,4,0,noche
1,7,0,noche
1,17,1,noche
1,106,1,noche
1,12,0,noche
1,16,1,noche
1,12,0,noche
1,18,1,noche
1,9,0,noche
1,27,1,noche
1,41,1,noche
1,73,1,noche
1,5,0,noche
1,3,0,noche
1,11,0,noche
1,10,0,noche
1,2,0,noche
1,11,0,mañana
1,10,0,mañana
1,20,1,mañana
1,10,0,mañana
1,23,1,mañana
1,21,1,mañana
1,27,1,mañana
1,159,1,mañana
1,25,1,mañana
1,0,0,mañana
1,152,1,mañana
1,20,1,mañana
1,19,1,mañana
1,0,0,mañana
1,12,0,mañana
1,75,1,mañana
1,0,0,mañana
1,14,0,mañana
1,46,1,mañana
1,41,1,mañana
1,41,1,mañana
1,47,1,mañana
1,44,1,mañana
1,64,1,mañana
1,0,0,mañana
1,-2,0,mañana
1,-1,0,mañana
1,39,1,mañana
1,4,0,tarde
1,16,1,tarde
1,20,1,tarde
1,-2,0,tarde
1,12,0,tarde
1,-2,0,tarde
1,0,0,tarde
1,22,1,noche
1,-6,0,tarde
1,-3,0,tarde
1,2,0,tarde
1,6,0,tarde
1,9,0,tarde
1,-4,0,tarde
1,3,0,tarde
1,-4,0,tarde
1,-1,0,tarde
1,3,0,tarde
1,-3,0,tarde
1,8,0,tarde
1,150,1,tarde
1,18,1,tarde
1,3,0,noche
1,2,0,noche
1,2,0,noche
1,12,0,noche
1,12,0,noche
1,2,0,noche
1,21,1,noche
1,-8,0,noche
1,-6,0,noche
1,15,0,noche
1,133,1,noche
1,11,0,noche
1,13,0,tarde
1,-10,0,tarde
1,-4,0,tarde
1,32,1,tarde
1,-1,0,mañana
1,-1,0,mañana
1,3,0,mañana
1,11,0,mañana
1,3,0,mañana
1,-3,0,mañana
1,-6,0,mañana
1,2,0,mañana
1,2,0,mañana
1,7,0,mañana
1,4,0,mañana
1,37,1,mañana
1,-5,0,mañana
1,-2,0,mañana
1,4,0,mañana
1,14,0,mañana
1,34,1,mañana
1,0,0,mañana
1,-7,0,mañana
1,0,0,mañana
1,-2,0,mañana
1,1,0,mañana
1,8,0,mañana
1,5,0,mañana
1,9,0,mañana
1,-4,0,mañana
1,8,0,mañana
1,2,0,mañana
1,-5,0,tarde
1,8,0,tarde
1,-1,0,tarde
1,11,0,tarde
1,2,0,tarde
1,16,1,tarde
1,4,0,tarde
1,-1,0,tarde
1,-1,0,tarde
1,5,0,tarde
1,0,0,tarde
1,22,1,tarde
1,32,1,tarde
1,12,0,tarde
1,16,1,tarde
1,12,0,tarde
1,9,0,mañana
1,6,0,mañana
1,-2,0,mañana
1,6,0,mañana
1,7,0,mañana
1,-2,0,mañana
1,-2,0,mañana
1,1,0,mañana
1,10,0,mañana
1,-1,0,mañana
1,2,0,mañana
1,3,0,mañana
1,-1,0,mañana
1,-2,0,mañana
1,2,0,mañana
1,6,0,mañana
1,11,0,mañana
1,11,0,mañana
1,-5,0,mañana
1,3,0,mañana
1,14,0,mañana
1,5,0,mañana
1,8,0,mañana
1,4,0,mañana
1,27,1,mañana
1,10,0,mañana
1,3,0,mañana
1,6,0,mañana
1,4,0,mañana
1,-2,0,mañana
1,-2,0,tarde
1,3,0,mañana
1,-6,0,mañana
1,5,0,tarde
1,86,1,mañana
1,3,0,mañana
1,-9,0,tarde
1,-1,0,mañana
1,6,0,mañana
1,-3,0,tarde
1,0,0,mañana
1,-1,0,mañana
1,-1,0,mañana
1,-1,0,mañana
1,3,0,mañana
1,10,0,mañana
1,-2,0,mañana
1,14,0,mañana
1,1,0,mañana
1,1,0,mañana
1,0,0,mañana
1,5,0,mañana
1,-4,0,mañana
1,39,1,mañana
1,0,0,mañana
1,-2,0,mañana
1,27,1,mañana
1,1,0,mañana
1,38,1,mañana
1,2,0,mañana
1,-1,0,mañana
1,0,0,mañana
1,6,0,mañana
1,13,0,mañana
1,21,1,mañana
1,3,0,mañana
1,6,0,mañana
1,-3,0,mañana
1,0,0,tarde
1,5,0,tarde
1,1,0,tarde
1,4,0,tarde
1,-3,0,tarde
1,15,0,tarde
1,-2,0,tarde
1,-2,0,tarde
1,2,0,tarde
1,0,0,tarde
1,4,0,tarde
1,3,0,tarde
1,4,0,tarde
1,3,0,tarde
1,-3,0,tarde
1,-1,0,tarde
1,-6,0,tarde
1,7,0,tarde
1,-2,0,tarde
1,-3,0,tarde
1,2,0,tarde
1,29,1,tarde
1,-2,0,tarde
1,-1,0,tarde
1,1,0,tarde
1,10,0,tarde
1,6,0,tarde
1,19,1,tarde
1,-4,0,tarde
1,0,0,tarde
1,2,0,tarde
1,30,1,tarde
1,74,1,tarde
1,0,0,tarde
1,-1,0,tarde
1,-1,0,noche
1,-2,0,noche
1,-7,0,noche
1,8,0,noche
1,5,0,noche
1,-2,0,noche
1,-2,0,noche
1,2,0,noche
1,-4,0,noche
1,-5,0,noche
1,-3,0,noche
1,-2,0,noche
1,9,0,noche
1,4,0,noche
1,-6,0,noche
1,30,1,noche
1,9,0,noche
1,2,0,noche
1,20,1,noche
1,-1,0,noche
1,8,0,noche
1,8,0,noche
1,27,1,noche
1,6,0,noche
1,0,0,mañana
1,10,0,mañana
1,3,0,mañana
1,5,0,mañana
1,6,0,mañana
1,-6,0,mañana
1,0,0,mañana
1,-5,0,mañana
1,16,1,mañana
1,3,0,mañana
1,2,0,mañana
1,-3,0,mañana
1,11,0,mañana
1,-3,0,mañana
1,26,1,mañana
1,16,1,mañana
1,-1,0,mañana
1,0,0,mañana
1,2,0,mañana
1,8,0,mañana
1,-1,0,tarde
1,4,0,tarde
1,2,0,tarde
1,-1,0,tarde
1,22,1,tarde
1,-10,0,tarde
1,-4,0,tarde
1,4,0,tarde
1,22,1,tarde
1,0,0,tarde
1,7,0,tarde
1,3,0,tarde
1,-3,0,tarde
1,-2,0,tarde
1,7,0,tarde
1,8,0,tarde
1,18,1,tarde
1,1,0,tarde
1,14,0,tarde
1,-3,0,tarde
1,-3,0,tarde
1,17,1,tarde
1,15,0,tarde
1,4,0,tarde
1,27,1,tarde
1,-2,0,tarde
1,2,0,tarde
1,5,0,tarde
1,0,0,mañana
1,-2,0,mañana
1,-1,0,mañana
1,-5,0,mañana
1,4,0,mañana
1,-4,0,mañana
1,-3,0,mañana
1,-4,0,mañana
1,1,0,mañana
1,-3,0,mañana
1,-1,0,mañana
1,17,1,mañana
1,1,0,mañana
1,-4,0,mañana
1,4,0,mañana
1,-2,0,mañana
1,18,1,mañana
1,10,0,mañana
1,1,0,mañana
1,-4,0,mañana
1,6,0,mañana
1,5,0,mañana
1,-1,0,mañana
1,4,0,mañana
1,15,0,mañana
1,-1,0,mañana
1,-3,0,mañana
1,-3,0,tarde
1,-3,0,tarde
1,3,0,mañana
1,-3,0,tarde
1,-2,0,tarde
1,-2,0,tarde
1,9,0,tarde
1,-4,0,tarde
1,-1,0,tarde
1,7,0,mañana
1,-4,0,tarde
1,4,0,tarde
1,-8,0,tarde
1,2,0,tarde
1,-3,0,tarde
1,9,0,tarde
1,4,0,mañana
1,10,0,tarde
1,-7,0,tarde
1,3,0,tarde
1,-3,0,tarde
1,3,0,tarde
1,5,0,tarde
1,3,0,mañana
1,-3,0,tarde
1,-2,0,tarde
1,4,0,tarde
1,5,0,tarde
1,4,0,tarde
1,0,0,tarde
1,-1,0,tarde
1,-1,0,tarde
1,6,0,tarde
1,-1,0,tarde
1,-6,0,tarde
1,-7,0,tarde
1,0,0,tarde
1,2,0,tarde
1,5,0,tarde
1,14,0,tarde
1,2,0,tarde
1,-2,0,tarde
1,0,0,tarde
1,-5,0,tarde
1,-4,0,tarde
1,8,0,tarde
1,3,0,tarde
1,-1,0,tarde
1,-5,0,tarde
1,1,0,tarde
1,38,1,tarde
1,34,1,tarde
1,10,0,tarde
1,6,0,tarde
1,-1,0,tarde
1,0,0,tarde
1,-4,0,mañana
1,11,0,mañana
1,0,0,mañana
1,-1,0,mañana
1,1,0,mañana
1,-3,0,mañana
1,-6,0,mañana
1,0,0,mañana
1,3,0,mañana
1,1,0,mañana
1,-2,0,mañana
1,-2,0,mañana
1,-2,0,mañana
1,-2,0,mañana
1,0,0,mañana
1,0,0,mañana
1,4,0,mañana
1,-2,0,mañana
1,1,0,mañana
1,-2,0,mañana
1,0,0,mañana
1,1,0,mañana
1,8,0,mañana
1,5,0,mañana
1,1,0,mañana
1,5,0,mañana
1,147,1,mañana
1,5,0,mañana
1,-7,0,noche
1,3,0,noche
1,-1,0,noche
1,-5,0,noche
1,-6,0,noche
1,-1,0,noche
1,15,0,noche
1,3,0,noche
1,0,0,noche
1,-5,0,noche
1,133,1,noche
1,8,0,noche
1,20,1,noche
1,-3,0,noche
1,27,1,noche
1,28,1,noche
1,-4,0,noche
1,2,0,noche
1,-3,0,noche
1,-2,0,noche
1,-2,0,noche
1,-5,0,noche
1,9,0,noche
1,18,1,noche
1,-3,0,noche
1,6,0,noche
1,13,0,noche
1,-1,0,noche
1,0,0,mañana
1,5,0,mañana
1,7,0,mañana
1,-5,0,mañana
1,-1,0,mañana
1,2,0,mañana
1,13,0,mañana
1,-2,0,mañana
1,-6,0,mañana
1,-4,0,mañana
1,6,0,mañana
1,-2,0,mañana
1,2,0,mañana
1,3,0,mañana
1,-2,0,mañana
1,-1,0,mañana
1,4,0,mañana
1,0,0,mañana
1,-1,0,mañana
1,-1,0,mañana
1,-2,0,mañana
1,4,0,mañana
1,17,1,mañana
1,9,0,mañana
1,43,1,mañana
1,-1,0,mañana
1,37,1,mañana
1,5,0,mañana
1,-1,0,tarde
1,-3,0,tarde
1,0,0,tarde
1,-1,0,tarde
1,-2,0,tarde
1,0,0,tarde
1,-5,0,tarde
1,-2,0,tarde
1,8,0,tarde
1,-2,0,tarde
1,-4,0,tarde
1,-10,0,tarde
1,0,0,tarde
1,-2,0,tarde
1,-1,0,tarde
1,6,0,tarde
1,-2,0,tarde
1,-1,0,tarde
1,68,1,tarde
1,11,0,tarde
1,-2,0,tarde
1,8,0,tarde
1,1,0,tarde
1,41,1,tarde
1,-1,0,tarde
1,-3,0,tarde
1,1,0,tarde
1,-1,0,tarde
1,1,0,tarde
1,-3,0,tarde
1,12,0,tarde
1,19,1,noche
1,7,0,tarde
1,0,0,tarde
1,4,0,tarde
1,6,0,noche
1,0,0,tarde
1,8,0,tarde
1,-2,0,tarde
1,1,0,noche
1,10,0,tarde
1,9,0,tarde
1,-5,0,tarde
1,18,1,noche
1,-3,0,mañana
1,-3,0,mañana
1,-2,0,mañana
1,-6,0,mañana
1,18,1,mañana
1,-1,0,mañana
1,-3,0,mañana
1,-3,0,mañana
1,-2,0,mañana
1,5,0,mañana
1,-2,0,mañana
1,3,0,mañana
1,-2,0,mañana
1,-5,0,mañana
1,-6,0,mañana
1,-2,0,mañana
1,5,0,mañana
1,1,0,mañana
1,0,0,mañana
1,-2,0,mañana
1,8,0,mañana
1,-1,0,mañana
1,-2,0,mañana
1,5,0,mañana
1,1,0,mañana
1,11,0,mañana
1,-2,0,mañana
1,6,0,mañana
1,3,0,tarde
1,8,0,tarde
1,-2,0,tarde
1,5,0,tarde
1,-3,0,tarde
1,3,0,tarde
1,3,0,tarde
1,-1,0,tarde
1,7,0,tarde
1,-2,0,tarde
1,7,0,tarde
1,-1,0,tarde
1,-3,0,tarde
1,0,0,tarde
1,34,1,tarde
1,7,0,tarde
1,5,0,tarde
1,0,0,tarde
1,15,0,tarde
1,8,0,tarde
1,11,0,tarde
1,7,0,tarde
1,30,1,tarde
1,10,0,tarde
1,-3,0,mañana
1,12,0,mañana
1,-5,0,mañana
1,3,0,mañana
1,5,0,mañana
1,3,0,mañana
1,-1,0,mañana
1,6,0,mañana
1,3,0,mañana
1,0,0,mañana
1,6,0,mañana
1,-2,0,mañana
1,-1,0,mañana
1,-5,0,mañana
1,-3,0,mañana
1,-1,0,mañana
1,3,0,mañana
1,-1,0,mañana
1,-3,0,mañana
1,-2,0,mañana
1,14,0,mañana
1,3,0,mañana
1,5,0,mañana
1,3,0,mañana
1,21,1,mañana
1,4,0,mañana
1,18,1,mañana
1,-2,0,mañana
1,3,0,mañana
1,9,0,mañana
1,-1,0,mañana
1,-6,0,mañana
1,-1,0,tarde
1,6,0,mañana
1,-2,0,mañana
1,-4,0,mañana
1,-2,0,mañana
1,147,1,mañana
1,-2,0,mañana
1,11,0,tarde
1,20,1,mañana
1,4,0,mañana
1,24,1,mañana
1,10,0,mañana
1,9,0,mañana
1,-3,0,mañana
1,-1,0,tarde
1,-2,0,mañana
1,-2,0,mañana
1,5,0,mañana
1,11,0,mañana
1,12,0,mañana
1,11,0,mañana
1,1,0,tarde
1,3,0,mañana
1,1,0,mañana
1,0,0,tarde
1,-3,0,tarde
1,-5,0,tarde
1,-4,0,tarde
1,-4,0,tarde
1,-3,0,tarde
1,-2,0,tarde
1,3,0,tarde
1,-9,0,tarde
1,-3,0,tarde
1,26,1,tarde
1,-2,0,tarde
1,9,0,tarde
1,-4,0,tarde
1,-3,0,tarde
1,15,0,tarde
1,8,0,tarde
1,-3,0,tarde
1,7,0,tarde
1,-1,0,tarde
1,0,0,tarde
1,4,0,tarde
1,-5,0,tarde
1,1,0,tarde
1,-2,0,tarde
1,5,0,tarde
1,1,0,tarde
1,-2,0,tarde
1,-6,0,tarde
1,1,0,tarde
1,-6,0,tarde
1,-4,0,tarde
1,17,1,tarde
1,-9,0,tarde
1,1,0,tarde
1,8,0,tarde
1,1,0,tarde
1,1,0,tarde
1,-9,0,tarde
1,5,0,tarde
1,-1,0,tarde
1,39,1,tarde
1,3,0,tarde
1,5,0,tarde
1,-5,0,tarde
1,7,0,tarde
1,18,1,tarde
1,12,0,tarde
1,-1,0,noche
1,-1,0,noche
1,8,0,noche
1,-7,0,noche
1,21,1,noche
1,-4,0,noche
1,4,0,noche
1,-5,0,noche
1,0,0,mañana
1,-2,0,mañana
1,1,0,mañana
1,-4,0,mañana
1,-1,0,mañana
1,-3,0,mañana
1,0,0,mañana
1,6,0,mañana
1,-3,0,mañana
1,-4,0,mañana
1,-1,0,mañana
1,-5,0,mañana
1,-3,0,mañana
1,1,0,mañana
1,26,1,mañana
1,3,0,mañana
1,-5,0,mañana
1,16,1,mañana
1,0,0,mañana
1,-7,0,mañana
1,6,0,mañana
1,10,0,mañana
1,12,0,mañana
1,-2,0,mañana
1,-2,0,mañana
1,-1,0,mañana
1,0,0,mañana
1,-3,0,mañana
1,12,0,mañana
1,-3,0,mañana
1,-4,0,mañana
1,-1,0,mañana
1,7,0,mañana
1,-5,0,mañana
1,-1,0,mañana
1,0,0,mañana
1,-3,0,mañana
1,-3,0,mañana
1,-3,0,mañana
1,3,0,mañana
1,40,1,mañana
1,0,0,mañana
1,0,0,mañana
1,3,0,mañana
1,-1,0,mañana
1,-8,0,mañana
1,22,1,mañana
1,30,1,mañana
1,3,0,mañana
1,0,0,mañana
1,-6,0,mañana
1,10,0,mañana
1,1,0,tarde
1,8,0,tarde
1,0,0,tarde
1,-3,0,tarde
1,3,0,tarde
1,-7,0,tarde
1,-4,0,tarde
1,17,1,tarde
1,-4,0,tarde
1,9,0,tarde
1,-2,0,tarde
1,4,0,tarde
1,-7,0,tarde
1,0,0,tarde
1,-4,0,tarde
1,0,0,tarde
1,65,1,tarde
1,24,1,tarde
1,-2,0,tarde
1,-2,0,tarde
1,-3,0,tarde
1,0,0,tarde
1,5,0,tarde
1,15,0,tarde
1,-1,0,tarde
1,3,0,tarde
1,4,0,tarde
1,-1,0,tarde
1,-2,0,tarde
1,-1,0,tarde
1,6,0,tarde
1,3,0,tarde
1,-2,0,tarde
1,1,0,tarde
1,3,0,tarde
1,6,0,tarde
1,9,0,tarde
1,5,0,tarde
1,-8,0,tarde
1,-3,0,tarde
1,-2,0,tarde
1,0,0,tarde
1,147,1,tarde
1,0,0,tarde
1,9,0,tarde
1,-1,0,tarde
1,52,1,tarde
1,1,0,tarde
1,-6,0,tarde
1,5,0,tarde
1,5,0,tarde
1,11,0,tarde
1,0,0,tarde
1,4,0,tarde
1,2,0,tarde
1,0,0,tarde
1,2,0,tarde
1,8,0,tarde
1,0,0,tarde
1,3,0,tarde
1,0,0,tarde
1,0,0,tarde
1,4,0,tarde
1,9,0,tarde
1,18,1,tarde
1,5,0,tarde
1,0,0,tarde
1,-3,0,tarde
1,2,0,tarde
1,74,1,tarde
1,35,1,tarde
1,6,0,tarde
1,7,0,tarde
1,-3,0,tarde
1,48,1,tarde
1,7,0,tarde
1,0,0,tarde
1,24,1,tarde
1,1,0,tarde
1,-3,0,tarde
1,-3,0,noche
1,8,0,tarde
1,-2,0,noche
1,2,0,tarde
1,49,1,noche
1,2,0,tarde
1,-6,0,noche
1,34,1,tarde
1,-4,0,mañana
1,-6,0,mañana
1,-2,0,mañana
1,-9,0,mañana
1,-3,0,mañana
1,-2,0,mañana
1,-7,0,mañana
1,-8,0,mañana
1,-3,0,mañana
1,8,0,mañana
1,0,0,mañana
1,8,0,mañana
1,23,1,mañana
1,-2,0,mañana
1,-1,0,mañana
1,-8,0,mañana
1,17,1,mañana
1,6,0,mañana
1,-2,0,mañana
1,1,0,mañana
1,4,0,mañana
1,0,0,mañana
1,-2,0,mañana
1,-4,0,mañana
1,-1,0,mañana
1,1,0,mañana
1,-1,0,mañana
1,-2,0,mañana
1,-4,0,mañana
1,10,0,mañana
1,1,0,mañana
1,-5,0,mañana
1,-2,0,mañana
1,12,0,mañana
1,-2,0,mañana
1,2,0,mañana
1,-4,0,mañana
1,3,0,mañana
1,0,0,mañana
1,-3,0,mañana
1,16,1,mañana
1,-1,0,mañana
1,-1,0,mañana
1,2,0,mañana
1,4,0,mañana
1,-5,0,mañana
1,1,0,mañana
1,7,0,mañana
1,9,0,mañana
1,6,0,mañana
1,5,0,mañana
1,14,0,mañana
1,-2,0,mañana
1,4,0,mañana
1,7,0,mañana
1,-2,0,mañana
1,5,0,tarde
1,0,0,tarde
1,16,1,tarde
1,12,0,tarde
1,-5,0,tarde
1,1,0,tarde
1,-4,0,tarde
1,4,0,tarde
1,7,0,tarde
1,9,0,tarde
1,1,0,tarde
1,2,0,tarde
1,2,0,tarde
1,17,1,tarde
1,5,0,tarde
1,1,0,tarde
1,1,0,tarde
1,8,0,tarde
1,22,1,tarde
1,3,0,tarde
1,2,0,tarde
1,44,1,tarde
1,7,0,tarde
1,-3,0,tarde
1,11,0,noche
1,2,0,tarde
1,-1,0,tarde
1,10,0,tarde
1,-1,0,noche
1,3,0,tarde
1,0,0,tarde
1,7,0,tarde
1,-2,0,noche
1,7,0,tarde
1,-1,0,tarde
1,2,0,tarde
1,-4,0,noche
1,47,1,tarde
1,16,1,tarde
1,0,0,noche
1,-8,0,noche
1,1,0,noche
1,-1,0,noche
1,18,1,noche
1,-3,0,noche
1,11,0,noche
1,0,0,noche
1,-4,0,noche
1,22,1,noche
1,41,1,noche
1,36,1,noche
1,-1,0,noche
1,19,1,noche
1,-4,0,noche
1,8,0,noche
1,5,0,noche
1,-3,0,noche
1,-2,0,noche
1,52,1,noche
1,0,0,noche
1,31,1,noche
1,20,1,noche
1,7,0,noche
1,-7,0,mañana
1,0,0,mañana
1,-1,0,mañana
1,-7,0,mañana
1,-1,0,mañana
1,17,1,mañana
1,-6,0,mañana
1,-2,0,mañana
1,-1,0,mañana
1,-4,0,mañana
1,1,0,mañana
1,7,0,mañana
1,-6,0,mañana
1,-2,0,mañana
1,-6,0,mañana
1,-10,0,mañana
1,5,0,mañana
1,24,1,mañana
1,-2,0,mañana
1,-1,0,mañana
1,-2,0,mañana
1,-3,0,mañana
1,3,0,mañana
1,0,0,mañana
1,4,0,mañana
1,0,0,mañana
1,-1,0,mañana
1,-2,0,mañana
1,142,1,tarde
1,4,0,tarde
1,11,0,tarde
1,-2,0,tarde
1,-8,0,tarde
1,-7,0,tarde
1,-8,0,tarde
1,9,0,tarde
1,3,0,tarde
1,-6,0,tarde
1,-1,0,tarde
1,-4,0,tarde
1,-3,0,tarde
1,-7,0,tarde
1,13,0,tarde
1,27,1,tarde
1,0,0,tarde
1,0,0,tarde
1,135,1,tarde
1,7,0,tarde
1,13,0,tarde
1,11,0,tarde
1,14,0,tarde
1,25,1,tarde
1,-4,0,tarde
1,3,0,tarde
1,70,1,tarde
1,-6,0,noche
1,-4,0,noche
1,-3,0,noche
1,1,0,noche
1,6,0,noche
1,0,0,noche
1,-3,0,noche
1,4,0,noche
1,16,1,noche
1,3,0,noche
1,-3,0,noche
1,1,0,noche
1,-3,0,noche
1,4,0,noche
1,-3,0,noche
1,-1,0,noche
1,-1,0,noche
1,6,0,noche
1,62,1,noche
1,10,0,noche
1,9,0,noche
1,24,1,noche
1,5,0,noche
1,23,1,noche
1,1,0,noche
1,0,0,noche
1,10,0,noche
1,13,0,noche
1,0,0,noche
1,-7,0,noche
1,-3,0,noche
1,-3,0,noche
1,-3,0,noche
1,38,1,noche
1,-3,0,noche
1,-9,0,noche
1,11,0,mañana
1,17,1,mañana
1,-2,0,mañana
1,28,1,mañana
1,-1,0,mañana
1,-8,0,mañana
1,-3,0,mañana
1,-9,0,mañana
1,2,0,mañana
1,16,1,mañana
1,61,1,mañana
1,-2,0,mañana
1,14,0,mañana
1,-9,0,mañana
1,-2,0,mañana
1,62,1,mañana
1,36,1,mañana
1,3,0,mañana
1,-3,0,mañana
1,2,0,mañana
1,20,1,mañana
1,8,0,mañana
1,-5,0,mañana
1,12,0,mañana
1,8,0,mañana
1,3,0,mañana
1,-3,0,mañana
1,-8,0,mañana
1,14,0,noche
1,2,0,noche
1,20,1,noche
1,7,0,noche
1,10,0,noche
1,4,0,noche
1,3,0,noche
1,-6,0,noche
1,8,0,noche
1,11,0,noche
1,-4,0,noche
1,12,0,noche
1,-9,0,noche
1,-7,0,noche
1,4,0,noche
1,0,0,noche
1,10,0,noche
1,3,0,noche
1,81,1,noche
1,13,0,noche
1,0,0,noche
1,22,1,noche
1,55,1,noche
1,20,1,noche
1,2,0,noche
1,25,1,noche
1,31,1,noche
1,33,1,noche
1,28,1,tarde
1,12,0,tarde
1,65,1,tarde
1,34,1,tarde
1,-4,0,tarde
1,-8,0,tarde
1,2,0,tarde
1,-8,0,tarde
1,2,0,tarde
1,-8,0,tarde
1,-3,0,tarde
1,-2,0,tarde
1,4,0,tarde
1,-4,0,tarde
1,3,0,tarde
1,44,1,tarde
1,46,1,tarde
1,11,0,tarde
1,-2,0,tarde
1,14,0,tarde
1,34,1,tarde
1,0,0,tarde
1,13,0,tarde
1,20,1,tarde
1,5,0,tarde
1,2,0,tarde
1,47,1,tarde
1,2,0,tarde
1,-2,0,tarde
1,-1,0,tarde
1,17,1,tarde
1,-3,0,tarde
1,-2,0,tarde
1,-2,0,tarde
1,12,0,tarde
1,2,0,tarde
1,9,0,tarde
1,-6,0,tarde
1,-3,0,tarde
1,-13,0,tarde
1,4,0,tarde
1,58,1,tarde
1,-8,0,tarde
1,3,0,tarde
1,4,0,tarde
1,19,1,tarde
1,2,0,tarde
1,2,0,tarde
1,37,1,tarde
1,1,0,tarde
1,5,0,tarde
1,40,1,tarde
1,18,1,tarde
1,1,0,tarde
1,1,0,tarde
1,-2,0,tarde
1,6,0,tarde
1,-3,0,tarde
1,18,1,tarde
1,18,1,tarde
1,-8,0,tarde
1,-1,0,tarde
1,14,0,tarde
1,41,1,tarde
1,88,1,tarde
1,6,0,tarde
1,11,0,tarde
1,15,0,tarde
1,49,1,tarde
1,20,1,tarde
1,23,1,tarde
1,25,1,tarde
1,16,1,tarde
1,7,0,tarde
1,6,0,tarde
1,7,0,tarde
1,1,0,mañana
1,42,1,mañana
1,-2,0,mañana
1,-1,0,mañana
1,-8,0,mañana
1,-2,0,mañana
1,-2,0,mañana
1,-2,0,mañana
1,12,0,mañana
1,-4,0,mañana
1,-3,0,mañana
1,-5,0,mañana
1,-3,0,mañana
1,-5,0,mañana
1,1,0,mañana
1,75,1,mañana
1,1,0,mañana
1,-2,0,mañana
1,-1,0,mañana
1,2,0,mañana
1,7,0,mañana
1,-6,0,mañana
1,7,0,mañana
1,6,0,mañana
1,19,1,mañana
1,-2,0,mañana
1,12,0,mañana
1,-2,0,tarde
1,-1,0,tarde
1,3,0,tarde
1,-1,0,tarde
1,-1,0,tarde
1,13,0,tarde
1,-8,0,tarde
1,-2,0,tarde
1,94,1,tarde
1,14,0,tarde
1,-2,0,tarde
1,3,0,tarde
1,2,0,tarde
1,0,0,tarde
1,33,1,tarde
1,-2,0,tarde
1,14,0,tarde
1,-7,0,tarde
1,6,0,tarde
1,16,1,tarde
1,114,1,tarde
1,30,1,tarde
1,0,0,tarde
1,-6,0,tarde
1,20,1,tarde
1,-2,0,tarde
1,10,0,tarde
1,-2,0,tarde
1,-6,0,mañana
1,0,0,mañana
1,0,0,mañana
1,7,0,mañana
1,3,0,mañana
1,-2,0,mañana
1,-9,0,mañana
1,0,0,mañana
1,-8,0,mañana
1,-5,0,mañana
1,-5,0,mañana
1,-2,0,mañana
1,-5,0,mañana
1,0,0,mañana
1,0,0,mañana
1,-3,0,mañana
1,39,1,mañana
1,-2,0,mañana
1,6,0,mañana
1,-8,0,mañana
1,91,1,mañana
1,4,0,mañana
1,0,0,mañana
1,18,1,mañana
1,2,0,mañana
1,-2,0,mañana
1,-6,0,mañana
1,0,0,mañana
1,2,0,noche
1,12,0,noche
1,-3,0,noche
1,10,0,noche
1,8,0,noche
1,6,0,noche
1,3,0,noche
1,0,0,noche
1,-2,0,noche
1,-4,0,noche
1,67,1,noche
1,-3,0,noche
1,-4,0,noche
1,38,1,noche
1,6,0,noche
1,30,1,noche
1,9,0,noche
1,-6,0,noche
1,1,0,noche
1,-4,0,noche
1,4,0,noche
1,18,1,noche
1,14,0,noche
1,0,0,noche
1,20,1,noche
1,15,0,noche
1,8,0,noche
1,37,1,mañana
1,21,1,mañana
1,0,0,mañana
1,1,0,mañana
1,5,0,mañana
1,1,0,mañana
1,36,1,mañana
1,19,1,mañana
1,0,0,mañana
1,8,0,mañana
1,0,0,mañana
1,-3,0,mañana
1,18,1,mañana
1,4,0,mañana
1,2,0,mañana
1,-1,0,mañana
1,1,0,mañana
1,-2,0,noche
1,3,0,mañana
1,-7,0,mañana
1,-5,0,mañana
1,1,0,mañana
1,1,0,mañana
1,0,0,mañana
1,-3,0,mañana
1,-1,0,mañana
1,0,0,mañana
1,1,0,mañana
1,15,0,mañana
1,7,0,mañana
1,20,1,mañana
1,-3,0,mañana
1,-2,0,mañana
1,19,1,mañana
1,8,0,mañana
1,-2,0,mañana
1,-3,0,tarde
1,5,0,tarde
1,1,0,tarde
1,9,0,tarde
1,5,0,tarde
1,1,0,tarde
1,16,1,tarde
1,-2,0,tarde
1,-1,0,tarde
1,-5,0,tarde
1,-5,0,tarde
1,20,1,tarde
1,3,0,tarde
1,8,0,tarde
1,-1,0,tarde
1,11,0,tarde
1,0,0,tarde
1,8,0,tarde
1,10,0,tarde
1,-1,0,mañana
1,56,1,mañana
1,17,1,mañana
1,3,0,tarde
1,4,0,mañana
1,10,0,mañana
1,10,0,mañana
1,-2,0,tarde
1,97,1,mañana
1,10,0,mañana
1,1,0,mañana
1,-6,0,tarde
1,3,0,mañana
1,0,0,mañana
1,2,0,mañana
1,4,0,tarde
1,4,0,tarde
1,4,0,mañana
1,0,0,mañana
1,8,0,mañana
1,5,0,noche
1,0,0,mañana
1,0,0,noche
1,2,0,mañana
1,7,0,noche
1,7,0,noche
1,4,0,noche
1,21,1,noche
1,22,1,noche
1,31,1,noche
1,-6,0,mañana
1,10,0,mañana
1,-3,0,mañana
1,20,1,noche
1,54,1,tarde
1,-4,0,mañana
1,3,0,mañana
1,2,0,mañana
1,1,0,mañana
1,3,0,mañana
1,7,0,mañana
1,4,0,mañana
1,1,0,mañana
1,0,0,mañana
1,-5,0,mañana
1,8,0,mañana
1,-2,0,mañana
1,1,0,mañana
1,0,0,mañana
1,14,0,mañana
1,0,0,mañana
1,0,0,mañana
1,1,0,mañana
1,-2,0,mañana
1,-2,0,mañana
1,5,0,mañana
1,1,0,tarde
1,73,1,tarde
1,3,0,mañana
1,5,0,mañana
1,-1,0,tarde
1,3,0,tarde
1,1,0,mañana
1,3,0,mañana
1,-1,0,tarde
1,0,0,tarde
1,-1,0,mañana
1,12,0,mañana
1,21,1,noche
1,7,0,noche
1,5,0,noche
1,1,0,noche
1,3,0,noche
1,5,0,noche
1,12,0,noche
1,-2,0,noche
1,29,1,noche
1,18,1,noche
1,0,0,noche
1,2,0,noche
1,0,0,noche
1,12,0,noche
1,8,0,noche
1,-2,0,noche
1,150,1,noche
1,2,0,noche
1,1,0,noche
1,111,1,noche
1,14,0,noche
1,6,0,noche
1,4,0,noche
1,9,0,noche
1,0,0,noche
1,1,0,noche
1,10,0,noche
1,1,0,noche
1,-4,0,noche
1,5,0,noche
1,-4,0,noche
1,12,0,noche
1,13,0,noche
1,-1,0,noche
1,13,0,noche
1,-2,0,noche
1,17,1,noche
1,58,1,tarde
1,10,0,noche
1,3,0,noche
1,4,0,noche
1,11,0,tarde
1,19,1,noche
1,-1,0,noche
1,0,0,noche
1,5,0,noche
1,3,0,noche
1,10,0,noche
1,2,0,noche
1,7,0,noche
1,2,0,noche
1,18,1,noche
1,0,0,noche
1,10,0,noche
1,9,0,noche
1,-2,0,noche
1,0,0,noche
1,-2,0,noche
1,-1,0,noche
1,12,0,noche
1,-1,0,noche
1,1,0,noche
1,-2,0,noche
1,-5,0,noche
1,-4,0,noche
1,-2,0,noche
1,-7,0,noche
1,-11,0,noche
1,-10,0,noche
1,-14,0,noche
1,-13,0,noche
1,6,0,noche
1,-2,0,noche
1,-5,0,noche
1,7,0,mañana
1,1,0,mañana
1,14,0,mañana
1,6,0,mañana
1,4,0,mañana
1,4,0,mañana
1,1,0,mañana
1,10,0,mañana
1,-5,0,mañana
1,7,0,mañana
1,5,0,mañana
1,-3,0,mañana
1,4,0,mañana
1,-3,0,mañana
1,4,0,mañana
1,4,0,mañana
1,8,0,mañana
1,-4,0,mañana
1,1,0,mañana
1,-2,0,mañana
1,5,0,mañana
1,5,0,mañana
1,-1,0,mañana
1,5,0,mañana
1,-3,0,mañana
1,-1,0,mañana
1,-2,0,mañana
1,-1,0,mañana
1,2,0,tarde
1,3,0,tarde
1,1,0,tarde
1,3,0,tarde
1,0,0,tarde
1,9,0,tarde
1,-1,0,tarde
1,1,0,tarde
1,-5,0,tarde
1,-2,0,tarde
1,-1,0,tarde
1,1,0,tarde
1,-2,0,mañana
1,3,0,mañana
1,-2,0,mañana
1,0,0,mañana
1,-3,0,mañana
1,0,0,mañana
1,-3,0,mañana
1,-2,0,mañana
1,-4,0,mañana
1,-2,0,mañana
1,1,0,mañana
1,21,1,mañana
1,0,0,mañana
1,13,0,mañana
1,0,0,mañana
1,2,0,mañana
1,1,0,mañana
1,5,0,mañana
1,-4,0,mañana
1,8,0,mañana
1,-2,0,mañana
1,9,0,mañana
1,-2,0,mañana
1,0,0,tarde
1,3,0,tarde
1,3,0,tarde
1,14,0,mañana
1,0,0,mañana
1,11,0,mañana
1,0,0,tarde
1,4,0,tarde
1,2,0,mañana
1,-3,0,mañana
1,1,0,tarde
1,2,0,tarde
1,6,0,tarde
1,-3,0,mañana
1,1,0,mañana
1,1,0,mañana
1,3,0,tarde
1,6,0,tarde
1,14,0,tarde
1,1,0,mañana
1,4,0,mañana
1,9,0,mañana
1,-1,0,mañana
1,15,0,mañana
1,5,0,mañana
1,1,0,mañana
1,3,0,mañana
1,-4,0,mañana
1,3,0,mañana
1,2,0,mañana
1,4,0,mañana
1,4,0,mañana
1,-2,0,mañana
1,-1,0,mañana
1,-1,0,mañana
1,10,0,mañana
1,6,0,mañana
1,-3,0,mañana
1,-1,0,mañana
1,-4,0,mañana
1,2,0,mañana
1,-3,0,mañana
1,2,0,mañana
1,-2,0,mañana
1,-2,0,mañana
1,7,0,mañana
1,-1,0,mañana
1,12,0,noche
1,23,1,noche
1,0,0,mañana
1,9,0,noche
1,-1,0,noche
1,-1,0,mañana
1,13,0,noche
1,-1,0,noche
1,7,0,mañana
1,4,0,noche
1,-4,0,noche
1,-2,0,mañana
1,5,0,mañana
1,3,0,mañana
1,-3,0,mañana
1,4,0,mañana
1,2,0,mañana
1,0,0,mañana
1,5,0,mañana
1,3,0,mañana
1,3,0,mañana
1,-2,0,mañana
1,0,0,mañana
1,-1,0,mañana
1,-4,0,tarde
1,4,0,tarde
1,2,0,tarde
1,12,0,tarde
1,22,1,tarde
1,21,1,tarde
1,12,0,tarde
1,4,0,tarde
1,5,0,tarde
1,-3,0,tarde
1,6,0,tarde
1,-5,0,tarde
1,3,0,tarde
1,6,0,tarde
1,-1,0,tarde
1,5,0,tarde
1,1,0,tarde
1,1,0,tarde
1,32,1,tarde
1,11,0,tarde
1,14,0,tarde
1,5,0,tarde
1,17,1,tarde
1,-2,0,tarde
1,3,0,noche
1,5,0,tarde
1,0,0,tarde
1,4,0,tarde
1,9,0,tarde
1,0,0,tarde
1,-1,0,tarde
1,0,0,noche
1,-1,0,tarde
1,53,1,tarde
1,4,0,tarde
1,-1,0,tarde
1,7,0,tarde
1,6,0,noche
1,1,0,tarde
1,6,0,tarde
1,11,0,tarde
1,12,0,tarde
1,-1,0,tarde
1,4,0,tarde
1,2,0,tarde
1,15,0,tarde
1,12,0,tarde
1,22,1,tarde
1,-3,0,tarde
1,6,0,tarde
1,2,0,tarde
1,-2,0,tarde
1,142,1,tarde
1,13,0,tarde
1,0,0,tarde
1,-3,0,tarde
1,-1,0,tarde
1,9,0,tarde
1,-2,0,tarde
1,25,1,tarde
1,12,0,tarde
1,1,0,tarde
1,4,0,tarde
1,18,1,tarde
1,14,0,tarde
1,0,0,tarde
1,3,0,tarde
1,13,0,tarde
1,7,0,tarde
1,-2,0,tarde
1,14,0,tarde
1,82,1,tarde
1,4,0,tarde
1,-1,0,noche
1,-3,0,mañana
1,5,0,noche
1,-1,0,noche
1,25,1,noche
1,-4,0,noche
1,4,0,noche
1,-5,0,noche
1,0,0,mañana
1,4,0,mañana
1,-1,0,mañana
1,2,0,mañana
1,-1,0,mañana
1,1,0,mañana
1,1,0,mañana
1,3,0,mañana
1,3,0,mañana
1,-1,0,mañana
1,-3,0,mañana
1,-2,0,mañana
1,1,0,mañana
1,12,0,mañana
1,1,0,mañana
1,7,0,mañana
1,1,0,mañana
1,2,0,mañana
1,-2,0,mañana
1,1,0,mañana
1,8,0,mañana
1,-3,0,mañana
1,1,0,mañana
1,3,0,mañana
1,3,0,mañana
1,5,0,mañana
1,0,0,mañana
1,-1,0,mañana
1,3,0,mañana
1,0,0,mañana
1,3,0,mañana
1,7,0,mañana
1,4,0,mañana
1,8,0,tarde
1,81,1,mañana
1,1,0,noche
1,-1,0,tarde
1,4,0,tarde
1,-3,0,tarde
1,11,0,mañana
1,-4,0,tarde
1,1,0,mañana
1,2,0,noche
1,4,0,tarde
1,2,0,tarde
1,1,0,tarde
1,5,0,mañana
1,1,0,tarde
1,16,1,mañana
1,-2,0,noche
1,4,0,tarde
1,2,0,tarde
1,3,0,tarde
1,-4,0,mañana
1,7,0,tarde
1,10,0,mañana
1,2,0,noche
1,4,0,tarde
1,-2,0,tarde
1,1,0,tarde
1,3,0,mañana
1,5,0,mañana
1,-4,0,mañana
1,2,0,mañana
1,4,0,mañana
1,-1,0,mañana
1,6,0,mañana
1,10,0,mañana
1,1,0,mañana
1,1,0,mañana
1,10,0,tarde
1,14,0,tarde
1,0,0,tarde
1,11,0,tarde
1,4,0,tarde
1,0,0,tarde
1,-1,0,tarde
1,15,0,tarde
1,1,0,tarde
1,12,0,noche
1,5,0,tarde
1,5,0,noche
1,4,0,tarde
1,5,0,noche
1,-2,0,tarde
1,-2,0,noche
1,3,0,noche
1,16,1,tarde
1,22,1,noche
1,0,0,noche
1,2,0,noche
1,21,1,noche
1,-1,0,tarde
1,-2,0,noche
1,-2,0,noche
1,3,0,noche
1,9,0,noche
1,10,0,tarde
1,-4,0,noche
1,-1,0,noche
1,-2,0,noche
1,1,0,noche
1,3,0,tarde
1,14,0,noche
1,4,0,tarde
1,1,0,noche
1,1,0,mañana
1,-1,0,mañana
1,1,0,mañana
1,1,0,mañana
1,23,1,noche
1,-6,0,mañana
1,6,0,mañana
1,-1,0,mañana
1,5,0,mañana
1,8,0,noche
1,-1,0,mañana
1,1,0,mañana
1,3,0,mañana
1,0,0,mañana
1,3,0,noche
1,6,0,mañana
1,1,0,mañana
1,0,0,mañana
1,68,1,mañana
1,0,0,mañana
1,15,0,mañana
1,10,0,mañana
1,10,0,mañana
1,-2,0,mañana
1,0,0,mañana
1,5,0,mañana
1,13,0,mañana
1,10,0,mañana
1,4,0,mañana
1,4,0,mañana
1,-7,0,mañana
1,2,0,mañana
1,4,0,mañana
1,6,0,mañana
1,2,0,mañana
1,1,0,mañana
1,7,0,mañana
1,2,0,mañana
1,0,0,mañana
1,3,0,mañana
1,3,0,mañana
1,5,0,mañana
1,6,0,mañana
1,1,0,mañana
1,-3,0,mañana
1,3,0,mañana
1,12,0,mañana
1,3,0,mañana
1,6,0,mañana
1,5,0,mañana
1,3,0,tarde
1,2,0,mañana
1,3,0,mañana
1,-2,0,mañana
1,-2,0,mañana
1,4,0,mañana
1,0,0,mañana
1,-3,0,tarde
1,3,0,mañana
1,3,0,mañana
1,3,0,mañana
1,-1,0,mañana
1,18,1,mañana
1,2,0,mañana
1,4,0,tarde
1,6,0,mañana
1,-4,0,mañana
1,5,0,mañana
1,0,0,mañana
1,14,0,mañana
1,3,0,mañana
1,18,1,tarde
1,7,0,mañana
1,23,1,mañana
1,10,0,mañana
1,1,0,mañana
1,-4,0,mañana
1,1,0,mañana
1,5,0,mañana
1,1,0,mañana
1,8,0,mañana
1,5,0,mañana
1,18,1,mañana
1,-2,0,mañana
1,4,0,mañana
1,1,0,mañana
1,7,0,mañana
1,2,0,mañana
1,0,0,mañana
1,0,0,mañana
1,6,0,mañana
1,12,0,noche
1,-1,0,mañana
1,18,1,mañana
1,0,0,mañana
1,1,0,mañana
1,0,0,mañana
1,1,0,mañana
1,1,0,mañana
1,16,1,tarde
1,3,0,tarde
1,5,0,tarde
1,12,0,tarde
1,25,1,mañana
1,0,0,tarde
1,2,0,tarde
1,-3,0,tarde
1,3,0,tarde
1,8,0,tarde
1,9,0,tarde
1,26,1,mañana
1,0,0,tarde
1,6,0,tarde
1,3,0,tarde
1,7,0,tarde
1,1,0,tarde
1,-1,0,tarde
1,16,1,mañana
1,12,0,tarde
1,-1,0,tarde
1,13,0,tarde
1,8,0,tarde
1,8,0,tarde
1,0,0,tarde
1,10,0,mañana
1,6,0,tarde
1,1,0,tarde
1,19,1,tarde
1,42,1,tarde
1,13,0,tarde
1,5,0,noche
1,25,1,tarde
1,-1,0,tarde
1,0,0,tarde
1,1,0,tarde
1,6,0,tarde
1,3,0,tarde
1,4,0,noche
1,12,0,tarde
1,-3,0,tarde
1,3,0,tarde
1,8,0,tarde
1,18,1,tarde
1,17,1,tarde
1,3,0,tarde
1,1,0,tarde
1,9,0,tarde
1,1,0,tarde
1,6,0,tarde
1,14,0,tarde
1,25,1,tarde
1,157,1,tarde
1,9,0,tarde
1,16,1,tarde
1,21,1,noche
1,15,0,noche
1,74,1,noche
1,0,0,noche
1,13,0,noche
1,7,0,noche
1,4,0,noche
1,10,0,noche
1,-3,0,noche
1,2,0,noche
1,2,0,tarde
1,0,0,noche
1,2,0,noche
1,21,1,noche
1,-2,0,noche
1,12,0,noche
1,8,0,tarde
1,1,0,noche
1,2,0,noche
1,18,1,noche
1,0,0,noche
1,2,0,noche
1,6,0,noche
1,14,0,noche
1,12,0,noche
1,6,0,noche
1,48,1,noche
1,5,0,noche
1,1,0,noche
1,0,0,noche
1,-1,0,noche
1,9,0,noche
1,3,0,noche
1,10,0,noche
1,0,0,noche
1,0,0,noche
1,9,0,noche
1,-4,0,noche
1,-2,0,noche
1,27,1,noche
1,21,1,noche
1,4,0,mañana
1,1,0,tarde
1,6,0,mañana
1,9,0,mañana
1,1,0,mañana
1,14,0,tarde
1,-3,0,mañana
1,0,0,mañana
1,5,0,mañana
1,7,0,mañana
1,11,0,mañana
1,9,0,mañana
1,10,0,mañana
1,14,0,tarde
1,10,0,noche
1,6,0,tarde
1,0,0,noche
1,53,1,noche
1,11,0,tarde
1,9,0,noche
1,-3,0,tarde
1,5,0,noche
1,17,1,noche
1,-3,0,tarde
1,2,0,noche
1,-2,0,tarde
1,11,0,noche
1,-2,0,noche
1,3,0,mañana
1,9,0,noche
1,9,0,tarde
1,1,0,noche
1,3,0,noche
1,-4,0,mañana
1,2,0,mañana
1,-1,0,noche
1,0,0,mañana
1,2,0,mañana
1,22,1,noche
1,16,1,mañana
1,13,0,mañana
1,0,0,noche
1,-1,0,mañana
1,3,0,mañana
1,18,1,noche
1,44,1,noche
1,10,0,noche
1,-3,0,noche
1,12,0,noche
1,2,0,noche
1,5,0,noche
1,8,0,noche
1,-1,0,noche
1,1,0,noche
1,34,1,noche
1,15,0,noche
1,4,0,noche
1,1,0,mañana
1,4,0,mañana
1,6,0,mañana
1,0,0,mañana
1,-7,0,mañana
1,-3,0,mañana
1,9,0,mañana
1,4,0,mañana
1,95,1,mañana
1,5,0,mañana
1,8,0,mañana
1,-1,0,mañana
1,-4,0,mañana
1,2,0,mañana
1,2,0,mañana
1,5,0,mañana
1,3,0,mañana
1,-4,0,mañana
1,0,0,mañana
1,-2,0,mañana
1,0,0,mañana
1,8,0,mañana
1,-1,0,mañana
1,-2,0,mañana
1,-1,0,mañana
1,3,0,mañana
1,1,0,mañana
1,-3,0,mañana
1,-7,0,mañana
1,14,0,mañana
1,-1,0,mañana
1,0,0,mañana
1,9,0,mañana
1,0,0,mañana
1,-5,0,mañana
1,4,0,mañana
1,-2,0,mañana
1,0,0,mañana
1,0,0,mañana
1,1,0,mañana
1,38,1,mañana
1,-7,0,mañana
1,2,0,mañana
1,4,0,mañana
1,1,0,mañana
1,4,0,mañana
1,10,0,mañana
1,127,1,mañana
1,0,0,mañana
1,6,0,tarde
1,-3,0,mañana
1,-2,0,tarde
1,4,0,tarde
1,7,0,tarde
1,8,0,tarde
1,6,0,mañana
1,12,0,tarde
1,-1,0,mañana
1,11,0,tarde
1,4,0,tarde
1,19,1,tarde
1,8,0,tarde
1,19,1,tarde
1,8,0,tarde
1,8,0,mañana
1,14,0,tarde
1,-2,0,tarde
1,-1,0,tarde
1,7,0,tarde
1,11,0,tarde
1,2,0,tarde
1,-1,0,mañana
1,58,1,tarde
1,-6,0,tarde
1,17,1,tarde
1,22,1,tarde
1,14,0,tarde
1,3,0,tarde
1,15,0,tarde
1,-2,0,tarde
1,-2,0,tarde
1,0,0,tarde
1,3,0,tarde
1,8,0,tarde
1,4,0,tarde
1,14,0,tarde
1,14,0,tarde
1,-5,0,tarde
1,-4,0,tarde
1,-2,0,tarde
1,3,0,tarde
1,6,0,tarde
1,0,0,tarde
1,2,0,tarde
1,5,0,tarde
1,5,0,tarde
1,-1,0,tarde
1,6,0,tarde
1,-3,0,tarde
1,6,0,tarde
1,2,0,tarde
1,7,0,tarde
1,2,0,tarde
1,-2,0,tarde
1,28,1,tarde
1,4,0,tarde
1,-2,0,tarde
1,5,0,tarde
1,-4,0,tarde
1,10,0,tarde
1,1,0,tarde
1,1,0,tarde
1,8,0,tarde
1,4,0,tarde
1,18,1,tarde
1,-2,0,tarde
1,0,0,tarde
1,-1,0,tarde
1,1,0,tarde
1,2,0,tarde
1,7,0,tarde
1,1,0,tarde
1,-2,0,tarde
1,3,0,tarde
1,5,0,tarde
1,5,0,tarde
1,83,1,tarde
1,8,0,tarde
1,14,0,tarde
1,9,0,noche
1,3,0,noche
1,-5,0,noche
1,0,0,noche
1,-3,0,noche
1,-9,0,noche
1,23,1,noche
1,7,0,noche
1,-1,0,noche
1,9,0,noche
1,0,0,noche
1,0,0,noche
1,-2,0,noche
1,14,0,noche
1,-4,0,noche
1,24,1,noche
1,0,0,noche
1,-1,0,noche
1,8,0,noche
1,15,0,noche
1,2,0,noche
1,8,0,noche
1,24,1,noche
1,0,0,noche
1,8,0,mañana
1,11,0,mañana
1,7,0,mañana
1,6,0,mañana
1,-1,0,mañana
1,7,0,mañana
1,-1,0,mañana
1,-1,0,mañana
1,2,0,mañana
1,0,0,mañana
1,19,1,mañana
1,4,0,mañana
1,4,0,mañana
1,0,0,mañana
1,22,1,mañana
1,-4,0,mañana
1,11,0,mañana
1,12,0,mañana
1,3,0,mañana
1,-2,0,mañana
1,5,0,mañana
1,-1,0,mañana
1,-6,0,mañana
1,-1,0,mañana
1,10,0,tarde
1,1,0,tarde
1,6,0,tarde
1,4,0,tarde
1,-3,0,tarde
1,6,0,tarde
1,4,0,tarde
1,-1,0,tarde
1,11,0,tarde
1,-1,0,tarde
1,3,0,tarde
1,9,0,tarde
1,2,0,tarde
1,4,0,tarde
1,4,0,tarde
1,0,0,tarde
1,-1,0,tarde
1,-2,0,tarde
1,6,0,tarde
1,4,0,tarde
1,7,0,tarde
1,-1,0,tarde
1,43,1,tarde
1,-4,0,tarde
1,0,0,tarde
1,9,0,tarde
1,3,0,tarde
1,4,0,tarde
1,-2,0,tarde
1,4,0,tarde
1,1,0,tarde
1,8,0,tarde
1,2,0,tarde
1,8,0,tarde
1,4,0,tarde
1,2,0,tarde
1,39,1,tarde
1,11,0,tarde
1,5,0,tarde
1,13,0,tarde
1,5,0,tarde
1,-2,0,tarde
1,49,1,tarde
1,-1,0,tarde
1,4,0,tarde
1,1,0,tarde
1,-2,0,tarde
1,-3,0,tarde
1,15,0,tarde
1,-3,0,tarde
1,12,0,tarde
1,-2,0,tarde
1,10,0,tarde
1,17,1,tarde
1,-4,0,tarde
1,8,0,tarde
1,13,0,tarde
1,4,0,tarde
1,14,0,tarde
1,7,0,tarde
1,-2,0,tarde
1,8,0,tarde
1,5,0,tarde
1,14,0,tarde
1,12,0,tarde
1,22,1,tarde
1,5,0,tarde
1,2,0,tarde
1,-1,0,tarde
1,8,0,tarde
1,2,0,tarde
1,-2,0,tarde
1,0,0,tarde
1,-2,0,tarde
1,10,0,tarde
1,-3,0,tarde
1,4,0,tarde
1,1,0,tarde
1,2,0,tarde
1,1,0,tarde
1,12,0,tarde
1,1,0,tarde
1,-5,0,tarde
1,21,1,tarde
1,5,0,tarde
1,0,0,tarde
1,-2,0,tarde
1,3,0,tarde
1,28,1,tarde
1,132,1,tarde
1,12,0,tarde
1,4,0,tarde
1,2,0,mañana
1,7,0,tarde
1,2,0,mañana
1,32,1,tarde
1,27,1,tarde
1,4,0,tarde
1,2,0,tarde
1,-1,0,mañana
1,1,0,tarde
1,20,1,mañana
1,-3,0,tarde
1,0,0,tarde
1,0,0,tarde
1,2,0,tarde
1,15,0,mañana
1,-7,0,tarde
1,6,0,mañana
1,-1,0,tarde
1,1,0,tarde
1,5,0,tarde
1,1,0,tarde
1,5,0,mañana
1,-6,0,tarde
1,12,0,mañana
1,3,0,mañana
1,-2,0,tarde
1,0,0,tarde
1,18,1,tarde
1,-2,0,tarde
1,-4,0,tarde
1,6,0,mañana
1,6,0,mañana
1,14,0,mañana
1,2,0,mañana
1,8,0,mañana
1,-1,0,mañana
1,1,0,mañana
1,3,0,mañana
1,-4,0,mañana
1,-5,0,mañana
1,5,0,mañana
1,4,0,tarde
1,-3,0,tarde
1,4,0,mañana
1,10,0,mañana
1,7,0,mañana
1,-7,0,mañana
1,-3,0,mañana
1,6,0,tarde
1,4,0,mañana
1,4,0,mañana
1,-2,0,mañana
1,-4,0,mañana
1,5,0,mañana
1,16,1,tarde
1,-2,0,mañana
1,1,0,mañana
1,2,0,mañana
1,1,0,mañana
1,3,0,mañana
1,0,0,tarde
1,14,0,mañana
1,6,0,mañana
1,0,0,mañana
1,0,0,mañana
1,3,0,mañana
1,-4,0,mañana
1,-2,0,mañana
1,11,0,mañana
1,6,0,mañana
1,27,1,mañana
1,4,0,mañana
1,2,0,mañana
1,5,0,mañana
1,17,1,mañana
1,0,0,mañana
1,0,0,mañana
1,94,1,mañana
1,2,0,mañana
1,8,0,mañana
1,-1,0,mañana
1,23,1,mañana
1,-3,0,mañana
1,-4,0,mañana
1,4,0,mañana
1,1,0,mañana
1,0,0,mañana
1,0,0,mañana
1,1,0,tarde
1,7,0,tarde
1,3,0,tarde
1,6,0,tarde
1,2,0,tarde
1,2,0,tarde
1,1,0,tarde
1,3,0,tarde
1,6,0,tarde
1,-2,0,tarde
1,30,1,tarde
1,-2,0,tarde
1,4,0,tarde
1,1,0,tarde
1,3,0,tarde
1,7,0,tarde
1,1,0,tarde
1,1,0,tarde
1,1,0,tarde
1,8,0,tarde
1,4,0,tarde
1,-1,0,tarde
1,3,0,tarde
1,6,0,tarde
1,1,0,tarde
1,-2,0,tarde
1,2,0,tarde
1,19,1,tarde
1,25,1,noche
1,4,0,tarde
1,1,0,tarde
1,3,0,noche
1,1,0,tarde
1,6,0,tarde
1,25,1,noche
1,1,0,tarde
1,-1,0,tarde
1,10,0,noche
1,10,0,noche
1,8,0,tarde
1,17,1,tarde
1,-1,0,noche
1,3,0,tarde
1,0,0,tarde
1,1,0,noche
1,29,1,noche
1,8,0,tarde
1,4,0,tarde
1,9,0,noche
1,7,0,tarde
1,3,0,tarde
1,10,0,noche
1,3,0,noche
1,10,0,tarde
1,2,0,tarde
1,11,0,noche
1,8,0,tarde
1,0,0,tarde
1,-1,0,noche
1,-7,0,noche
1,-1,0,tarde
1,6,0,tarde
1,9,0,noche
1,5,0,tarde
1,2,0,noche
1,0,0,tarde
1,17,1,noche
1,13,0,noche
1,27,1,noche
1,1,0,tarde
1,21,1,noche
1,4,0,noche
1,26,1,noche
1,9,0,noche
1,-1,0,noche
1,6,0,tarde
1,31,1,noche
1,21,1,noche
1,7,0,noche
1,10,0,noche
1,6,0,noche
1,1,0,tarde
1,67,1,noche
1,6,0,noche
1,3,0,noche
1,9,0,noche
1,14,0,noche
1,13,0,tarde
1,0,0,noche
1,1,0,noche
1,53,1,noche
1,11,0,noche
1,-1,0,noche
1,19,1,noche
1,-2,0,noche
1,8,0,noche
1,3,0,noche
1,7,0,noche
1,6,0,noche
1,6,0,noche
1,5,0,noche
1,3,0,mañana
1,2,0,mañana
1,12,0,mañana
1,-1,0,mañana
1,3,0,mañana
1,3,0,mañana
1,3,0,mañana
1,4,0,mañana
1,-2,0,mañana
1,12,0,mañana
1,0,0,mañana
1,1,0,mañana
1,5,0,mañana
1,2,0,mañana
1,2,0,mañana
1,3,0,mañana
1,0,0,mañana
1,3,0,mañana
1,3,0,mañana
1,2,0,mañana
1,0,0,mañana
1,5,0,mañana
1,-3,0,mañana
1,2,0,mañana
1,-5,0,mañana
1,5,0,mañana
1,9,0,tarde
1,4,0,tarde
1,1,0,tarde
1,19,1,tarde
1,2,0,tarde
1,6,0,tarde
1,1,0,tarde
1,-1,0,tarde
1,9,0,tarde
1,-1,0,tarde
1,9,0,tarde
1,7,0,tarde
1,1,0,tarde
1,10,0,tarde
1,0,0,tarde
1,-1,0,tarde
1,0,0,tarde
1,3,0,tarde
1,29,1,tarde
1,4,0,tarde
1,5,0,tarde
1,0,0,tarde
1,4,0,tarde
1,0,0,tarde
1,31,1,tarde
1,-2,0,tarde
1,2,0,tarde
1,12,0,mañana
1,10,0,mañana
1,128,1,tarde
1,12,0,tarde
1,6,0,mañana
1,12,0,tarde
1,1,0,tarde
1,10,0,mañana
1,3,0,tarde
1,7,0,mañana
1,7,0,tarde
1,4,0,tarde
1,5,0,tarde
1,16,1,mañana
1,24,1,tarde
1,5,0,tarde
1,5,0,tarde
1,-2,0,mañana
1,72,1,mañana
1,-1,0,mañana
1,3,0,mañana
1,1,0,mañana
1,5,0,mañana
1,3,0,mañana
1,-4,0,mañana
1,-1,0,mañana
1,2,0,mañana
1,-2,0,mañana
1,2,0,mañana
1,2,0,mañana
1,1,0,mañana
1,3,0,mañana
1,-2,0,tarde
1,12,0,tarde
1,-2,0,tarde
1,9,0,tarde
1,13,0,tarde
1,12,0,tarde
1,1,0,mañana
1,8,0,tarde
1,0,0,tarde
1,2,0,tarde
1,-1,0,tarde
1,0,0,tarde
1,4,0,tarde
1,1,0,mañana
1,3,0,tarde
1,14,0,tarde
1,4,0,tarde
1,2,0,tarde
1,19,1,tarde
1,5,0,tarde
1,-1,0,mañana
1,2,0,tarde
1,5,0,tarde
1,1,0,tarde
1,5,0,tarde
1,3,0,tarde
1,-3,0,mañana
1,4,0,mañana
1,0,0,mañana
1,-1,0,mañana
1,3,0,mañana
1,1,0,mañana
1,14,0,mañana
1,1,0,mañana
1,5,0,mañana
1,13,0,mañana
1,-1,0,mañana
1,5,0,mañana
1,9,0,mañana
1,2,0,mañana
1,7,0,mañana
1,2,0,mañana
1,9,0,mañana
1,4,0,mañana
1,0,0,mañana
1,15,0,mañana
1,4,0,mañana
1,20,1,mañana
1,3,0,mañana
1,11,0,mañana
1,2,0,mañana
1,2,0,mañana
1,-1,0,mañana
1,3,0,mañana
1,6,0,tarde
1,3,0,noche
1,3,0,tarde
1,11,0,tarde
1,14,0,mañana
1,3,0,tarde
1,3,0,tarde
1,-1,0,tarde
1,1,0,noche
1,2,0,tarde
1,11,0,tarde
1,-1,0,mañana
1,4,0,tarde
1,1,0,tarde
1,-5,0,tarde
1,10,0,noche
1,14,0,tarde
1,1,0,tarde
1,-2,0,mañana
1,6,0,tarde
1,10,0,tarde
1,10,0,tarde
1,19,1,noche
1,2,0,tarde
1,1,0,tarde
1,7,0,mañana
1,43,1,tarde
1,56,1,mañana
1,13,0,tarde
1,6,0,tarde
1,11,0,tarde
1,13,0,tarde
1,1,0,tarde
1,3,0,tarde
1,8,0,tarde
1,0,0,tarde
1,10,0,tarde
1,6,0,tarde
1,6,0,tarde
1,0,0,tarde
1,-2,0,tarde
1,9,0,tarde
1,-1,0,tarde
1,-1,0,tarde
1,1,0,tarde
1,3,0,tarde
1,-5,0,tarde
1,20,1,tarde
1,8,0,tarde
1,10,0,tarde
1,3,0,tarde
1,5,0,tarde
1,3,0,tarde
1,1,0,tarde
1,1,0,tarde
1,6,0,tarde
1,4,0,mañana
1,4,0,mañana
1,11,0,mañana
1,5,0,mañana
1,3,0,mañana
1,3,0,tarde
1,1,0,mañana
1,2,0,mañana
1,12,0,mañana
1,0,0,mañana
1,1,0,mañana
1,7,0,mañana
1,0,0,tarde
1,4,0,mañana
1,98,1,mañana
1,2,0,mañana
1,7,0,mañana
1,1,0,mañana
1,21,1,mañana
1,-2,0,tarde
1,1,0,mañana
1,-1,0,mañana
1,3,0,mañana
1,9,0,mañana
1,5,0,mañana
1,2,0,mañana
1,-2,0,noche
1,1,0,noche
1,2,0,noche
1,5,0,noche
1,-1,0,noche
1,8,0,noche
1,0,0,noche
1,7,0,noche
1,-2,0,noche
1,12,0,noche
1,4,0,noche
1,6,0,noche
1,8,0,noche
1,11,0,noche
1,-3,0,noche
1,0,0,noche
1,2,0,noche
1,2,0,noche
1,0,0,noche
1,10,0,tarde
1,137,1,noche
1,48,1,tarde
1,6,0,tarde
1,18,1,tarde
1,9,0,noche
1,5,0,tarde
1,5,0,tarde
1,9,0,tarde
1,10,0,noche
1,28,1,tarde
1,-1,0,tarde
1,-1,0,tarde
1,13,0,noche
1,3,0,tarde
1,6,0,mañana
1,1,0,mañana
1,1,0,mañana
1,18,1,mañana
1,3,0,mañana
1,4,0,mañana
1,7,0,mañana
1,0,0,mañana
1,3,0,mañana
1,24,1,mañana
1,3,0,mañana
1,25,1,mañana
1,10,0,mañana
1,10,0,mañana
1,1,0,mañana
1,0,0,mañana
1,3,0,mañana
1,3,0,mañana
1,4,0,noche
1,4,0,tarde
1,0,0,noche
1,2,0,tarde
1,-1,0,noche
1,2,0,tarde
1,3,0,noche
1,5,0,tarde
1,0,0,tarde
1,-1,0,tarde
1,4,0,tarde
1,13,0,mañana
1,1,0,mañana
1,51,1,mañana
1,-1,0,mañana
1,6,0,mañana
1,155,1,mañana
1,2,0,mañana
1,7,0,mañana
1,-1,0,mañana
1,28,1,mañana
1,1,0,mañana
1,7,0,mañana
1,-5,0,mañana
1,2,0,mañana
1,-2,0,mañana
1,-2,0,mañana
1,6,0,mañana
1,-3,0,mañana
1,-1,0,mañana
1,1,0,mañana
1,-3,0,mañana
1,-5,0,mañana
1,0,0,mañana
1,-1,0,mañana
1,-5,0,mañana
1,0,0,mañana
1,-6,0,mañana
1,2,0,mañana
1,2,0,mañana
1,25,1,mañana
1,23,1,tarde
1,8,0,mañana
1,0,0,mañana
1,5,0,mañana
1,5,0,tarde
1,4,0,tarde
1,4,0,mañana
1,-1,0,mañana
1,-2,0,mañana
1,-3,0,tarde
1,12,0,tarde
1,9,0,mañana
1,9,0,mañana
1,22,1,mañana
1,-3,0,mañana
1,-1,0,tarde
1,1,0,mañana
1,-2,0,mañana
1,4,0,tarde
1,7,0,tarde
1,14,0,tarde
1,8,0,tarde
1,-1,0,tarde
1,-2,0,tarde
1,10,0,tarde
1,3,0,tarde
1,8,0,tarde
1,30,1,tarde
1,9,0,tarde
1,-1,0,tarde
1,38,1,tarde
1,0,0,tarde
1,13,0,tarde
1,13,0,tarde
1,3,0,tarde
1,23,1,tarde
1,3,0,tarde
1,0,0,tarde
1,-2,0,tarde
1,3,0,tarde
1,2,0,tarde
1,58,1,tarde
1,1,0,tarde
1,-1,0,tarde
1,11,0,tarde
1,12,0,tarde
1,-4,0,tarde
1,-5,0,tarde
1,17,1,tarde
1,12,0,tarde
1,1,0,tarde
1,-2,0,tarde
1,22,1,tarde
1,11,0,tarde
1,14,0,noche
1,21,1,noche
1,4,0,noche
1,20,1,noche
1,6,0,tarde
1,22,1,noche
1,42,1,noche
1,-1,0,noche
1,11,0,noche
1,3,0,noche
1,35,1,tarde
1,14,0,noche
1,3,0,noche
1,7,0,noche
1,7,0,noche
1,4,0,noche
1,7,0,tarde
1,-6,0,noche
1,-4,0,noche
1,2,0,noche
1,7,0,noche
1,18,1,noche
1,1,0,mañana
1,2,0,mañana
1,6,0,mañana
1,-2,0,mañana
1,2,0,tarde
1,10,0,tarde
1,-1,0,tarde
1,-2,0,tarde
1,4,0,tarde
1,-5,0,tarde
1,5,0,tarde
1,9,0,tarde
1,-1,0,tarde
1,1,0,tarde
1,9,0,tarde
1,33,1,tarde
1,2,0,tarde
1,5,0,tarde
1,17,1,tarde
1,3,0,tarde
1,0,0,tarde
1,-1,0,tarde
1,15,0,tarde
1,5,0,tarde
1,3,0,tarde
1,-2,0,tarde
1,-3,0,tarde
1,-3,0,tarde
1,10,0,tarde
1,0,0,tarde
1,8,0,tarde
1,18,1,tarde
1,24,1,tarde
1,-2,0,tarde
1,-1,0,tarde
1,-3,0,tarde
1,15,0,tarde
1,31,1,tarde
1,9,0,tarde
1,9,0,tarde
1,6,0,tarde
1,8,0,tarde
1,10,0,tarde
1,27,1,tarde
1,-6,0,noche
1,1,0,tarde
1,31,1,tarde
1,-1,0,tarde
1,30,1,tarde
1,-4,0,noche
1,9,0,tarde
1,16,1,tarde
1,-1,0,tarde
1,7,0,tarde
1,-3,0,noche
1,-3,0,tarde
1,2,0,tarde
1,13,0,tarde
1,9,0,tarde
1,1,0,noche
1,10,0,noche
1,-1,0,tarde
1,5,0,tarde
1,0,0,noche
1,9,0,noche
1,0,0,tarde
1,-4,0,noche
1,6,0,noche
1,-4,0,tarde
1,1,0,tarde
1,0,0,noche
1,5,0,noche
1,0,0,tarde
1,-1,0,tarde
1,0,0,noche
1,0,0,noche
1,1,0,noche
1,0,0,noche
1,5,0,noche
1,10,0,noche
1,1,0,noche
1,-2,0,noche
1,12,0,noche
1,-3,0,noche
1,-1,0,tarde
1,31,1,noche
1,5,0,noche
1,16,1,noche
1,7,0,tarde
1,28,1,noche
1,8,0,noche
1,19,1,noche
1,-2,0,tarde
1,1,0,noche
1,-2,0,noche
1,5,0,noche
1,19,1,tarde
1,22,1,noche
1,0,0,noche
1,6,0,noche
1,6,0,tarde
1,6,0,mañana
1,41,1,tarde
1,96,1,mañana
1,6,0,tarde
1,-2,0,mañana
1,2,0,tarde
1,7,0,mañana
1,5,0,tarde
1,6,0,mañana
1,-2,0,tarde
1,-3,0,mañana
1,1,0,tarde
1,-2,0,mañana
1,26,1,tarde
1,0,0,mañana
1,58,1,mañana
1,10,0,tarde
1,2,0,mañana
1,1,0,noche
1,25,1,mañana
1,-1,0,mañana
1,3,0,noche
1,18,1,mañana
1,37,1,mañana
1,4,0,noche
1,6,0,mañana
1,26,1,mañana
1,5,0,tarde
1,13,0,tarde
1,14,0,mañana
1,-1,0,tarde
1,4,0,tarde
1,47,1,mañana
1,4,0,tarde
1,11,0,tarde
1,9,0,mañana
1,14,0,tarde
1,3,0,mañana
1,0,0,tarde
1,1,0,tarde
1,-1,0,tarde
1,11,0,mañana
1,0,0,tarde
1,2,0,tarde
1,5,0,mañana
1,-2,0,tarde
1,14,0,mañana
1,3,0,noche
1,5,0,noche
1,-4,0,noche
1,11,0,noche
1,9,0,noche
1,3,0,noche
1,4,0,noche
1,5,0,noche
1,8,0,noche
1,-1,0,noche
1,0,0,noche
1,-1,0,noche
1,8,0,noche
1,1,0,noche
1,-2,0,noche
1,-3,0,noche
1,5,0,noche
1,-1,0,noche
1,54,1,noche
1,-1,0,tarde
1,6,0,tarde
1,18,1,tarde
1,4,0,tarde
1,11,0,tarde
1,1,0,mañana
1,5,0,tarde
1,-1,0,tarde
1,-1,0,tarde
1,9,0,tarde
1,0,0,tarde
1,2,0,tarde
1,1,0,mañana
1,-3,0,tarde
1,28,1,tarde
1,-2,0,tarde
1,12,0,tarde
1,7,0,tarde
1,8,0,tarde
1,0,0,mañana
1,-1,0,tarde
1,0,0,tarde
1,4,0,tarde
1,0,0,tarde
1,-2,0,tarde
1,-1,0,tarde
1,8,0,mañana
1,11,0,tarde
1,6,0,mañana
1,4,0,mañana
1,7,0,mañana
1,4,0,mañana
1,6,0,mañana
1,-1,0,mañana
1,0,0,mañana
1,2,0,mañana
1,3,0,mañana
1,0,0,mañana
1,7,0,mañana
1,4,0,mañana
1,2,0,mañana
1,7,0,mañana
1,5,0,mañana
1,-2,0,mañana
1,3,0,mañana
1,5,0,mañana
1,10,0,mañana
1,6,0,mañana
1,6,0,mañana
1,9,0,mañana
1,16,1,mañana
1,9,0,mañana
1,2,0,tarde
1,6,0,tarde
1,0,0,tarde
1,2,0,tarde
1,29,1,tarde
1,-1,0,tarde
1,-2,0,tarde
1,-4,0,tarde
1,-1,0,tarde
1,2,0,tarde
1,15,0,tarde
1,-4,0,tarde
1,-1,0,tarde
1,1,0,tarde
1,5,0,tarde
1,16,1,tarde
1,12,0,tarde
1,21,1,tarde
1,34,1,tarde
1,3,0,tarde
1,-1,0,tarde
1,17,1,tarde
1,10,0,tarde
1,3,0,tarde
1,0,0,tarde
1,4,0,tarde
1,1,0,tarde
1,-1,0,tarde
1,-1,0,tarde
1,3,0,tarde
1,1,0,tarde
1,13,0,tarde
1,9,0,tarde
1,6,0,tarde
1,-9,0,tarde
1,2,0,tarde
1,-1,0,tarde
1,4,0,tarde
1,4,0,tarde
1,3,0,tarde
1,1,0,tarde
1,0,0,tarde
1,7,0,tarde
1,8,0,tarde
1,4,0,tarde
1,3,0,tarde
1,5,0,tarde
1,4,0,tarde
1,-1,0,noche
1,10,0,noche
1,15,0,noche
1,0,0,noche
1,5,0,noche
1,8,0,noche
1,-2,0,noche
1,6,0,noche
1,10,0,noche
1,0,0,noche
1,54,1,noche
1,-2,0,noche
1,-2,0,noche
1,14,0,noche
1,7,0,noche
1,0,0,noche
1,4,0,noche
1,-3,0,noche
1,13,0,noche
1,2,0,noche
1,11,0,noche
1,2,0,noche
1,0,0,noche
1,0,0,noche
1,1,0,noche
1,1,0,noche
1,7,0,noche
1,2,0,noche
1,0,0,noche
1,-2,0,noche
1,-6,0,noche
1,-6,0,noche
1,13,0,noche
1,8,0,noche
1,25,1,noche
1,1,0,noche
1,-7,0,noche
1,10,0,noche
1,24,1,noche
1,25,1,noche
1,0,0,noche
1,0,0,noche
1,3,0,noche
1,28,1,noche
1,12,0,noche
1,2,0,noche
1,4,0,noche
1,1,0,noche
1,4,0,noche
1,-6,0,noche
1,11,0,noche
1,19,1,noche
1,35,1,noche
1,5,0,noche
1,5,0,noche
1,-3,0,noche
1,13,0,noche
1,1,0,noche
1,10,0,noche
1,1,0,noche
1,0,0,noche
1,0,0,noche
1,4,0,noche
1,2,0,noche
1,14,0,noche
1,5,0,noche
1,4,0,noche
1,0,0,noche
1,4,0,noche
1,0,0,noche
1,-1,0,noche
1,1,0,noche
1,5,0,noche
1,21,1,mañana
1,1,0,mañana
1,16,1,noche
1,5,0,mañana
1,1,0,noche
1,0,0,noche
1,7,0,mañana
1,9,0,mañana
1,4,0,mañana
1,-8,0,mañana
1,7,0,noche
1,2,0,noche
1,0,0,mañana
1,-2,0,mañana
1,4,0,mañana
1,7,0,mañana
1,-3,0,noche
1,-3,0,noche
1,4,0,mañana
1,-1,0,mañana
1,3,0,mañana
1,0,0,mañana
1,11,0,mañana
1,5,0,tarde
1,3,0,mañana
1,2,0,tarde
1,5,0,tarde
1,13,0,tarde
1,10,0,tarde
1,1,0,mañana
1,14,0,tarde
1,20,1,tarde
1,0,0,tarde
1,14,0,tarde
1,0,0,mañana
1,9,0,tarde
1,30,1,tarde
1,2,0,tarde
1,1,0,tarde
1,4,0,tarde
1,17,1,tarde
1,0,0,tarde
1,5,0,noche
1,4,0,noche
1,8,0,noche
1,-4,0,noche
1,26,1,noche
1,0,0,noche
1,-1,0,noche
1,0,0,noche
1,0,0,noche
1,-1,0,noche
1,1,0,noche
1,6,0,noche
1,39,1,noche
1,24,1,noche
1,11,0,noche
1,7,0,noche
1,6,0,noche
1,11,0,noche
1,10,0,noche
1,5,0,noche
1,3,0,noche
1,7,0,noche
1,3,0,noche
1,2,0,noche
1,31,1,noche
1,29,1,noche
1,11,0,noche
1,3,0,noche
1,6,0,mañana
1,3,0,mañana
1,2,0,mañana
1,1,0,mañana
1,13,0,mañana
1,-4,0,mañana
1,19,1,mañana
1,8,0,mañana
1,21,1,mañana
1,12,0,mañana
1,3,0,mañana
1,14,0,mañana
1,8,0,mañana
1,8,0,mañana
1,0,0,mañana
1,3,0,mañana
1,6,0,mañana
1,1,0,mañana
1,31,1,mañana
1,10,0,mañana
1,10,0,mañana
1,0,0,mañana
1,7,0,mañana
1,1,0,mañana
1,3,0,mañana
1,8,0,mañana
1,10,0,mañana
1,16,1,mañana
1,25,1,tarde
1,37,1,tarde
1,16,1,tarde
1,11,0,tarde
1,7,0,tarde
1,8,0,tarde
1,13,0,tarde
1,11,0,tarde
1,12,0,tarde
1,15,0,tarde
1,4,0,tarde
1,33,1,tarde
1,0,0,tarde
1,3,0,tarde
1,-2,0,tarde
1,6,0,tarde
1,12,0,tarde
1,1,0,tarde
1,12,0,tarde
1,9,0,tarde
1,2,0,tarde
1,12,0,tarde
1,15,0,tarde
1,3,0,tarde
1,5,0,tarde
1,17,1,tarde
1,98,1,tarde
1,5,0,tarde
1,3,0,tarde
1,2,0,tarde
1,0,0,tarde
1,-3,0,tarde
1,2,0,tarde
1,51,1,tarde
1,6,0,tarde
1,7,0,tarde
1,7,0,tarde
1,6,0,tarde
1,3,0,tarde
1,4,0,tarde
1,9,0,tarde
1,3,0,tarde
1,-1,0,tarde
1,-1,0,tarde
1,11,0,tarde
1,-6,0,tarde
1,14,0,tarde
1,24,1,tarde
1,3,0,tarde
1,1,0,tarde
1,-2,0,tarde
1,-4,0,tarde
1,13,0,tarde
1,0,0,tarde
1,6,0,tarde
1,6,0,tarde
1,13,0,mañana
1,23,1,mañana
1,6,0,mañana
1,14,0,mañana
1,10,0,mañana
1,16,1,mañana
1,11,0,mañana
1,12,0,mañana
1,40,1,mañana
1,26,1,mañana
1,16,1,mañana
1,10,0,mañana
1,0,0,mañana
1,20,1,mañana
1,3,0,mañana
1,4,0,mañana
1,7,0,mañana
1,18,1,mañana
1,3,0,mañana
1,17,1,mañana
1,6,0,mañana
1,4,0,mañana
1,24,1,mañana
1,7,0,mañana
1,8,0,mañana
1,-2,0,mañana
1,5,0,mañana
1,14,0,mañana
1,11,0,mañana
1,22,1,mañana
1,8,0,mañana
1,10,0,mañana
1,1,0,mañana
1,-2,0,mañana
1,6,0,mañana
1,8,0,mañana
1,6,0,mañana
1,8,0,mañana
1,21,1,mañana
1,24,1,mañana
1,8,0,mañana
1,8,0,mañana
1,4,0,mañana
1,14,0,mañana
1,-3,0,mañana
1,8,0,mañana
1,-3,0,mañana
1,7,0,mañana
1,4,0,mañana
1,4,0,mañana
1,2,0,mañana
1,-1,0,mañana
1,15,0,mañana
1,2,0,mañana
1,4,0,mañana
1,63,1,tarde
1,25,1,tarde
1,6,0,tarde
1,5,0,tarde
1,7,0,tarde
1,7,0,tarde
1,-4,0,tarde
1,65,1,tarde
1,17,1,tarde
1,4,0,tarde
1,2,0,tarde
1,-4,0,tarde
1,17,1,tarde
1,-6,0,tarde
1,24,1,tarde
1,2,0,tarde
1,9,0,tarde
1,0,0,tarde
1,28,1,tarde
1,1,0,tarde
1,13,0,tarde
1,26,1,tarde
1,3,0,tarde
1,1,0,tarde
1,2,0,tarde
1,18,1,tarde
1,23,1,tarde
1,6,0,tarde
1,27,1,noche
1,16,1,noche
1,14,0,noche
1,-1,0,noche
1,9,0,noche
1,1,0,noche
1,27,1,noche
1,27,1,noche
1,96,1,noche
1,16,1,noche
1,4,0,noche
1,12,0,noche
1,6,0,noche
1,8,0,noche
1,4,0,noche
1,20,1,noche
1,3,0,noche
1,-8,0,noche
1,13,0,noche
1,9,0,noche
1,17,1,noche
1,7,0,noche
1,1,0,noche
1,11,0,noche
1,3,0,noche
1,19,1,noche
1,14,0,noche
1,22,1,noche
1,34,1,noche
1,36,1,noche
1,3,0,noche
1,7,0,noche
1,40,1,noche
1,12,0,noche
1,13,0,noche
1,4,0,noche
1,20,1,noche
1,-2,0,noche
1,2,0,noche
1,12,0,noche
1,13,0,noche
1,-4,0,noche
1,12,0,noche
1,1,0,noche
1,22,1,noche
1,9,0,noche
1,9,0,noche
1,18,1,noche
1,2,0,noche
1,2,0,noche
1,13,0,noche
1,8,0,noche
1,2,0,noche
1,2,0,noche
1,0,0,noche
1,36,1,noche
1,21,1,noche
1,0,0,noche
1,2,0,noche
1,17,1,noche
1,4,0,noche
1,0,0,noche
1,1,0,noche
1,-3,0,noche
1,5,0,noche
1,28,1,mañana
1,1,0,mañana
1,5,0,mañana
1,5,0,mañana
1,6,0,noche
1,2,0,noche
1,14,0,noche
1,12,0,noche
1,2,0,noche
1,1,0,noche
1,65,1,noche
1,-2,0,noche
1,10,0,noche
1,10,0,noche
1,16,1,noche
1,0,0,noche
1,1,0,noche
1,8,0,noche
1,13,0,noche
1,10,0,noche
1,10,0,noche
1,3,0,noche
1,2,0,noche
1,-1,0,noche
1,2,0,noche
1,8,0,noche
1,-4,0,noche
1,2,0,noche
1,0,0,noche
1,18,1,noche
1,-4,0,noche
1,5,0,noche
1,10,0,noche
1,4,0,noche
1,-3,0,noche
1,9,0,noche
1,3,0,noche
1,2,0,noche
1,-7,0,noche
1,8,0,noche
1,0,0,noche
1,73,1,noche
1,-4,0,noche
1,43,1,noche
1,33,1,noche
1,42,1,noche
1,10,0,noche
1,-4,0,noche
1,8,0,noche
1,9,0,noche
1,-2,0,noche
1,-3,0,noche
1,-3,0,noche
1,11,0,noche
1,-1,0,noche
1,-2,0,noche
1,0,0,noche
1,5,0,noche
1,1,0,noche
1,4,0,noche
1,4,0,noche
1,-2,0,noche
1,12,0,noche
1,0,0,noche
1,-6,0,noche
1,5,0,noche
1,18,1,noche
1,-5,0,noche
1,0,0,noche
1,20,1,noche
1,11,0,noche
1,5,0,noche
1,7,0,noche
1,2,0,noche
1,3,0,noche
1,6,0,noche
1,0,0,noche
1,11,0,noche
1,0,0,noche
1,-3,0,noche
1,-1,0,noche
1,-4,0,noche
1,0,0,noche
1,0,0,noche
1,7,0,noche
1,-1,0,noche
1,-2,0,noche
1,-3,0,noche
1,0,0,noche
1,5,0,noche
1,11,0,noche
1,0,0,noche
1,11,0,noche
1,8,0,noche
1,-2,0,noche
1,10,0,noche
1,17,1,noche
1,2,0,noche
1,0,0,noche
1,135,1,mañana
1,12,0,mañana
1,10,0,mañana
1,1,0,mañana
1,10,0,mañana
1,1,0,mañana
1,26,1,mañana
1,3,0,mañana
1,-2,0,mañana
1,12,0,mañana
1,17,1,mañana
1,4,0,mañana
1,1,0,tarde
1,6,0,tarde
1,4,0,tarde
1,5,0,tarde
1,7,0,tarde
1,10,0,tarde
1,-4,0,tarde
1,3,0,tarde
1,12,0,tarde
1,-3,0,tarde
1,-2,0,tarde
1,-3,0,tarde
1,13,0,tarde
1,16,1,tarde
1,7,0,tarde
1,0,0,tarde
1,8,0,mañana
1,11,0,mañana
1,9,0,mañana
1,-2,0,mañana
1,7,0,mañana
1,13,0,mañana
1,9,0,mañana
1,9,0,mañana
1,7,0,mañana
1,11,0,mañana
1,26,1,mañana
1,5,0,mañana
1,8,0,mañana
1,8,0,mañana
1,12,0,mañana
1,10,0,mañana
1,21,1,mañana
1,10,0,mañana
1,17,1,mañana
1,10,0,mañana
1,22,1,mañana
1,16,1,mañana
1,4,0,mañana
1,12,0,mañana
1,38,1,mañana
1,15,0,mañana
1,5,0,mañana
1,8,0,mañana
1,20,1,mañana
1,-2,0,mañana
1,25,1,mañana
1,7,0,mañana
1,83,1,mañana
1,9,0,mañana
1,-2,0,mañana
1,1,0,mañana
1,-4,0,mañana
1,3,0,mañana
1,8,0,mañana
1,-2,0,mañana
1,21,1,noche
1,8,0,noche
1,59,1,noche
1,4,0,noche
1,3,0,noche
1,16,1,noche
1,61,1,noche
1,-2,0,noche
1,120,1,noche
1,19,1,noche
1,10,0,noche
1,18,1,noche
1,22,1,noche
1,56,1,noche
1,9,0,noche
1,22,1,noche
1,3,0,noche
1,1,0,noche
1,39,1,noche
1,11,0,noche
1,1,0,noche
1,4,0,noche
1,9,0,noche
1,-1,0,noche
1,5,0,noche
1,5,0,noche
1,-1,0,noche
1,14,0,noche
1,4,0,noche
1,0,0,noche
1,3,0,noche
1,12,0,noche
1,-7,0,noche
1,-2,0,noche
1,1,0,noche
1,20,1,noche
1,-14,0,noche
1,58,1,noche
1,8,0,tarde
1,125,1,tarde
1,20,1,tarde
1,109,1,tarde
1,6,0,tarde
1,-2,0,tarde
1,102,1,tarde
1,3,0,tarde
1,3,0,tarde
1,24,1,tarde
1,20,1,mañana
1,4,0,tarde
1,1,0,tarde
1,-2,0,mañana
1,14,0,tarde
1,6,0,tarde
1,-5,0,tarde
1,1,0,tarde
1,4,0,tarde
1,10,0,tarde
1,0,0,tarde
1,-3,0,tarde
1,-7,0,tarde
1,61,1,tarde
1,13,0,tarde
1,0,0,mañana
1,-2,0,mañana
1,7,0,mañana
1,12,0,tarde
1,17,1,tarde
1,14,0,tarde
1,15,0,tarde
1,12,0,tarde
1,14,0,tarde
1,10,0,tarde
1,2,0,tarde
1,1,0,tarde
1,13,0,tarde
1,1,0,tarde
1,12,0,tarde
1,17,1,tarde
1,12,0,tarde
1,11,0,tarde
1,-3,0,tarde
1,11,0,tarde
1,6,0,tarde
1,-2,0,tarde
1,12,0,tarde
1,1,0,tarde
1,-1,0,tarde
1,14,0,tarde
1,-1,0,tarde
1,4,0,tarde
1,18,1,tarde
1,42,1,mañana
1,11,0,mañana
1,8,0,tarde
1,10,0,mañana
1,-3,0,mañana
1,18,1,tarde
1,1,0,mañana
1,9,0,mañana
1,1,0,tarde
1,8,0,mañana
1,0,0,tarde
1,3,0,tarde
1,10,0,tarde
1,0,0,tarde
1,15,0,tarde
1,-2,0,tarde
1,7,0,tarde
1,66,1,tarde
1,21,1,tarde
1,12,0,tarde
1,48,1,tarde
1,-1,0,tarde
1,7,0,noche
1,11,0,noche
1,6,0,noche
1,14,0,noche
1,2,0,noche
1,5,0,noche
1,24,1,noche
1,6,0,noche
1,-6,0,noche
1,8,0,noche
1,4,0,noche
1,1,0,noche
1,-2,0,noche
1,9,0,noche
1,54,1,noche
1,8,0,noche
1,40,1,noche
1,-1,0,noche
1,48,1,noche
1,30,1,noche
1,8,0,noche
1,15,0,noche
1,8,0,noche
1,0,0,noche
1,7,0,noche
1,9,0,noche
1,6,0,noche
1,9,0,noche
1,4,0,noche
1,-6,0,noche
1,1,0,noche
1,-6,0,noche
1,48,1,noche
1,8,0,noche
1,108,1,mañana
1,17,1,mañana
1,0,0,mañana
1,14,0,mañana
1,8,0,mañana
1,2,0,mañana
1,-4,0,mañana
1,4,0,mañana
1,4,0,mañana
1,4,0,mañana
1,2,0,mañana
1,1,0,mañana
1,-3,0,mañana
1,-2,0,mañana
1,0,0,mañana
1,0,0,mañana
1,1,0,mañana
1,4,0,mañana
1,-1,0,mañana
1,-3,0,mañana
1,13,0,mañana
1,-4,0,mañana
1,-6,0,mañana
1,-2,0,mañana
1,17,1,mañana
1,-4,0,mañana
1,-4,0,mañana
1,29,1,mañana
1,9,0,tarde
1,24,1,tarde
1,9,0,tarde
1,19,1,tarde
1,45,1,tarde
1,5,0,tarde
1,5,0,tarde
1,13,0,tarde
1,34,1,tarde
1,13,0,tarde
1,9,0,tarde
1,12,0,tarde
1,-2,0,tarde
1,22,1,tarde
1,12,0,tarde
1,17,1,tarde
1,7,0,tarde
1,-5,0,tarde
1,24,1,tarde
1,-2,0,tarde
1,18,1,tarde
1,8,0,tarde
1,6,0,tarde
1,5,0,tarde
1,8,0,tarde
1,14,0,tarde
1,4,0,tarde
1,22,1,tarde
1,21,1,mañana
1,5,0,mañana
1,5,0,mañana
1,14,0,mañana
1,3,0,mañana
1,-7,0,mañana
1,3,0,mañana
1,6,0,mañana
1,0,0,mañana
1,-1,0,mañana
1,17,1,mañana
1,10,0,mañana
1,-1,0,mañana
1,6,0,mañana
1,3,0,mañana
1,-1,0,mañana
1,20,1,mañana
1,1,0,mañana
1,-1,0,mañana
1,3,0,mañana
1,1,0,mañana
1,107,1,mañana
1,2,0,mañana
1,-4,0,mañana
1,-10,0,mañana
1,6,0,mañana
1,-1,0,mañana
1,23,1,mañana
1,26,1,mañana
1,10,0,mañana
1,5,0,mañana
1,17,1,mañana
1,1,0,mañana
1,4,0,noche
1,3,0,mañana
1,8,0,mañana
1,2,0,mañana
1,-2,0,noche
1,10,0,mañana
1,-3,0,mañana
1,3,0,mañana
1,1,0,noche
1,5,0,mañana
1,-4,0,mañana
1,-1,0,mañana
1,-4,0,noche
1,11,0,mañana
1,11,0,tarde
1,3,0,tarde
1,19,1,tarde
1,10,0,tarde
1,12,0,tarde
1,19,1,tarde
1,14,0,tarde
1,11,0,tarde
1,-1,0,tarde
1,30,1,tarde
1,2,0,tarde
1,29,1,tarde
1,-1,0,tarde
1,-5,0,tarde
1,1,0,tarde
1,14,0,tarde
1,15,0,tarde
1,58,1,tarde
1,4,0,tarde
1,2,0,tarde
1,65,1,noche
1,31,1,noche
1,87,1,noche
1,32,1,noche
1,35,1,noche
1,32,1,noche
1,34,1,noche
1,31,1,noche
1,42,1,noche
1,5,0,noche
1,-2,0,noche
1,39,1,noche
1,42,1,noche
1,15,0,noche
1,-2,0,noche
1,14,0,noche
1,11,0,noche
1,114,1,noche
1,1,0,noche
1,-8,0,noche
1,2,0,noche
1,6,0,noche
1,10,0,noche
1,18,1,noche
1,6,0,noche
1,-1,0,noche
1,-1,0,noche
1,3,0,noche
1,4,0,tarde
1,4,0,tarde
1,-1,0,tarde
1,2,0,tarde
1,16,1,mañana
1,4,0,mañana
1,17,1,mañana
1,21,1,mañana
1,20,1,mañana
1,12,0,mañana
1,2,0,mañana
1,3,0,mañana
1,9,0,mañana
1,5,0,mañana
1,5,0,mañana
1,2,0,mañana
1,-1,0,mañana
1,3,0,mañana
1,10,0,mañana
1,-4,0,mañana
1,7,0,mañana
1,-4,0,mañana
1,85,1,mañana
1,-1,0,mañana
1,50,1,mañana
1,6,0,mañana
1,5,0,mañana
1,8,0,mañana
1,1,0,tarde
1,-4,0,tarde
1,2,0,tarde
1,3,0,tarde
1,39,1,noche
1,13,0,noche
1,23,1,noche
1,1,0,noche
1,4,0,noche
1,-2,0,noche
1,2,0,noche
1,-4,0,noche
1,9,0,noche
1,-4,0,noche
1,6,0,noche
1,5,0,noche
1,5,0,noche
1,16,1,mañana
1,16,1,mañana
1,22,1,mañana
1,12,0,mañana
1,17,1,mañana
1,6,0,mañana
1,7,0,mañana
1,0,0,mañana
1,22,1,mañana
1,2,0,mañana
1,15,0,mañana
1,0,0,mañana
1,5,0,mañana
1,1,0,mañana
1,15,0,mañana
1,18,1,mañana
1,2,0,mañana
1,1,0,mañana
1,9,0,mañana
1,2,0,mañana
1,23,1,mañana
1,2,0,mañana
1,21,1,mañana
1,-8,0,mañana
1,20,1,mañana
1,-5,0,mañana
1,-7,0,mañana
1,4,0,mañana
1,8,0,noche
1,52,1,noche
1,41,1,noche
1,10,0,noche
1,4,0,noche
1,5,0,noche
1,2,0,noche
1,14,0,noche
1,14,0,noche
1,13,0,noche
1,6,0,noche
1,5,0,noche
1,-1,0,noche
1,14,0,noche
1,2,0,noche
1,1,0,noche
1,7,0,noche
1,2,0,noche
1,29,1,noche
1,45,1,noche
1,5,0,noche
1,5,0,noche
1,5,0,noche
1,-7,0,noche
1,2,0,noche
1,1,0,noche
1,11,0,noche
1,16,1,noche
1,15,0,mañana
1,79,1,mañana
1,10,0,mañana
1,8,0,mañana
1,-1,0,mañana
1,3,0,mañana
1,7,0,mañana
1,10,0,mañana
1,-1,0,mañana
1,9,0,mañana
1,2,0,mañana
1,8,0,mañana
1,14,0,tarde
1,13,0,tarde
1,18,1,tarde
1,7,0,tarde
1,7,0,tarde
1,26,1,tarde
1,2,0,tarde
1,23,1,tarde
1,28,1,mañana
1,11,0,mañana
1,19,1,mañana
1,9,0,mañana
1,6,0,mañana
1,11,0,mañana
1,18,1,mañana
1,4,0,mañana
1,-2,0,mañana
1,7,0,mañana
1,13,0,mañana
1,2,0,mañana
1,-2,0,mañana
1,3,0,mañana
1,10,0,mañana
1,3,0,mañana
1,9,0,mañana
1,-1,0,mañana
1,3,0,mañana
1,3,0,mañana
1,10,0,mañana
1,6,0,mañana
1,0,0,mañana
1,9,0,mañana
1,22,1,mañana
1,17,1,mañana
1,10,0,mañana
1,7,0,mañana
1,3,0,tarde
1,30,1,tarde
1,11,0,tarde
1,1,0,tarde
1,-2,0,tarde
1,11,0,tarde
1,-1,0,tarde
1,5,0,tarde
1,8,0,tarde
1,16,1,tarde
1,54,1,tarde
1,18,1,tarde
1,-1,0,tarde
1,12,0,tarde
1,13,0,tarde
1,11,0,tarde
1,13,0,tarde
1,-1,0,tarde
1,23,1,tarde
1,10,0,tarde
1,6,0,tarde
1,2,0,tarde
1,16,1,tarde
1,12,0,tarde
1,4,0,tarde
1,22,1,tarde
1,-3,0,tarde
1,1,0,mañana
1,14,0,mañana
1,10,0,mañana
1,11,0,mañana
1,14,0,mañana
1,0,0,mañana
1,0,0,mañana
1,4,0,mañana
1,68,1,mañana
1,9,0,mañana
1,2,0,mañana
1,3,0,mañana
1,1,0,mañana
1,10,0,mañana
1,0,0,mañana
1,12,0,mañana
1,1,0,mañana
1,-3,0,mañana
1,-1,0,mañana
1,17,1,mañana
1,1,0,mañana
1,7,0,mañana
1,2,0,mañana
1,3,0,mañana
1,16,1,mañana
1,-3,0,mañana
1,-4,0,mañana
1,37,1,mañana
1,29,1,tarde
1,10,0,tarde
1,16,1,tarde
1,4,0,tarde
1,14,0,tarde
1,10,0,tarde
1,-1,0,tarde
1,13,0,tarde
1,22,1,tarde
1,11,0,tarde
1,8,0,tarde
1,12,0,tarde
1,14,0,tarde
1,1,0,tarde
1,14,0,tarde
1,6,0,tarde
1,4,0,tarde
1,2,0,tarde
1,0,0,tarde
1,20,1,tarde
1,14,0,mañana
1,6,0,mañana
1,25,1,mañana
1,10,0,mañana
1,25,1,mañana
1,8,0,mañana
1,8,0,mañana
1,18,1,mañana
1,2,0,mañana
1,1,0,mañana
1,7,0,mañana
1,13,0,mañana
1,18,1,mañana
1,-1,0,mañana
1,8,0,mañana
1,6,0,mañana
1,3,0,mañana
1,10,0,mañana
1,15,0,mañana
1,3,0,mañana
1,17,1,mañana
1,60,1,mañana
1,10,0,mañana
1,9,0,mañana
1,16,1,tarde
1,15,0,tarde
1,4,0,tarde
1,1,0,tarde
1,7,0,tarde
1,18,1,tarde
1,8,0,tarde
1,8,0,tarde
1,2,0,tarde
1,17,1,tarde
1,4,0,tarde
1,5,0,tarde
1,10,0,mañana
1,8,0,mañana
1,26,1,mañana
1,15,0,mañana
1,28,1,mañana
1,4,0,mañana
1,22,1,mañana
1,5,0,mañana
1,9,0,mañana
1,2,0,mañana
1,3,0,mañana
1,12,0,mañana
1,2,0,mañana
1,5,0,mañana
1,17,1,mañana
1,14,0,mañana
1,1,0,noche
1,4,0,noche
1,8,0,noche
1,-2,0,noche
1,18,1,noche
1,3,0,noche
1,23,1,noche
1,47,1,mañana
1,-1,0,mañana
1,6,0,mañana
1,0,0,mañana
1,5,0,tarde
1,5,0,tarde
1,7,0,tarde
1,-4,0,tarde
1,26,1,noche
1,5,0,tarde
1,-1,0,noche
1,8,0,tarde
1,78,1,noche
1,19,1,tarde
1,58,1,noche
1,8,0,tarde
1,6,0,mañana
1,16,1,mañana
1,11,0,mañana
1,3,0,mañana
1,10,0,tarde
1,14,0,tarde
1,3,0,tarde
1,6,0,tarde
1,3,0,tarde
1,1,0,tarde
1,0,0,tarde
1,27,1,tarde
1,2,0,tarde
1,-1,0,tarde
1,2,0,tarde
1,1,0,tarde
1,2,0,tarde
1,12,0,tarde
1,14,0,tarde
1,3,0,tarde
1,7,0,tarde
1,1,0,tarde
1,3,0,tarde
1,1,0,tarde
1,3,0,tarde
1,7,0,tarde
1,7,0,tarde
1,-5,0,tarde
1,-2,0,tarde
1,-2,0,tarde
1,4,0,tarde
1,-2,0,tarde
1,15,0,mañana
1,-1,0,mañana
1,5,0,mañana
1,23,1,mañana
1,17,1,mañana
1,16,1,mañana
1,2,0,mañana
1,5,0,mañana
1,17,1,mañana
1,88,1,mañana
1,111,1,mañana
1,100,1,mañana
1,4,0,mañana
1,9,0,mañana
1,0,0,mañana
1,0,0,mañana
1,1,0,mañana
1,17,1,mañana
1,-1,0,mañana
1,-4,0,tarde
1,25,1,mañana
1,19,1,mañana
1,2,0,tarde
1,2,0,mañana
1,-7,0,mañana
1,14,0,mañana
1,8,0,mañana
1,1,0,mañana
1,11,0,mañana
1,-1,0,mañana
1,2,0,mañana
1,-3,0,mañana
1,1,0,mañana
1,29,1,mañana
1,20,1,mañana
1,3,0,mañana
1,0,0,mañana
1,0,0,mañana
1,6,0,mañana
1,10,0,mañana
1,-2,0,mañana
1,-5,0,mañana
1,1,0,mañana
1,9,0,mañana
1,0,0,mañana
1,16,1,mañana
1,-6,0,mañana
1,3,0,mañana
1,1,0,mañana
1,9,0,mañana
1,10,0,mañana
1,8,0,mañana
1,3,0,mañana
1,-4,0,mañana
1,-13,0,mañana
1,2,0,mañana
1,3,0,mañana
1,8,0,mañana
1,-5,0,mañana
1,36,1,noche
1,12,0,noche
1,14,0,noche
1,17,1,noche
1,15,0,noche
1,5,0,noche
1,26,1,noche
1,16,1,noche
1,-5,0,noche
1,8,0,noche
1,12,0,noche
1,11,0,noche
1,2,0,noche
1,4,0,noche
1,1,0,noche
1,4,0,noche
1,27,1,noche
1,23,1,noche
1,4,0,noche
1,5,0,noche
1,21,1,noche
1,4,0,noche
1,13,0,noche
1,1,0,noche
1,1,0,noche
1,6,0,noche
1,2,0,noche
1,1,0,noche
1,16,1,noche
1,66,1,noche
1,-1,0,noche
1,-3,0,noche
1,2,0,noche
1,9,0,noche
1,2,0,noche
1,0,0,noche
1,14,0,noche
1,8,0,noche
1,-3,0,noche
1,2,0,noche
1,11,0,noche
1,4,0,noche
1,-4,0,noche
1,3,0,noche
1,-4,0,noche
1,-6,0,noche
1,5,0,noche
1,1,0,noche
1,-3,0,noche
1,-2,0,noche
1,2,0,noche
1,9,0,noche
1,-1,0,noche
1,-9,0,noche
1,7,0,noche
1,2,0,noche
1,-1,0,noche
1,65,1,noche
1,10,0,noche
1,-7,0,noche
1,9,0,noche
1,-1,0,noche
1,-5,0,noche
1,-1,0,noche
1,3,0,noche
1,-9,0,noche
1,83,1,noche
1,15,0,noche
1,61,1,mañana
1,4,0,mañana
1,10,0,mañana
1,4,0,mañana
1,3,0,mañana
1,7,0,mañana
1,17,1,mañana
1,16,1,mañana
1,11,0,mañana
1,10,0,mañana
1,3,0,mañana
1,17,1,mañana
1,20,1,mañana
1,11,0,mañana
1,-1,0,mañana
1,23,1,mañana
1,-1,0,mañana
1,7,0,mañana
1,15,0,mañana
1,-1,0,mañana
1,0,0,mañana
1,0,0,mañana
1,72,1,mañana
1,0,0,mañana
1,8,0,mañana
1,13,0,tarde
1,78,1,noche
1,133,1,noche
1,47,1,noche
1,9,0,noche
1,44,1,noche
1,35,1,noche
1,1,0,noche
1,13,0,noche
1,18,1,noche
1,10,0,noche
1,24,1,noche
1,23,1,noche
1,33,1,noche
1,18,1,noche
1,29,1,noche
1,1,0,noche
1,45,1,noche
1,85,1,noche
1,34,1,noche
1,23,1,noche
1,9,0,noche
1,12,0,noche
1,-10,0,noche
1,19,1,noche
1,1,0,noche
1,37,1,noche
1,21,1,mañana
1,-6,0,mañana
1,0,0,mañana
1,34,1,mañana
1,20,1,mañana
1,9,0,mañana
1,27,1,mañana
1,9,0,mañana
1,-6,0,mañana
1,21,1,mañana
1,10,0,mañana
1,-5,0,mañana
1,21,1,mañana
1,5,0,mañana
1,24,1,mañana
1,6,0,mañana
1,3,0,mañana
1,-1,0,mañana
1,1,0,mañana
1,4,0,mañana
1,0,0,mañana
1,14,0,mañana
1,18,1,noche
1,20,1,noche
1,113,1,noche
1,-5,0,noche
1,0,0,noche
1,-2,0,noche
1,-6,0,noche
1,0,0,noche
1,2,0,noche
1,65,1,noche
1,-5,0,noche
1,76,1,noche
1,0,0,noche
1,0,0,noche
1,11,0,noche
1,-6,0,noche
1,2,0,noche
1,0,0,noche
1,58,1,noche
1,0,0,noche
1,1,0,noche
1,57,1,noche
1,0,0,noche
1,-3,0,noche
1,22,1,noche
1,110,1,mañana
1,145,1,mañana
1,2,0,noche
1,11,0,noche
1,10,0,noche
1,6,0,tarde
1,3,0,tarde
1,60,1,tarde
1,-11,0,noche
0,-10,0,noche
0,-5,0,noche
0,-6,0,noche
0,-10,0,noche
0,10,0,noche
0,-13,0,noche
0,-4,0,noche
0,1,0,noche
0,-1,0,noche
1,-10,0,noche
1,-9,0,noche
1,-7,0,noche
0,-6,0,noche
0,-6,0,noche
0,-9,0,noche
0,-6,0,noche
0,-5,0,noche
0,-8,0,noche
0,3,0,noche
0,-9,0,noche
0,-4,0,noche
0,63,1,noche
0,4,0,noche
0,0,0,noche
0,1,0,noche
0,6,0,noche
0,6,0,noche
0,6,0,noche
0,11,0,noche
0,-4,0,noche
0,0,0,noche
0,-4,0,noche
0,2,0,noche
0,0,0,noche
0,-2,0,noche
0,-3,0,noche
0,6,0,noche
0,13,0,noche
0,-1,0,noche
0,4,0,noche
1,-1,0,noche
1,-9,0,noche
1,-7,0,noche
0,-3,0,noche
0,-3,0,noche
0,-6,0,noche
0,-13,0,noche
0,-4,0,noche
0,-4,0,noche
0,-9,0,noche
0,-7,0,noche
0,-11,0,noche
0,-5,0,noche
0,-7,0,noche
0,-8,0,noche
0,-9,0,noche
0,-9,0,noche
0,-1,0,noche
0,-7,0,noche
0,-4,0,noche
0,-8,0,noche
0,-9,0,noche
0,-2,0,noche
0,-3,0,noche
0,6,0,noche
0,0,0,noche
0,-9,0,noche
0,-8,0,noche
0,-7,0,noche
0,-6,0,noche
0,5,0,noche
1,80,1,tarde
1,59,1,tarde
1,33,1,tarde
0,70,1,tarde
0,32,1,tarde
0,39,1,tarde
0,27,1,tarde
0,42,1,tarde
0,35,1,tarde
0,18,1,tarde
0,46,1,tarde
0,117,1,tarde
0,25,1,tarde
0,7,0,tarde
0,48,1,tarde
0,3,0,tarde
0,59,1,tarde
0,-8,0,tarde
0,23,1,tarde
0,18,1,mañana
0,22,1,mañana
0,24,1,mañana
0,8,0,mañana
0,22,1,mañana
1,45,1,noche
1,27,1,noche
1,12,0,noche
0,25,1,noche
0,40,1,noche
0,50,1,noche
0,0,0,noche
0,11,0,noche
0,10,0,noche
0,-5,0,noche
0,13,0,noche
0,110,1,noche
0,9,0,noche
0,-2,0,noche
0,13,0,noche
0,0,0,noche
0,35,1,noche
0,10,0,noche
0,7,0,noche
0,5,0,noche
0,-1,0,noche
0,5,0,noche
0,-2,0,noche
1,4,0,tarde
1,7,0,tarde
0,-5,0,tarde
0,70,1,tarde
0,14,0,tarde
0,-4,0,tarde
0,8,0,tarde
0,-1,0,tarde
0,0,0,tarde
0,-4,0,tarde
0,-1,0,tarde
0,5,0,tarde
0,10,0,tarde
0,3,0,tarde
0,3,0,tarde
0,-11,0,tarde
0,-12,0,tarde
0,17,1,tarde
0,-3,0,tarde
0,2,0,tarde
0,1,0,tarde
0,13,0,tarde
0,13,0,tarde
0,3,0,tarde
0,-6,0,tarde
0,14,0,tarde
0,16,1,tarde
0,0,0,tarde
0,-2,0,tarde
0,-7,0,tarde
1,-1,0,noche
1,3,0,noche
1,-4,0,noche
0,-8,0,noche
0,12,0,noche
0,-4,0,noche
0,0,0,noche
0,-5,0,noche
0,-3,0,noche
0,-4,0,noche
0,-12,0,noche
0,-6,0,noche
0,-6,0,noche
0,-5,0,noche
0,-10,0,noche
0,-4,0,noche
0,-1,0,noche
0,-8,0,noche
0,0,0,noche
0,-10,0,noche
0,1,0,noche
0,-2,0,noche
0,3,0,noche
0,-8,0,noche
0,-6,0,noche
0,-1,0,noche
0,-13,0,noche
0,0,0,noche
0,0,0,noche
0,-10,0,noche
1,-1,0,mañana
1,-5,0,mañana
1,-2,0,mañana
0,1,0,mañana
0,0,0,mañana
0,-6,0,mañana
0,17,1,mañana
0,-9,0,mañana
0,12,0,mañana
0,-5,0,mañana
0,4,0,mañana
0,0,0,mañana
0,11,0,mañana
0,-11,0,mañana
0,-8,0,mañana
0,-7,0,mañana
0,14,0,mañana
0,-8,0,mañana
0,-7,0,mañana
0,-9,0,mañana
0,2,0,mañana
0,-6,0,mañana
0,3,0,mañana
0,4,0,mañana
0,-7,0,mañana
0,6,0,mañana
0,39,1,mañana
0,-4,0,mañana
1,3,0,mañana
1,-10,0,mañana
1,6,0,mañana
0,7,0,mañana
0,14,0,mañana
0,8,0,mañana
0,-14,0,mañana
0,0,0,mañana
0,154,1,mañana
0,3,0,mañana
0,11,0,mañana
0,3,0,mañana
0,-4,0,mañana
0,0,0,mañana
0,9,0,mañana
0,40,1,mañana
0,4,0,mañana
0,13,0,mañana
0,2,0,mañana
0,-2,0,mañana
0,-6,0,mañana
0,-2,0,mañana
0,47,1,mañana
0,1,0,mañana
0,7,0,mañana
0,9,0,mañana
0,0,0,mañana
0,-1,0,mañana
0,4,0,mañana
1,25,1,tarde
1,19,1,tarde
1,14,0,tarde
0,1,0,tarde
0,2,0,tarde
0,3,0,tarde
0,10,0,tarde
0,6,0,tarde
0,8,0,tarde
0,2,0,tarde
0,-3,0,tarde
0,-2,0,tarde
0,13,0,tarde
0,64,1,tarde
0,-2,0,tarde
0,6,0,tarde
0,-4,0,tarde
0,-6,0,tarde
0,0,0,tarde
0,3,0,tarde
0,2,0,tarde
0,-3,0,tarde
0,32,1,tarde
0,-7,0,tarde
0,6,0,tarde
0,-7,0,tarde
0,20,1,tarde
0,20,1,tarde
0,-9,0,tarde
0,21,1,tarde
1,1,0,noche
1,-1,0,noche
1,-11,0,noche
0,-4,0,noche
0,7,0,noche
0,-8,0,noche
0,-1,0,noche
0,-4,0,noche
0,11,0,noche
0,10,0,noche
0,11,0,noche
0,-9,0,noche
0,8,0,noche
0,18,1,noche
0,42,1,noche
0,1,0,noche
0,0,0,noche
0,12,0,noche
0,-5,0,noche
0,4,0,noche
0,11,0,noche
0,15,0,noche
0,-9,0,noche
0,-9,0,noche
0,-8,0,noche
0,-8,0,noche
0,-7,0,noche
0,2,0,noche
0,-4,0,noche
1,52,1,noche
1,15,0,noche
1,14,0,noche
0,10,0,noche
0,19,1,noche
0,19,1,noche
0,-8,0,noche
0,27,1,noche
0,27,1,noche
0,6,0,noche
0,-6,0,noche
0,21,1,noche
0,9,0,noche
0,6,0,noche
0,2,0,noche
0,19,1,noche
0,-1,0,noche
0,1,0,noche
0,25,1,noche
0,59,1,noche
0,11,0,noche
0,6,0,noche
0,-12,0,noche
0,121,1,noche
0,3,0,noche
0,-4,0,noche
0,29,1,noche
0,4,0,noche
0,9,0,noche
0,9,0,noche
1,15,0,mañana
1,-1,0,mañana
1,4,0,mañana
0,4,0,mañana
0,3,0,mañana
0,47,1,mañana
0,0,0,mañana
0,-2,0,mañana
0,1,0,mañana
0,-3,0,mañana
0,47,1,mañana
0,-6,0,mañana
0,8,0,mañana
0,22,1,mañana
0,16,1,mañana
0,-1,0,mañana
0,-3,0,mañana
0,-1,0,mañana
0,0,0,mañana
0,1,0,mañana
0,-10,0,mañana
0,-3,0,mañana
0,123,1,mañana
0,9,0,mañana
0,-12,0,mañana
0,-5,0,mañana
0,-4,0,mañana
0,29,1,mañana
0,-5,0,mañana
0,-2,0,mañana
1,10,0,tarde
1,8,0,tarde
1,21,1,tarde
0,29,1,tarde
0,17,1,tarde
0,-2,0,tarde
0,-5,0,tarde
0,29,1,tarde
0,42,1,tarde
0,51,1,tarde
0,0,0,tarde
0,19,1,tarde
0,5,0,tarde
0,9,0,tarde
0,29,1,tarde
0,76,1,tarde
0,28,1,tarde
0,24,1,tarde
0,-2,0,tarde
0,12,0,tarde
0,7,0,tarde
0,9,0,tarde
0,6,0,tarde
0,0,0,tarde
0,-3,0,tarde
0,10,0,tarde
0,0,0,tarde
0,20,1,tarde
0,18,1,tarde
0,9,0,tarde
0,0,0,tarde
1,-2,0,noche
1,-12,0,noche
0,-12,0,noche
0,-6,0,noche
0,-10,0,noche
0,-9,0,noche
0,-12,0,noche
0,2,0,noche
0,87,1,noche
0,-12,0,noche
0,-3,0,noche
0,-10,0,noche
0,-4,0,noche
0,-8,0,noche
0,-3,0,noche
0,-5,0,noche
0,-6,0,noche
1,3,0,tarde
0,2,0,tarde
0,7,0,tarde
0,3,0,tarde
0,8,0,tarde
0,-7,0,tarde
0,2,0,tarde
0,-6,0,tarde
0,6,0,tarde
0,151,1,tarde
0,-2,0,tarde
0,-5,0,tarde
0,7,0,tarde
0,-6,0,tarde
0,69,1,tarde
0,14,0,tarde
0,-4,0,mañana
0,4,0,mañana
0,-5,0,mañana
0,6,0,mañana
0,-10,0,mañana
1,3,0,tarde
1,6,0,tarde
0,2,0,tarde
0,2,0,tarde
0,6,0,tarde
0,1,0,tarde
0,-1,0,tarde
0,-2,0,tarde
0,-3,0,tarde
0,0,0,tarde
0,6,0,tarde
0,12,0,tarde
0,1,0,tarde
0,14,0,tarde
0,4,0,tarde
0,9,0,tarde
0,-3,0,tarde
1,-10,0,mañana
1,-8,0,mañana
1,-2,0,mañana
0,-2,0,mañana
0,-9,0,mañana
0,-7,0,mañana
0,-12,0,mañana
0,-12,0,mañana
0,-7,0,mañana
0,-7,0,mañana
0,-8,0,mañana
0,-8,0,mañana
0,-7,0,mañana
0,-12,0,mañana
0,-13,0,mañana
0,-1,0,mañana
0,-7,0,mañana
0,-6,0,mañana
0,-4,0,mañana
0,-5,0,mañana
0,-3,0,mañana
0,-9,0,mañana
0,-4,0,mañana
0,-5,0,mañana
0,-4,0,mañana
0,-13,0,mañana
0,-5,0,mañana
1,-3,0,tarde
1,-1,0,tarde
1,-7,0,tarde
0,-6,0,tarde
0,-8,0,tarde
0,-6,0,tarde
0,-5,0,tarde
0,-5,0,tarde
0,5,0,tarde
0,-6,0,tarde
0,-4,0,tarde
0,-14,0,tarde
0,-6,0,tarde
0,-1,0,tarde
0,-6,0,tarde
0,-11,0,tarde
0,2,0,tarde
0,-8,0,tarde
0,-4,0,tarde
0,-7,0,tarde
0,-8,0,tarde
0,3,0,tarde
0,-5,0,tarde
0,-6,0,tarde
0,-1,0,tarde
0,0,0,tarde
0,-11,0,tarde
0,-10,0,tarde
0,-12,0,tarde
0,-1,0,tarde
1,-6,0,noche
1,-5,0,noche
0,-14,0,noche
0,-4,0,noche
0,-4,0,noche
0,10,0,noche
0,-9,0,noche
0,-1,0,noche
0,-12,0,noche
0,-2,0,noche
0,3,0,noche
0,-5,0,noche
0,-8,0,noche
0,-1,0,noche
0,0,0,noche
0,-8,0,noche
0,-7,0,noche
0,7,0,noche
0,-6,0,noche
0,-10,0,noche
0,-12,0,noche
0,-4,0,noche
0,2,0,noche
1,4,0,noche
1,-4,0,noche
1,-4,0,noche
0,3,0,noche
0,2,0,noche
0,22,1,noche
0,1,0,noche
0,13,0,noche
0,-6,0,noche
0,17,1,noche
0,3,0,noche
0,-7,0,noche
0,4,0,noche
0,8,0,noche
0,-2,0,noche
0,-5,0,noche
0,5,0,noche
0,3,0,noche
0,-13,0,noche
0,1,0,noche
0,-1,0,noche
0,-1,0,noche
0,2,0,noche
0,30,1,noche
0,-10,0,noche
0,5,0,noche
0,-7,0,noche
0,2,0,noche
0,-1,0,noche
0,2,0,noche
0,0,0,noche
1,-2,0,noche
1,-9,0,noche
1,3,0,noche
0,-11,0,noche
0,5,0,noche
0,-6,0,noche
0,-2,0,noche
0,12,0,noche
0,5,0,noche
0,-5,0,noche
0,-5,0,noche
0,-10,0,noche
0,-5,0,noche
0,-8,0,noche
0,-14,0,noche
0,-11,0,noche
0,13,0,noche
0,-2,0,noche
0,-10,0,noche
0,-3,0,noche
0,-1,0,noche
0,-6,0,noche
0,-3,0,noche
0,-8,0,noche
0,-13,0,noche
0,5,0,noche
0,-5,0,noche
0,1,0,noche
1,-4,0,noche
1,-9,0,noche
1,-5,0,noche
0,-5,0,noche
0,-12,0,noche
0,-13,0,noche
0,-7,0,noche
0,-4,0,noche
0,4,0,noche
0,0,0,noche
0,-10,0,noche
0,-3,0,noche
0,-7,0,noche
0,-6,0,noche
0,-6,0,noche
0,-5,0,noche
0,86,1,noche
0,-5,0,noche
0,-12,0,noche
0,2,0,noche
0,15,0,noche
0,30,1,noche
0,-9,0,noche
0,39,1,noche
0,-8,0,noche
0,-6,0,noche
0,-9,0,noche
0,-4,0,noche
0,-6,0,noche
0,4,0,noche
0,-3,0,noche
1,-13,0,mañana
0,-8,0,mañana
0,-5,0,mañana
0,-10,0,mañana
0,-8,0,mañana
0,-12,0,mañana
0,-14,0,mañana
0,-11,0,mañana
0,-14,0,mañana
0,-9,0,mañana
0,-3,0,mañana
0,-7,0,mañana
0,3,0,mañana
0,-10,0,mañana
0,-8,0,mañana
0,-13,0,mañana
0,-12,0,mañana
0,-3,0,mañana
0,-8,0,mañana
1,12,0,tarde
1,27,1,tarde
1,25,1,tarde
0,3,0,tarde
0,6,0,tarde
0,26,1,tarde
0,18,1,tarde
0,37,1,tarde
0,63,1,tarde
0,18,1,tarde
0,1,0,tarde
0,4,0,tarde
0,10,0,tarde
0,9,0,tarde
0,40,1,tarde
0,16,1,tarde
0,1,0,tarde
0,59,1,tarde
0,13,0,tarde
0,50,1,tarde
0,16,1,tarde
0,4,0,tarde
0,39,1,tarde
0,23,1,tarde
0,10,0,tarde
0,14,0,tarde
0,34,1,tarde
0,19,1,tarde
0,17,1,tarde
0,37,1,tarde
0,35,1,tarde
1,-14,0,noche
0,1,0,noche
0,-8,0,noche
1,-11,0,noche
1,21,1,tarde
1,0,0,tarde
1,2,0,tarde
0,5,0,tarde
0,7,0,tarde
0,10,0,tarde
0,-2,0,tarde
0,12,0,tarde
0,4,0,tarde
0,7,0,tarde
0,8,0,tarde
0,-3,0,tarde
0,-4,0,tarde
0,-3,0,tarde
0,7,0,tarde
0,-6,0,tarde
0,-3,0,tarde
0,-3,0,tarde
0,-8,0,tarde
0,8,0,tarde
0,-5,0,tarde
0,2,0,tarde
0,18,1,tarde
0,-2,0,tarde
0,-2,0,tarde
0,22,1,tarde
0,-2,0,tarde
0,5,0,tarde
0,3,0,tarde
0,7,0,tarde
1,18,1,tarde
1,10,0,tarde
0,0,0,tarde
0,4,0,tarde
0,-3,0,tarde
0,-2,0,tarde
0,161,1,tarde
0,7,0,tarde
0,-5,0,tarde
0,-10,0,tarde
0,-13,0,tarde
0,-9,0,tarde
0,-5,0,tarde
0,1,0,tarde
0,6,0,tarde
0,3,0,tarde
0,-3,0,tarde
0,-8,0,tarde
0,-11,0,mañana
0,-7,0,mañana
0,-11,0,mañana
0,-4,0,mañana
1,6,0,tarde
1,77,1,tarde
0,-3,0,tarde
0,16,1,tarde
0,12,0,tarde
0,7,0,tarde
0,0,0,tarde
0,20,1,tarde
0,32,1,tarde
0,14,0,tarde
0,8,0,tarde
0,9,0,tarde
0,16,1,tarde
0,3,0,tarde
0,24,1,tarde
0,26,1,tarde
0,3,0,tarde
0,79,1,tarde
1,-5,0,mañana
1,-2,0,mañana
1,38,1,mañana
0,-1,0,mañana
0,-5,0,mañana
0,13,0,mañana
0,-8,0,mañana
0,-3,0,mañana
0,-5,0,mañana
0,-12,0,mañana
0,-2,0,mañana
0,-9,0,mañana
0,5,0,mañana
0,4,0,mañana
0,-7,0,mañana
0,-5,0,mañana
0,1,0,mañana
0,-2,0,mañana
0,-12,0,mañana
0,-4,0,mañana
0,-5,0,mañana
0,-6,0,mañana
0,-10,0,mañana
0,-3,0,mañana
0,0,0,mañana
0,-13,0,mañana
0,-10,0,mañana
0,-6,0,mañana
0,-12,0,mañana
0,-4,0,mañana
1,-6,0,noche
1,-10,0,noche
1,4,0,noche
0,-5,0,noche
0,-4,0,noche
0,-5,0,noche
0,30,1,noche
0,-9,0,noche
0,-5,0,noche
0,-9,0,noche
0,-8,0,noche
0,-9,0,noche
0,-11,0,noche
0,-7,0,noche
0,-7,0,noche
0,-2,0,noche
0,-11,0,noche
0,-7,0,noche
0,5,0,noche
0,-6,0,noche
0,-11,0,noche
0,-4,0,noche
0,-5,0,noche
0,-7,0,noche
0,-10,0,noche
0,-11,0,noche
0,-12,0,noche
0,-7,0,noche
0,-8,0,noche
1,9,0,tarde
1,9,0,tarde
0,13,0,tarde
0,4,0,tarde
0,40,1,tarde
0,13,0,tarde
0,12,0,tarde
0,-2,0,tarde
0,22,1,tarde
0,-1,0,tarde
0,-3,0,tarde
0,14,0,tarde
0,13,0,tarde
0,10,0,tarde
0,0,0,tarde
1,-3,0,tarde
1,2,0,tarde
1,37,1,tarde
0,5,0,tarde
0,-8,0,tarde
0,-1,0,tarde
0,21,1,tarde
0,-1,0,tarde
0,14,0,tarde
0,-3,0,tarde
0,13,0,tarde
0,9,0,tarde
0,2,0,tarde
0,3,0,tarde
0,21,1,tarde
1,3,0,mañana
0,8,0,mañana
0,-4,0,mañana
0,6,0,mañana
0,0,0,mañana
0,8,0,mañana
0,4,0,mañana
0,-3,0,mañana
0,-2,0,mañana
0,-3,0,mañana
0,-10,0,mañana
0,-6,0,mañana
0,15,0,mañana
0,17,1,mañana
1,0,0,tarde
1,9,0,tarde
1,-1,0,tarde
0,27,1,tarde
0,7,0,tarde
0,11,0,tarde
0,-3,0,tarde
0,8,0,tarde
0,0,0,tarde
0,12,0,tarde
0,3,0,tarde
0,6,0,tarde
0,2,0,tarde
0,8,0,tarde
0,3,0,tarde
0,11,0,tarde
0,3,0,tarde
0,3,0,tarde
0,0,0,tarde
0,5,0,tarde
0,-6,0,tarde
0,-3,0,tarde
0,2,0,tarde
0,8,0,tarde
0,2,0,tarde
0,-2,0,tarde
0,5,0,tarde
0,3,0,tarde
0,-1,0,tarde
0,1,0,tarde
0,-4,0,tarde
1,0,0,mañana
1,3,0,mañana
0,-5,0,mañana
0,-5,0,mañana
0,-3,0,mañana
0,1,0,mañana
0,0,0,mañana
0,10,0,mañana
0,-9,0,mañana
0,-1,0,mañana
0,31,1,mañana
0,-5,0,mañana
0,0,0,mañana
0,21,1,mañana
0,1,0,mañana
0,7,0,mañana
0,2,0,mañana
1,-2,0,noche
1,36,1,noche
1,30,1,noche
0,8,0,noche
0,27,1,noche
0,-6,0,noche
0,9,0,noche
0,11,0,noche
0,-6,0,noche
0,-2,0,noche
0,-1,0,noche
0,1,0,noche
0,7,0,noche
0,13,0,noche
0,17,1,noche
0,3,0,noche
0,23,1,noche
0,13,0,noche
0,2,0,noche
0,0,0,noche
0,0,0,noche
0,42,1,noche
0,7,0,noche
0,-4,0,noche
0,2,0,noche
0,-2,0,noche
0,7,0,noche
0,11,0,noche
0,38,1,noche
0,8,0,noche
1,4,0,tarde
1,8,0,tarde
0,3,0,noche
0,-3,0,noche
0,19,1,noche
0,5,0,noche
0,10,0,noche
0,-1,0,noche
0,-3,0,noche
0,-2,0,noche
0,5,0,noche
0,0,0,noche
0,25,1,noche
0,7,0,noche
0,3,0,tarde
0,-2,0,tarde
0,-1,0,tarde
0,7,0,tarde
1,12,0,noche
1,-4,0,noche
1,6,0,mañana
1,10,0,mañana
1,15,0,mañana
0,125,1,mañana
0,13,0,mañana
0,-4,0,mañana
0,7,0,mañana
0,60,1,mañana
0,-3,0,mañana
0,8,0,mañana
0,2,0,mañana
0,23,1,mañana
0,3,0,mañana
0,10,0,mañana
0,-4,0,mañana
0,6,0,mañana
0,5,0,mañana
0,25,1,mañana
0,1,0,mañana
0,6,0,mañana
0,0,0,mañana
0,7,0,mañana
0,18,1,mañana
0,-2,0,mañana
0,1,0,mañana
0,5,0,mañana
0,-4,0,mañana
0,4,0,mañana
0,8,0,mañana
0,10,0,mañana
0,57,1,mañana
1,3,0,tarde
1,46,1,tarde
1,0,0,tarde
0,0,0,tarde
0,12,0,tarde
0,159,1,tarde
0,31,1,tarde
0,7,0,tarde
0,14,0,tarde
0,6,0,tarde
0,5,0,tarde
0,-1,0,tarde
0,3,0,tarde
0,7,0,tarde
0,-3,0,tarde
0,-6,0,tarde
0,1,0,tarde
0,-3,0,tarde
0,8,0,tarde
0,24,1,tarde
0,89,1,tarde
0,15,0,tarde
0,-1,0,tarde
0,27,1,tarde
0,2,0,tarde
0,1,0,tarde
0,9,0,tarde
0,17,1,tarde
0,10,0,tarde
1,14,0,mañana
1,10,0,mañana
0,10,0,mañana
0,6,0,mañana
0,-2,0,mañana
0,0,0,mañana
0,21,1,mañana
0,-4,0,mañana
0,6,0,mañana
0,12,0,mañana
0,14,0,mañana
0,6,0,mañana
0,-7,0,mañana
0,13,0,mañana
0,3,0,mañana
0,4,0,mañana
0,4,0,mañana
0,12,0,mañana
0,-3,0,mañana
0,0,0,mañana
0,9,0,mañana
0,1,0,mañana
0,14,0,mañana
0,4,0,mañana
0,7,0,mañana
0,0,0,mañana
0,-1,0,mañana
0,-2,0,mañana
0,-6,0,mañana
0,2,0,mañana
1,1,0,mañana
1,-1,0,mañana
1,7,0,mañana
0,-3,0,mañana
0,2,0,mañana
0,-2,0,mañana
0,12,0,mañana
0,0,0,mañana
0,0,0,mañana
0,-5,0,mañana
0,9,0,mañana
0,8,0,mañana
0,10,0,mañana
0,-2,0,mañana
0,2,0,mañana
0,5,0,mañana
0,11,0,mañana
0,-1,0,mañana
0,98,1,mañana
0,0,0,mañana
0,0,0,mañana
0,6,0,mañana
0,153,1,mañana
0,3,0,mañana
0,65,1,mañana
0,-1,0,mañana
0,1,0,mañana
0,14,0,mañana
0,66,1,mañana
1,-4,0,tarde
1,4,0,tarde
0,10,0,tarde
0,14,0,tarde
0,5,0,tarde
0,-5,0,tarde
0,16,1,tarde
1,2,0,mañana
1,0,0,mañana
1,8,0,mañana
0,7,0,mañana
0,9,0,mañana
0,1,0,mañana
0,1,0,mañana
0,9,0,mañana
0,-3,0,mañana
0,-2,0,mañana
0,2,0,mañana
0,10,0,mañana
0,0,0,mañana
0,3,0,mañana
0,0,0,mañana
0,2,0,mañana
0,33,1,mañana
0,4,0,mañana
0,14,0,mañana
0,14,0,mañana
0,15,0,mañana
0,13,0,mañana
0,30,1,mañana
0,4,0,mañana
0,0,0,mañana
0,-1,0,mañana
0,2,0,mañana
0,9,0,mañana
0,12,0,mañana
0,22,1,mañana
0,24,1,mañana
1,10,0,mañana
0,-1,0,mañana
0,0,0,tarde
0,-1,0,mañana
0,-7,0,mañana
0,-5,0,tarde
0,1,0,mañana
0,-12,0,mañana
1,1,0,mañana
1,6,0,mañana
1,8,0,mañana
0,12,0,mañana
0,-2,0,mañana
0,-2,0,mañana
0,3,0,mañana
0,1,0,mañana
0,1,0,mañana
0,1,0,mañana
0,-3,0,mañana
0,3,0,mañana
0,-1,0,mañana
0,-3,0,mañana
0,-3,0,mañana
0,3,0,mañana
0,0,0,mañana
0,4,0,mañana
0,4,0,mañana
0,-1,0,mañana
0,-1,0,mañana
0,2,0,mañana
0,3,0,mañana
0,1,0,mañana
0,-6,0,mañana
0,5,0,mañana
0,96,1,mañana
0,2,0,mañana
1,16,1,tarde
0,-1,0,tarde
0,-2,0,tarde
0,0,0,tarde
0,0,0,tarde
0,-6,0,tarde
0,0,0,tarde
0,16,1,tarde
0,-2,0,tarde
0,-9,0,tarde
0,-9,0,tarde
0,1,0,tarde
0,3,0,tarde
1,6,0,tarde
1,5,0,tarde
0,39,1,tarde
0,4,0,tarde
0,4,0,tarde
0,0,0,tarde
0,14,0,tarde
0,-1,0,tarde
0,-1,0,tarde
0,14,0,tarde
0,12,0,tarde
0,0,0,tarde
0,-2,0,tarde
0,-3,0,tarde
0,-3,0,tarde
0,-1,0,tarde
0,8,0,tarde
0,-1,0,tarde
1,-3,0,tarde
0,1,0,tarde
0,-5,0,tarde
0,-4,0,tarde
0,-9,0,tarde
0,-1,0,tarde
0,-2,0,tarde
0,4,0,tarde
0,1,0,tarde
1,2,0,noche
1,16,1,noche
1,-2,0,noche
0,-4,0,noche
0,-5,0,noche
0,-5,0,noche
0,7,0,noche
0,-1,0,noche
0,10,0,noche
0,-4,0,noche
0,9,0,tarde
0,-3,0,tarde
0,0,0,tarde
0,-3,0,tarde
0,-1,0,noche
0,40,1,noche
0,0,0,tarde
0,2,0,tarde
0,24,1,tarde
0,32,1,tarde
0,-4,0,noche
0,5,0,noche
0,-6,0,tarde
0,-3,0,tarde
0,33,1,tarde
0,5,0,tarde
0,4,0,noche
1,2,0,mañana
1,-5,0,mañana
1,5,0,mañana
0,-2,0,mañana
0,25,1,mañana
0,-3,0,mañana
0,5,0,mañana
0,-3,0,mañana
0,-4,0,mañana
0,-1,0,mañana
0,6,0,mañana
0,4,0,mañana
0,-3,0,mañana
0,-7,0,mañana
0,-1,0,mañana
1,-1,0,tarde
1,0,0,tarde
1,-3,0,tarde
0,-3,0,tarde
0,-1,0,tarde
0,1,0,tarde
0,2,0,tarde
0,-5,0,tarde
0,8,0,tarde
0,-2,0,tarde
0,-7,0,tarde
0,-6,0,tarde
0,-2,0,tarde
0,-4,0,tarde
0,1,0,tarde
0,3,0,tarde
0,-2,0,tarde
0,-1,0,tarde
0,-3,0,tarde
0,-8,0,tarde
0,0,0,tarde
0,-1,0,tarde
0,13,0,tarde
0,1,0,tarde
0,-3,0,tarde
0,5,0,tarde
0,-3,0,tarde
0,4,0,tarde
0,2,0,tarde
1,-1,0,mañana
1,-3,0,mañana
1,-4,0,mañana
0,1,0,mañana
0,6,0,mañana
0,0,0,mañana
0,-3,0,mañana
0,1,0,mañana
0,1,0,mañana
0,0,0,mañana
0,-3,0,mañana
0,1,0,mañana
0,23,1,mañana
0,7,0,mañana
0,-2,0,mañana
0,5,0,mañana
0,16,1,mañana
0,-2,0,mañana
0,-3,0,mañana
0,1,0,mañana
0,5,0,mañana
0,-4,0,mañana
0,-1,0,mañana
0,-2,0,mañana
0,1,0,mañana
0,-4,0,mañana
0,0,0,mañana
0,0,0,mañana
0,26,1,mañana
0,0,0,mañana
0,0,0,mañana
1,-5,0,tarde
1,0,0,tarde
1,7,0,mañana
0,-3,0,tarde
0,-2,0,tarde
0,21,1,tarde
0,-1,0,tarde
0,-5,0,tarde
0,-3,0,tarde
0,2,0,mañana
0,-1,0,tarde
0,-1,0,tarde
0,9,0,mañana
0,7,0,tarde
0,-4,0,mañana
0,-1,0,tarde
0,17,1,mañana
1,8,0,tarde
1,-2,0,tarde
1,6,0,tarde
0,1,0,tarde
0,9,0,tarde
0,-1,0,tarde
0,3,0,tarde
0,-2,0,tarde
0,-3,0,tarde
0,-1,0,tarde
0,-2,0,tarde
0,-1,0,tarde
0,1,0,tarde
0,8,0,tarde
0,2,0,tarde
0,-5,0,tarde
0,5,0,tarde
0,1,0,tarde
0,18,1,tarde
0,-3,0,tarde
0,-4,0,tarde
0,5,0,tarde
0,20,1,tarde
0,6,0,tarde
0,-4,0,tarde
0,29,1,tarde
0,1,0,tarde
0,-6,0,tarde
0,13,0,tarde
0,1,0,tarde
0,8,0,tarde
1,2,0,mañana
1,2,0,mañana
1,-2,0,mañana
0,-1,0,mañana
0,1,0,mañana
0,-3,0,mañana
0,-3,0,mañana
0,-1,0,mañana
0,-3,0,mañana
0,16,1,mañana
0,3,0,mañana
0,8,0,mañana
0,4,0,mañana
0,-2,0,mañana
0,3,0,mañana
0,3,0,mañana
0,7,0,mañana
0,1,0,mañana
0,0,0,mañana
0,16,1,mañana
0,-1,0,mañana
0,-2,0,mañana
0,4,0,mañana
0,2,0,mañana
0,-3,0,mañana
0,26,1,mañana
0,0,0,mañana
0,-1,0,mañana
0,-2,0,mañana
0,159,1,mañana
0,-2,0,tarde
0,-1,0,tarde
0,-1,0,tarde
0,0,0,tarde
0,-4,0,tarde
0,5,0,tarde
0,54,1,tarde
0,3,0,tarde
0,-7,0,tarde
0,-6,0,tarde
0,32,1,tarde
0,0,0,tarde
0,4,0,tarde
0,4,0,tarde
0,1,0,tarde
0,0,0,tarde
0,48,1,tarde
1,13,0,noche
0,0,0,noche
0,37,1,noche
0,0,0,noche
0,13,0,noche
0,-2,0,noche
0,1,0,noche
0,-10,0,noche
0,2,0,noche
0,1,0,noche
0,13,0,noche
1,-1,0,noche
1,-1,0,noche
0,7,0,noche
0,0,0,noche
0,2,0,noche
0,0,0,noche
0,-1,0,noche
0,12,0,noche
0,4,0,noche
0,0,0,noche
0,53,1,noche
0,5,0,noche
0,-7,0,noche
0,4,0,noche
0,3,0,noche
0,1,0,noche
0,-1,0,noche
0,-3,0,noche
0,14,0,noche
0,16,1,noche
1,67,1,mañana
1,-2,0,mañana
1,1,0,mañana
0,0,0,mañana
0,-1,0,mañana
0,-1,0,mañana
0,16,1,mañana
0,4,0,mañana
0,0,0,mañana
0,31,1,mañana
0,1,0,mañana
0,-4,0,mañana
0,24,1,mañana
0,2,0,mañana
0,23,1,mañana
0,2,0,mañana
0,0,0,mañana
0,-3,0,mañana
0,2,0,mañana
0,18,1,mañana
0,3,0,mañana
0,4,0,mañana
0,-2,0,mañana
0,-1,0,mañana
0,-1,0,mañana
0,2,0,mañana
0,53,1,mañana
0,1,0,mañana
0,14,0,mañana
0,3,0,mañana
0,85,1,mañana
1,10,0,tarde
1,-1,0,tarde
1,-1,0,tarde
0,9,0,tarde
0,-2,0,tarde
0,-3,0,tarde
0,-3,0,tarde
0,-8,0,tarde
0,9,0,tarde
0,-4,0,tarde
0,4,0,tarde
0,0,0,tarde
0,-1,0,tarde
0,-4,0,tarde
0,4,0,tarde
0,2,0,tarde
0,4,0,tarde
0,-2,0,tarde
0,0,0,tarde
0,-1,0,tarde
0,-3,0,tarde
0,2,0,tarde
0,4,0,tarde
0,-4,0,tarde
0,-3,0,tarde
0,5,0,tarde
0,-5,0,tarde
0,0,0,tarde
0,0,0,tarde
1,9,0,tarde
1,7,0,tarde
0,-1,0,tarde
0,0,0,noche
0,-2,0,tarde
0,-2,0,tarde
0,-3,0,tarde
0,-1,0,mañana
0,3,0,tarde
0,-10,0,mañana
0,-3,0,mañana
0,-2,0,tarde
0,-5,0,mañana
0,2,0,mañana
0,-2,0,tarde
1,2,0,mañana
1,16,1,mañana
1,-2,0,mañana
0,-4,0,mañana
0,2,0,mañana
0,36,1,mañana
0,2,0,mañana
0,-8,0,mañana
0,-4,0,mañana
0,2,0,mañana
0,-6,0,mañana
0,3,0,mañana
0,2,0,mañana
0,-4,0,mañana
0,-2,0,mañana
0,-2,0,mañana
0,-1,0,mañana
0,5,0,mañana
0,-1,0,mañana
0,5,0,mañana
0,-2,0,mañana
0,-1,0,mañana
0,-4,0,mañana
0,0,0,mañana
0,13,0,mañana
0,0,0,mañana
0,2,0,mañana
0,-1,0,mañana
0,6,0,mañana
0,4,0,mañana
0,7,0,mañana
1,20,1,tarde
1,-3,0,tarde
1,6,0,tarde
0,-3,0,tarde
0,-1,0,tarde
0,-1,0,tarde
0,-1,0,tarde
0,-2,0,tarde
0,-3,0,tarde
0,4,0,tarde
0,7,0,tarde
0,3,0,tarde
0,14,0,tarde
0,-1,0,tarde
0,0,0,tarde
0,14,0,tarde
0,-5,0,tarde
0,-3,0,tarde
0,-3,0,tarde
0,30,1,tarde
0,-4,0,tarde
0,12,0,tarde
0,3,0,tarde
0,29,1,tarde
0,0,0,tarde
0,-1,0,tarde
0,1,0,tarde
1,0,0,mañana
1,0,0,mañana
1,13,0,mañana
0,10,0,mañana
0,3,0,mañana
0,27,1,mañana
0,0,0,mañana
0,13,0,mañana
0,2,0,mañana
0,-8,0,mañana
0,-2,0,mañana
0,1,0,mañana
0,6,0,mañana
0,0,0,mañana
0,-2,0,mañana
0,-2,0,mañana
0,-1,0,mañana
0,-3,0,mañana
0,1,0,mañana
0,20,1,mañana
0,-1,0,mañana
0,1,0,mañana
0,-3,0,mañana
0,12,0,mañana
0,1,0,mañana
0,-2,0,mañana
0,3,0,mañana
0,-6,0,mañana
0,-5,0,mañana
0,9,0,mañana
0,-4,0,mañana
1,7,0,mañana
1,6,0,mañana
1,13,0,mañana
0,-5,0,mañana
0,11,0,tarde
0,-1,0,mañana
0,-2,0,mañana
0,-3,0,mañana
0,7,0,mañana
0,1,0,mañana
0,-6,0,mañana
0,-2,0,tarde
0,14,0,mañana
0,3,0,mañana
0,8,0,mañana
0,-2,0,mañana
0,30,1,mañana
0,-3,0,mañana
0,-2,0,tarde
0,10,0,mañana
0,11,0,mañana
0,-4,0,mañana
0,3,0,mañana
0,-5,0,mañana
0,-4,0,mañana
0,-5,0,tarde
0,9,0,mañana
0,-3,0,mañana
0,20,1,mañana
0,7,0,mañana
0,-3,0,mañana
1,59,1,tarde
1,-1,0,tarde
0,7,0,tarde
0,0,0,tarde
0,5,0,tarde
0,-2,0,tarde
0,0,0,tarde
0,5,0,tarde
0,-5,0,tarde
0,21,1,tarde
0,-1,0,tarde
0,35,1,tarde
0,-1,0,tarde
0,0,0,tarde
0,18,1,tarde
0,2,0,tarde
0,2,0,tarde
0,-1,0,tarde
0,9,0,tarde
0,2,0,tarde
1,36,1,tarde
1,19,1,tarde
1,6,0,tarde
0,-7,0,tarde
0,0,0,tarde
0,-1,0,tarde
0,6,0,tarde
0,3,0,tarde
0,0,0,tarde
0,2,0,tarde
0,-5,0,tarde
0,-1,0,tarde
0,2,0,tarde
0,-3,0,tarde
0,0,0,tarde
0,4,0,tarde
0,39,1,tarde
0,0,0,tarde
0,3,0,tarde
0,10,0,tarde
0,5,0,tarde
0,22,1,tarde
0,45,1,tarde
0,8,0,tarde
0,-10,0,tarde
0,-6,0,tarde
0,1,0,tarde
0,-1,0,tarde
0,-2,0,tarde
0,-4,0,tarde
0,6,0,tarde
1,15,0,noche
0,-2,0,noche
0,-4,0,noche
0,-5,0,noche
0,6,0,tarde
0,41,1,noche
0,47,1,tarde
0,20,1,tarde
0,-2,0,noche
0,-1,0,tarde
0,3,0,tarde
0,0,0,mañana
0,15,0,mañana
0,-3,0,mañana
1,7,0,mañana
1,4,0,mañana
1,-2,0,mañana
0,1,0,mañana
0,1,0,mañana
0,-3,0,mañana
0,-8,0,mañana
0,-2,0,mañana
0,1,0,mañana
0,-5,0,mañana
0,3,0,mañana
0,-4,0,mañana
0,-8,0,mañana
0,0,0,mañana
0,-4,0,mañana
0,-3,0,mañana
0,-2,0,mañana
0,4,0,mañana
0,-2,0,mañana
0,-3,0,mañana
0,1,0,mañana
0,-5,0,mañana
0,2,0,mañana
0,-1,0,mañana
0,-1,0,mañana
0,4,0,mañana
1,-2,0,mañana
1,1,0,mañana
1,0,0,mañana
0,-3,0,mañana
0,-2,0,mañana
0,26,1,mañana
0,-1,0,mañana
0,-2,0,mañana
0,2,0,mañana
0,-3,0,mañana
0,4,0,mañana
0,1,0,mañana
0,-2,0,mañana
0,1,0,mañana
0,8,0,mañana
0,-5,0,mañana
0,5,0,mañana
0,-4,0,mañana
0,-5,0,mañana
0,38,1,mañana
0,-5,0,mañana
0,-4,0,mañana
0,2,0,mañana
0,-1,0,mañana
0,-1,0,mañana
0,3,0,mañana
0,1,0,mañana
0,-1,0,mañana
0,1,0,mañana
0,0,0,mañana
0,-4,0,mañana
1,7,0,tarde
1,-4,0,tarde
1,7,0,tarde
0,-1,0,tarde
0,-2,0,tarde
0,6,0,tarde
0,-3,0,tarde
0,-2,0,tarde
0,-2,0,tarde
0,1,0,tarde
0,-6,0,tarde
0,-10,0,tarde
0,4,0,tarde
0,2,0,tarde
0,-1,0,tarde
0,0,0,tarde
0,1,0,tarde
0,-4,0,tarde
0,-7,0,tarde
0,-2,0,tarde
0,0,0,tarde
0,1,0,tarde
0,3,0,tarde
0,7,0,tarde
0,1,0,tarde
0,-12,0,tarde
0,1,0,tarde
0,-8,0,tarde
0,2,0,tarde
0,-3,0,tarde
0,7,0,tarde
1,3,0,tarde
1,18,1,tarde
1,16,1,tarde
0,-4,0,tarde
0,-2,0,tarde
0,-6,0,tarde
0,-4,0,tarde
0,13,0,tarde
0,-3,0,tarde
0,17,1,tarde
0,-3,0,tarde
0,-2,0,tarde
0,-3,0,tarde
0,-5,0,tarde
0,2,0,tarde
0,-3,0,tarde
0,1,0,tarde
0,-5,0,tarde
0,-3,0,tarde
0,-1,0,tarde
0,-1,0,tarde
0,-1,0,tarde
0,-1,0,tarde
0,5,0,tarde
0,-2,0,tarde
0,2,0,tarde
0,-4,0,tarde
0,-5,0,tarde
0,-2,0,tarde
0,-9,0,tarde
0,-2,0,tarde
1,19,1,tarde
1,8,0,tarde
1,7,0,tarde
0,-2,0,tarde
0,-2,0,tarde
0,0,0,tarde
0,-4,0,tarde
0,1,0,tarde
0,-4,0,tarde
0,-2,0,tarde
0,10,0,tarde
0,6,0,tarde
0,2,0,tarde
0,-2,0,tarde
0,2,0,tarde
0,-1,0,tarde
0,0,0,tarde
0,3,0,tarde
0,-3,0,tarde
0,4,0,tarde
0,-2,0,tarde
0,-2,0,tarde
0,7,0,tarde
0,0,0,tarde
0,-1,0,tarde
0,16,1,tarde
0,7,0,tarde
0,0,0,noche
0,1,0,noche
0,36,1,tarde
0,40,1,tarde
1,6,0,mañana
1,-3,0,mañana
1,4,0,mañana
0,-2,0,mañana
0,6,0,mañana
0,-9,0,mañana
0,-2,0,mañana
0,0,0,mañana
0,0,0,mañana
0,-5,0,mañana
0,1,0,mañana
0,-3,0,mañana
0,-7,0,mañana
0,-4,0,mañana
0,-4,0,mañana
0,-5,0,mañana
0,-4,0,mañana
0,-2,0,mañana
0,0,0,mañana
0,5,0,mañana
0,-3,0,mañana
0,-3,0,mañana
0,-1,0,mañana
0,-5,0,mañana
0,2,0,mañana
0,-5,0,mañana
0,-6,0,mañana
0,-5,0,mañana
0,-5,0,mañana
0,5,0,mañana
0,-5,0,mañana
1,1,0,mañana
1,10,0,mañana
1,2,0,mañana
0,0,0,mañana
0,-5,0,mañana
0,39,1,mañana
0,0,0,mañana
0,-3,0,mañana
0,3,0,mañana
0,7,0,mañana
0,-3,0,mañana
0,3,0,mañana
0,2,0,mañana
0,-7,0,mañana
0,13,0,mañana
0,-2,0,mañana
0,4,0,mañana
0,-14,0,tarde
0,-1,0,mañana
0,7,0,mañana
0,-2,0,mañana
0,-3,0,mañana
0,20,1,mañana
0,16,1,mañana
0,-1,0,tarde
0,0,0,mañana
0,6,0,mañana
0,-1,0,mañana
0,11,0,mañana
0,8,0,mañana
0,15,0,mañana
0,8,0,tarde
0,83,1,tarde
1,10,0,tarde
1,19,1,tarde
1,-1,0,tarde
0,3,0,tarde
0,-2,0,tarde
0,-6,0,tarde
0,2,0,tarde
0,1,0,tarde
0,0,0,tarde
0,1,0,tarde
0,3,0,tarde
0,12,0,tarde
0,-1,0,tarde
0,11,0,tarde
0,1,0,tarde
0,9,0,tarde
1,7,0,tarde
0,-2,0,noche
0,3,0,tarde
0,12,0,tarde
0,1,0,tarde
0,-2,0,noche
0,7,0,tarde
0,-7,0,tarde
0,49,1,tarde
0,-4,0,tarde
0,12,0,tarde
0,17,1,tarde
1,4,0,noche
1,7,0,noche
0,-2,0,noche
0,10,0,noche
0,-10,0,noche
0,19,1,tarde
0,0,0,tarde
0,4,0,tarde
0,7,0,tarde
0,0,0,noche
0,46,1,noche
0,6,0,tarde
0,6,0,tarde
0,19,1,tarde
0,37,1,tarde
0,34,1,noche
0,22,1,noche
0,12,0,tarde
0,16,1,tarde
0,7,0,tarde
0,3,0,tarde
0,32,1,noche
1,-1,0,noche
0,1,0,noche
0,6,0,noche
0,-4,0,noche
0,-1,0,noche
0,-5,0,noche
0,-7,0,noche
0,-9,0,noche
0,-2,0,noche
0,10,0,noche
0,11,0,noche
0,-1,0,noche
0,-4,0,noche
0,0,0,noche
0,0,0,noche
1,12,0,mañana
1,1,0,mañana
1,5,0,mañana
0,-4,0,mañana
0,2,0,mañana
0,-4,0,mañana
0,-5,0,mañana
0,-2,0,mañana
0,-4,0,mañana
0,-3,0,mañana
0,-2,0,mañana
0,-6,0,mañana
0,-3,0,mañana
0,-1,0,mañana
0,-4,0,mañana
0,-4,0,mañana
0,1,0,mañana
0,-1,0,mañana
0,-3,0,mañana
0,1,0,mañana
0,-1,0,mañana
0,-4,0,mañana
0,-3,0,mañana
0,1,0,mañana
0,-4,0,mañana
0,-1,0,mañana
0,-2,0,mañana
0,-2,0,mañana
0,-3,0,mañana
0,-5,0,mañana
0,-2,0,mañana
1,6,0,tarde
1,0,0,tarde
1,-1,0,tarde
0,-5,0,tarde
0,13,0,tarde
0,-1,0,tarde
0,0,0,tarde
0,3,0,tarde
0,0,0,tarde
0,-2,0,tarde
0,10,0,tarde
0,7,0,tarde
0,-3,0,tarde
0,-1,0,tarde
0,9,0,tarde
0,-1,0,tarde
0,-1,0,tarde
0,1,0,tarde
0,2,0,tarde
0,-7,0,tarde
0,-2,0,tarde
0,-2,0,tarde
0,0,0,tarde
0,14,0,tarde
1,18,1,noche
1,1,0,noche
1,3,0,noche
0,2,0,noche
0,8,0,noche
0,0,0,noche
0,-2,0,noche
0,5,0,noche
0,-3,0,noche
0,-6,0,noche
0,-5,0,noche
0,3,0,noche
0,-3,0,noche
0,-1,0,noche
0,-1,0,noche
0,1,0,noche
0,-2,0,noche
0,28,1,noche
0,5,0,noche
0,8,0,noche
0,-1,0,noche
0,2,0,noche
0,-5,0,noche
0,3,0,noche
0,-6,0,noche
0,-1,0,noche
0,2,0,noche
0,5,0,noche
0,-1,0,noche
1,-6,0,mañana
1,-2,0,mañana
1,3,0,mañana
0,7,0,mañana
0,9,0,mañana
0,3,0,mañana
0,-2,0,mañana
0,0,0,mañana
0,-2,0,mañana
0,-1,0,mañana
0,2,0,mañana
0,-2,0,mañana
0,-2,0,mañana
0,-3,0,mañana
0,-3,0,mañana
0,1,0,mañana
0,-4,0,mañana
0,-2,0,mañana
0,-1,0,mañana
0,3,0,mañana
0,0,0,mañana
0,3,0,mañana
0,1,0,mañana
0,-2,0,mañana
0,5,0,mañana
0,-1,0,mañana
0,1,0,mañana
0,1,0,mañana
0,24,1,mañana
0,-2,0,mañana
0,8,0,mañana
1,8,0,noche
1,4,0,noche
1,3,0,noche
0,7,0,noche
0,-3,0,noche
1,-1,0,tarde
1,12,0,tarde
1,2,0,tarde
0,-2,0,tarde
0,5,0,tarde
0,4,0,tarde
0,-3,0,tarde
0,33,1,tarde
0,17,1,tarde
0,2,0,tarde
0,158,1,tarde
0,-4,0,tarde
0,-5,0,tarde
0,8,0,tarde
0,-4,0,tarde
0,2,0,tarde
0,6,0,tarde
0,-4,0,tarde
0,11,0,tarde
0,0,0,tarde
0,-1,0,tarde
0,-5,0,tarde
0,0,0,tarde
0,54,1,tarde
0,8,0,tarde
0,-3,0,tarde
0,3,0,tarde
0,-1,0,tarde
0,18,1,tarde
0,-1,0,tarde
0,-7,0,tarde
1,4,0,tarde
1,2,0,tarde
1,-1,0,tarde
0,12,0,tarde
0,44,1,tarde
0,-3,0,tarde
0,-1,0,tarde
0,-6,0,tarde
0,-1,0,tarde
0,14,0,tarde
0,5,0,tarde
0,6,0,tarde
0,-2,0,tarde
0,-3,0,tarde
0,-2,0,tarde
0,50,1,tarde
0,5,0,tarde
0,0,0,tarde
0,71,1,tarde
0,-2,0,tarde
0,8,0,tarde
0,3,0,tarde
0,-3,0,tarde
0,-5,0,tarde
0,0,0,tarde
1,15,0,tarde
1,39,1,tarde
1,11,0,tarde
0,25,1,tarde
0,5,0,tarde
0,65,1,tarde
0,6,0,tarde
0,41,1,tarde
0,14,0,tarde
0,7,0,tarde
0,5,0,tarde
0,-2,0,tarde
0,18,1,tarde
0,1,0,tarde
0,12,0,tarde
0,1,0,tarde
0,4,0,tarde
0,24,1,tarde
0,0,0,tarde
0,6,0,tarde
0,6,0,tarde
0,28,1,tarde
0,11,0,tarde
0,-2,0,tarde
0,14,0,tarde
0,7,0,tarde
0,21,1,tarde
0,-1,0,tarde
0,-1,0,tarde
1,-1,0,mañana
1,0,0,mañana
1,3,0,mañana
0,-2,0,mañana
0,24,1,mañana
0,5,0,mañana
0,-9,0,mañana
0,1,0,mañana
0,0,0,mañana
0,3,0,mañana
0,-5,0,mañana
0,10,0,noche
0,-6,0,mañana
0,15,0,mañana
0,-2,0,mañana
0,10,0,mañana
0,-4,0,mañana
0,17,1,noche
0,0,0,mañana
0,2,0,mañana
0,1,0,mañana
0,9,0,mañana
0,13,0,mañana
0,9,0,noche
0,2,0,mañana
0,24,1,mañana
0,3,0,mañana
0,18,1,mañana
1,15,0,tarde
1,4,0,tarde
1,-4,0,tarde
0,-1,0,tarde
0,11,0,tarde
0,-5,0,tarde
0,-1,0,tarde
0,28,1,tarde
0,-4,0,tarde
0,-2,0,tarde
0,36,1,tarde
0,-1,0,tarde
0,-3,0,tarde
0,2,0,tarde
0,-1,0,tarde
0,24,1,tarde
0,3,0,tarde
0,3,0,tarde
0,-5,0,tarde
0,100,1,tarde
0,-2,0,tarde
0,3,0,tarde
0,7,0,tarde
0,28,1,tarde
0,-2,0,tarde
0,19,1,tarde
0,-7,0,tarde
0,0,0,tarde
0,5,0,tarde
0,5,0,tarde
0,1,0,tarde
1,37,1,mañana
1,-9,0,mañana
1,-3,0,mañana
0,-2,0,mañana
0,13,0,mañana
0,-2,0,mañana
0,-1,0,mañana
0,2,0,mañana
0,1,0,mañana
0,-4,0,mañana
0,-2,0,mañana
0,15,0,mañana
0,11,0,mañana
0,-3,0,mañana
0,-2,0,mañana
0,-2,0,mañana
0,-2,0,mañana
0,-3,0,mañana
0,-7,0,mañana
0,10,0,mañana
0,-6,0,mañana
0,-7,0,mañana
0,0,0,mañana
0,47,1,mañana
0,4,0,mañana
0,-5,0,mañana
0,6,0,mañana
0,-5,0,mañana
0,3,0,mañana
0,-1,0,mañana
0,-4,0,mañana
1,2,0,noche
1,-3,0,noche
1,4,0,noche
0,-2,0,noche
0,11,0,noche
0,7,0,mañana
0,20,1,mañana
0,0,0,mañana
1,3,0,mañana
1,-3,0,mañana
1,-3,0,mañana
0,-1,0,mañana
0,0,0,mañana
0,-4,0,mañana
0,9,0,mañana
0,-3,0,mañana
0,3,0,mañana
0,3,0,mañana
0,-2,0,mañana
0,1,0,mañana
0,-1,0,mañana
0,-3,0,mañana
0,16,1,mañana
0,5,0,mañana
0,3,0,mañana
0,-2,0,mañana
0,6,0,mañana
0,24,1,mañana
0,-3,0,mañana
0,1,0,mañana
0,-1,0,mañana
1,4,0,tarde
0,3,0,tarde
0,-1,0,tarde
0,4,0,tarde
0,1,0,tarde
0,7,0,tarde
0,1,0,tarde
0,-2,0,tarde
0,15,0,tarde
1,-2,0,noche
0,1,0,noche
0,14,0,noche
0,0,0,noche
1,-5,0,mañana
1,-3,0,mañana
0,4,0,mañana
0,14,0,mañana
0,4,0,mañana
0,-3,0,mañana
0,1,0,mañana
0,-1,0,mañana
0,-2,0,mañana
0,-1,0,mañana
0,-5,0,mañana
0,5,0,mañana
0,1,0,mañana
0,0,0,mañana
0,1,0,mañana
0,2,0,mañana
0,-2,0,mañana
0,-1,0,mañana
0,-1,0,mañana
0,45,1,mañana
0,3,0,mañana
0,0,0,mañana
1,11,0,tarde
0,4,0,tarde
0,2,0,tarde
0,-3,0,tarde
0,-1,0,tarde
0,2,0,mañana
1,12,0,noche
0,-5,0,noche
0,-1,0,noche
0,49,1,noche
0,16,1,noche
0,-2,0,noche
0,0,0,noche
0,0,0,noche
0,-2,0,noche
1,5,0,noche
1,7,0,noche
0,1,0,noche
0,6,0,noche
0,-2,0,noche
0,14,0,noche
0,-3,0,noche
0,10,0,noche
0,4,0,noche
1,9,0,noche
1,9,0,noche
1,-3,0,noche
0,4,0,noche
0,6,0,noche
0,3,0,tarde
1,20,1,noche
1,11,0,noche
1,3,0,noche
0,-6,0,noche
0,1,0,noche
0,0,0,noche
0,-3,0,noche
0,5,0,noche
0,5,0,noche
0,13,0,noche
0,-1,0,noche
0,1,0,noche
0,3,0,noche
0,61,1,noche
0,2,0,noche
0,9,0,noche
0,-3,0,noche
0,14,0,noche
0,-3,0,noche
0,2,0,noche
0,-3,0,noche
0,3,0,noche
0,4,0,noche
0,27,1,tarde
1,1,0,mañana
1,-1,0,mañana
1,1,0,mañana
0,0,0,mañana
0,0,0,mañana
0,-1,0,mañana
0,0,0,mañana
0,0,0,mañana
0,7,0,mañana
0,1,0,mañana
0,1,0,mañana
0,3,0,mañana
0,1,0,mañana
0,0,0,mañana
0,18,1,mañana
0,0,0,mañana
0,22,1,mañana
0,-4,0,mañana
0,1,0,mañana
0,-3,0,mañana
0,115,1,mañana
0,3,0,mañana
0,0,0,mañana
0,25,1,mañana
0,2,0,mañana
0,1,0,mañana
0,12,0,mañana
0,6,0,mañana
0,13,0,mañana
0,0,0,mañana
0,3,0,mañana
1,16,1,tarde
1,2,0,tarde
0,-1,0,tarde
0,-3,0,tarde
0,2,0,tarde
0,3,0,tarde
0,1,0,tarde
0,9,0,tarde
0,-4,0,tarde
0,-2,0,tarde
0,5,0,tarde
0,-4,0,tarde
0,-9,0,tarde
0,6,0,tarde
1,-2,0,mañana
1,0,0,mañana
0,0,0,mañana
0,-1,0,mañana
0,-5,0,mañana
0,-2,0,mañana
0,0,0,mañana
0,-2,0,mañana
0,-1,0,mañana
0,-4,0,mañana
0,-3,0,mañana
0,0,0,mañana
0,0,0,mañana
0,-3,0,mañana
0,-8,0,mañana
0,0,0,mañana
0,1,0,mañana
0,15,0,mañana
0,-1,0,mañana
0,12,0,mañana
0,-2,0,mañana
0,5,0,mañana
1,-3,0,mañana
1,-3,0,mañana
0,-1,0,tarde
0,3,0,tarde
0,-2,0,mañana
0,1,0,mañana
0,5,0,tarde
0,5,0,tarde
0,-3,0,mañana
0,-5,0,mañana
0,13,0,tarde
0,-1,0,tarde
0,-6,0,mañana
0,1,0,tarde
0,0,0,tarde
0,-2,0,mañana
1,3,0,mañana
1,-6,0,mañana
1,-3,0,mañana
0,7,0,mañana
0,16,1,mañana
0,5,0,mañana
0,-1,0,mañana
0,-1,0,mañana
0,-1,0,mañana
0,1,0,mañana
0,0,0,mañana
0,3,0,mañana
0,-3,0,mañana
0,9,0,mañana
0,-1,0,mañana
0,-4,0,mañana
0,-2,0,mañana
0,-1,0,mañana
0,-1,0,mañana
0,12,0,mañana
0,23,1,mañana
0,-6,0,mañana
0,1,0,mañana
0,3,0,mañana
0,4,0,mañana
0,1,0,mañana
0,0,0,mañana
0,8,0,mañana
0,7,0,mañana
0,2,0,mañana
0,-3,0,mañana
0,-4,0,tarde
0,-4,0,noche
0,-5,0,mañana
0,0,0,noche
0,1,0,mañana
0,2,0,noche
0,-2,0,mañana
0,-3,0,noche
0,-3,0,mañana
0,1,0,tarde
0,-5,0,mañana
0,-3,0,tarde
0,2,0,mañana
0,0,0,tarde
0,-1,0,mañana
0,-5,0,tarde
0,-6,0,mañana
1,-4,0,mañana
0,2,0,mañana
0,2,0,mañana
0,4,0,mañana
0,10,0,mañana
1,6,0,tarde
1,-1,0,tarde
1,-3,0,tarde
0,1,0,tarde
0,-1,0,tarde
0,0,0,tarde
0,-1,0,tarde
0,2,0,tarde
0,2,0,tarde
0,0,0,tarde
0,1,0,tarde
0,0,0,tarde
0,0,0,tarde
0,-5,0,tarde
0,1,0,tarde
0,2,0,tarde
0,-5,0,tarde
0,-5,0,tarde
0,-5,0,tarde
1,-6,0,tarde
1,-1,0,tarde
1,-3,0,tarde
0,-4,0,tarde
0,4,0,tarde
0,-3,0,tarde
0,-2,0,tarde
0,-2,0,tarde
0,3,0,tarde
0,3,0,tarde
0,-3,0,tarde
0,2,0,tarde
0,-1,0,tarde
0,-6,0,tarde
0,-2,0,tarde
0,5,0,tarde
0,0,0,tarde
0,-1,0,tarde
0,-2,0,tarde
0,7,0,tarde
0,0,0,tarde
0,2,0,tarde
0,0,0,tarde
0,-3,0,tarde
0,9,0,tarde
0,-6,0,tarde
0,-1,0,tarde
1,-1,0,tarde
1,-2,0,tarde
1,6,0,tarde
0,0,0,tarde
0,10,0,tarde
0,6,0,tarde
0,-1,0,tarde
0,-2,0,tarde
0,11,0,tarde
0,3,0,tarde
0,0,0,tarde
0,4,0,tarde
0,2,0,tarde
0,-3,0,tarde
0,-6,0,tarde
0,-4,0,tarde
0,10,0,tarde
0,0,0,tarde
0,0,0,tarde
0,-1,0,tarde
0,-3,0,tarde
0,15,0,tarde
0,-4,0,tarde
0,-1,0,tarde
0,-1,0,tarde
0,16,1,tarde
0,2,0,tarde
0,0,0,tarde
0,0,0,tarde
0,3,0,tarde
1,5,0,noche
0,-1,0,noche
0,2,0,noche
0,-3,0,noche
0,0,0,noche
0,-8,0,noche
0,-1,0,noche
0,3,0,noche
0,0,0,noche
0,159,1,mañana
0,1,0,mañana
0,0,0,mañana
0,-2,0,mañana
0,7,0,mañana
0,-1,0,mañana
0,0,0,mañana
0,0,0,mañana
0,8,0,mañana
0,0,0,mañana
0,-1,0,mañana
0,9,0,mañana
0,2,0,mañana
0,0,0,mañana
0,-7,0,mañana
0,-1,0,mañana
1,3,0,mañana
0,2,0,mañana
0,-1,0,mañana
0,2,0,mañana
0,-1,0,mañana
0,4,0,mañana
0,-1,0,mañana
0,2,0,mañana
0,9,0,mañana
0,0,0,mañana
0,-2,0,mañana
0,6,0,mañana
0,1,0,mañana
0,-1,0,mañana
0,13,0,mañana
0,12,0,mañana
0,4,0,mañana
1,-2,0,tarde
1,4,0,tarde
1,8,0,mañana
0,8,0,tarde
0,-4,0,tarde
0,-1,0,tarde
0,2,0,tarde
0,1,0,tarde
0,-3,0,noche
0,1,0,mañana
0,8,0,tarde
0,1,0,tarde
0,-2,0,tarde
0,0,0,tarde
0,-3,0,tarde
0,2,0,tarde
0,1,0,mañana
0,0,0,tarde
0,-3,0,tarde
0,0,0,tarde
0,-1,0,tarde
0,-3,0,tarde
0,26,1,tarde
0,-6,0,mañana
0,1,0,tarde
0,-1,0,tarde
0,4,0,tarde
0,5,0,tarde
0,-7,0,tarde
0,0,0,tarde
0,6,0,mañana
0,-4,0,tarde
0,16,1,tarde
0,-2,0,mañana
0,-1,0,tarde
0,-3,0,mañana
0,-2,0,tarde
0,-6,0,mañana
0,-2,0,mañana
0,-1,0,mañana
0,-1,0,mañana
0,0,0,mañana
0,-1,0,mañana
0,-1,0,mañana
0,5,0,mañana
1,-3,0,tarde
1,5,0,tarde
0,34,1,tarde
0,-1,0,tarde
0,-2,0,tarde
0,6,0,tarde
0,-1,0,tarde
0,-4,0,tarde
0,-1,0,tarde
0,-1,0,tarde
1,5,0,tarde
0,-5,0,tarde
0,-5,0,noche
0,-6,0,tarde
0,-1,0,tarde
0,7,0,tarde
0,8,0,tarde
0,-2,0,tarde
0,94,1,tarde
1,9,0,noche
1,-1,0,noche
0,2,0,noche
0,3,0,tarde
0,-1,0,noche
0,-6,0,noche
0,-1,0,noche
0,-1,0,noche
0,-1,0,tarde
0,-1,0,noche
0,2,0,noche
0,-4,0,noche
0,9,0,noche
0,2,0,tarde
0,-2,0,noche
0,-5,0,noche
0,-1,0,noche
0,1,0,noche
0,0,0,tarde
0,13,0,noche
0,-1,0,noche
0,1,0,noche
0,6,0,noche
0,0,0,noche
0,2,0,noche
0,9,0,noche
1,-4,0,noche
0,6,0,mañana
0,-2,0,mañana
0,8,0,noche
0,6,0,mañana
0,20,1,noche
0,-2,0,mañana
0,-3,0,noche
0,-1,0,mañana
0,7,0,noche
1,9,0,mañana
1,3,0,mañana
1,4,0,mañana
0,3,0,mañana
0,8,0,mañana
0,4,0,mañana
0,4,0,mañana
0,-2,0,mañana
0,0,0,mañana
0,38,1,mañana
0,-4,0,mañana
0,9,0,mañana
0,0,0,mañana
0,13,0,mañana
0,22,1,mañana
0,10,0,mañana
0,3,0,mañana
0,-3,0,mañana
0,6,0,mañana
0,0,0,mañana
0,1,0,mañana
0,2,0,mañana
0,2,0,mañana
0,-2,0,mañana
0,6,0,mañana
0,1,0,mañana
0,6,0,mañana
0,1,0,mañana
0,8,0,mañana
0,-2,0,mañana
0,1,0,mañana
1,7,0,mañana
0,-1,0,mañana
0,-1,0,mañana
0,0,0,mañana
0,7,0,mañana
0,-3,0,mañana
0,14,0,mañana
0,12,0,mañana
0,0,0,mañana
0,-4,0,mañana
0,1,0,mañana
0,2,0,mañana
0,-1,0,mañana
0,-1,0,mañana
0,2,0,mañana
0,5,0,mañana
0,11,0,mañana
0,-1,0,noche
0,-2,0,tarde
0,7,0,mañana
0,2,0,tarde
0,6,0,mañana
0,7,0,tarde
0,2,0,mañana
0,0,0,mañana
1,33,1,tarde
1,3,0,tarde
1,12,0,mañana
0,51,1,tarde
0,3,0,tarde
0,0,0,tarde
0,4,0,tarde
0,1,0,tarde
0,19,1,mañana
0,-1,0,mañana
0,0,0,tarde
0,16,1,tarde
0,-1,0,tarde
0,3,0,tarde
0,-1,0,mañana
0,3,0,mañana
0,0,0,tarde
0,7,0,tarde
0,3,0,tarde
0,-7,0,tarde
0,-1,0,tarde
0,26,1,tarde
0,4,0,tarde
0,5,0,tarde
1,5,0,tarde
1,1,0,tarde
1,3,0,noche
0,9,0,tarde
0,27,1,tarde
0,1,0,tarde
0,-2,0,tarde
0,0,0,tarde
0,-1,0,tarde
0,0,0,tarde
0,0,0,tarde
0,2,0,tarde
0,2,0,tarde
0,3,0,tarde
0,4,0,tarde
0,2,0,noche
0,-3,0,tarde
0,0,0,tarde
0,0,0,tarde
0,5,0,tarde
0,1,0,tarde
0,14,0,tarde
0,-1,0,tarde
0,4,0,tarde
0,84,1,tarde
0,0,0,tarde
0,8,0,tarde
0,3,0,noche
0,122,1,tarde
1,0,0,noche
1,-1,0,mañana
1,3,0,noche
0,-3,0,noche
0,-1,0,noche
0,1,0,noche
0,7,0,mañana
0,5,0,noche
0,1,0,noche
0,48,1,noche
0,-4,0,noche
0,-10,0,mañana
0,17,1,noche
0,7,0,noche
0,0,0,noche
0,0,0,mañana
0,7,0,noche
0,23,1,tarde
0,3,0,noche
0,9,0,mañana
0,18,1,noche
1,126,1,noche
1,4,0,noche
0,0,0,noche
0,9,0,noche
0,0,0,noche
0,-2,0,noche
0,-2,0,noche
0,1,0,noche
0,9,0,noche
0,3,0,noche
0,-4,0,noche
0,4,0,noche
0,6,0,noche
0,-2,0,noche
0,3,0,noche
0,-2,0,noche
0,0,0,noche
0,-2,0,noche
0,10,0,noche
1,-1,0,mañana
0,12,0,mañana
1,1,0,mañana
0,13,0,mañana
0,0,0,mañana
0,0,0,mañana
0,-7,0,mañana
0,3,0,mañana
0,-2,0,mañana
0,0,0,mañana
0,0,0,mañana
1,19,1,noche
0,-1,0,tarde
0,4,0,tarde
0,1,0,tarde
0,6,0,tarde
0,-1,0,tarde
0,16,1,tarde
0,-2,0,tarde
0,0,0,tarde
0,6,0,tarde
0,-2,0,tarde
0,0,0,tarde
0,0,0,noche
0,3,0,tarde
0,12,0,noche
0,9,0,noche
0,-4,0,noche
1,-2,0,noche
1,5,0,noche
1,27,1,noche
0,2,0,noche
0,1,0,noche
0,2,0,noche
0,118,1,noche
0,2,0,noche
0,14,0,noche
0,11,0,noche
0,9,0,noche
0,0,0,noche
0,3,0,noche
0,8,0,noche
0,2,0,noche
0,-3,0,noche
0,-1,0,noche
1,2,0,noche
0,0,0,noche
0,-3,0,noche
1,1,0,mañana
1,3,0,mañana
1,-4,0,mañana
0,0,0,mañana
0,-2,0,mañana
0,3,0,mañana
0,10,0,mañana
0,0,0,mañana
0,4,0,mañana
0,4,0,mañana
0,85,1,mañana
0,4,0,mañana
0,-4,0,mañana
0,-1,0,mañana
0,3,0,mañana
0,16,1,mañana
0,0,0,mañana
0,0,0,mañana
0,2,0,mañana
0,-4,0,mañana
0,-1,0,mañana
0,0,0,mañana
1,27,1,mañana
1,-2,0,mañana
1,0,0,mañana
0,-3,0,mañana
0,-4,0,mañana
0,-5,0,mañana
0,1,0,mañana
0,-1,0,mañana
0,-1,0,mañana
0,9,0,mañana
0,-1,0,mañana
0,7,0,mañana
0,26,1,mañana
0,9,0,mañana
0,2,0,mañana
0,-1,0,mañana
0,1,0,mañana
0,-1,0,mañana
0,26,1,mañana
0,-2,0,mañana
0,9,0,mañana
0,-1,0,mañana
0,81,1,mañana
0,153,1,mañana
1,-4,0,mañana
0,-1,0,mañana
0,2,0,mañana
0,1,0,mañana
0,-2,0,mañana
0,3,0,mañana
0,130,1,mañana
0,12,0,mañana
0,68,1,mañana
1,0,0,mañana
1,-3,0,mañana
0,140,1,mañana
0,28,1,mañana
0,-4,0,mañana
0,29,1,mañana
0,1,0,mañana
0,-2,0,mañana
0,0,0,mañana
0,3,0,mañana
0,2,0,mañana
0,119,1,mañana
0,29,1,mañana
0,1,0,mañana
0,4,0,mañana
0,2,0,mañana
0,14,0,mañana
1,6,0,tarde
1,12,0,tarde
0,0,0,tarde
0,9,0,tarde
0,-3,0,tarde
0,5,0,tarde
0,-4,0,tarde
0,5,0,tarde
0,-7,0,tarde
0,55,1,mañana
0,0,0,tarde
0,-2,0,tarde
0,0,0,tarde
0,6,0,tarde
0,3,0,mañana
0,1,0,tarde
0,3,0,tarde
0,-5,0,tarde
0,-1,0,tarde
0,-2,0,tarde
0,14,0,tarde
0,18,1,tarde
1,-1,0,tarde
1,3,0,tarde
1,6,0,tarde
0,14,0,tarde
0,-4,0,tarde
0,-3,0,tarde
0,3,0,tarde
0,-2,0,tarde
0,5,0,tarde
0,-4,0,tarde
0,3,0,tarde
0,4,0,tarde
0,-7,0,tarde
0,-2,0,tarde
0,11,0,tarde
0,6,0,tarde
0,-3,0,tarde
0,-5,0,tarde
0,2,0,tarde
0,-2,0,tarde
0,-2,0,tarde
0,-4,0,tarde
0,6,0,tarde
0,0,0,tarde
0,1,0,tarde
0,6,0,tarde
1,1,0,tarde
1,-2,0,tarde
1,2,0,tarde
0,-3,0,tarde
0,0,0,tarde
0,4,0,tarde
0,0,0,tarde
0,-1,0,tarde
0,122,1,tarde
0,-9,0,tarde
0,-3,0,tarde
0,0,0,tarde
0,0,0,tarde
0,-7,0,tarde
0,-2,0,tarde
0,4,0,tarde
0,-4,0,tarde
0,-3,0,tarde
0,-7,0,tarde
0,14,0,tarde
0,-1,0,tarde
0,-1,0,tarde
1,-3,0,tarde
1,-3,0,tarde
1,2,0,tarde
0,-5,0,tarde
0,4,0,tarde
0,0,0,tarde
0,-6,0,tarde
0,-1,0,tarde
0,23,1,tarde
0,4,0,tarde
0,0,0,tarde
0,42,1,tarde
0,0,0,tarde
0,-5,0,tarde
0,1,0,tarde
0,13,0,tarde
0,10,0,tarde
0,0,0,tarde
0,5,0,tarde
0,6,0,tarde
0,2,0,tarde
0,-3,0,tarde
0,-2,0,tarde
0,13,0,tarde
0,0,0,tarde
0,2,0,tarde
0,4,0,tarde
0,15,0,tarde
0,-1,0,tarde
0,1,0,tarde
0,4,0,tarde
1,18,1,noche
1,1,0,noche
0,11,0,noche
0,-5,0,noche
0,-3,0,noche
0,2,0,noche
0,7,0,noche
0,3,0,noche
0,-3,0,noche
0,-4,0,noche
0,28,1,noche
0,-2,0,noche
0,3,0,noche
0,-4,0,noche
0,-2,0,noche
0,8,0,noche
0,0,0,noche
0,-3,0,noche
0,-2,0,noche
0,-4,0,noche
0,25,1,noche
0,0,0,noche
0,-3,0,noche
0,2,0,noche
0,3,0,noche
0,10,0,noche
0,10,0,noche
0,1,0,noche
0,-3,0,noche
0,7,0,noche
0,-2,0,noche
0,7,0,noche
1,1,0,mañana
1,8,0,mañana
1,4,0,mañana
0,5,0,mañana
0,10,0,mañana
0,1,0,mañana
0,1,0,mañana
0,10,0,mañana
0,0,0,mañana
0,8,0,mañana
0,1,0,mañana
0,4,0,mañana
0,1,0,mañana
0,10,0,mañana
0,5,0,mañana
0,2,0,mañana
0,6,0,mañana
0,8,0,mañana
0,3,0,mañana
0,8,0,mañana
0,7,0,mañana
0,4,0,mañana
0,5,0,mañana
0,8,0,mañana
0,11,0,mañana
0,-5,0,mañana
0,-1,0,mañana
0,5,0,mañana
0,6,0,mañana
0,4,0,mañana
0,8,0,mañana
1,-1,0,mañana
1,0,0,tarde
0,-2,0,tarde
0,-6,0,tarde
0,-4,0,mañana
0,-4,0,tarde
0,6,0,tarde
0,10,0,tarde
0,-2,0,mañana
0,13,0,tarde
0,-1,0,tarde
0,11,0,tarde
0,5,0,mañana
0,8,0,tarde
0,-1,0,tarde
0,-1,0,mañana
1,12,0,tarde
1,10,0,tarde
1,5,0,tarde
0,-1,0,tarde
0,11,0,tarde
0,-4,0,tarde
0,-2,0,tarde
0,-1,0,tarde
0,-1,0,tarde
0,3,0,tarde
0,2,0,tarde
0,0,0,tarde
0,6,0,tarde
0,8,0,tarde
0,6,0,tarde
0,-2,0,tarde
0,2,0,tarde
0,20,1,tarde
0,0,0,tarde
0,2,0,tarde
0,83,1,tarde
0,1,0,tarde
0,6,0,tarde
0,6,0,tarde
0,-6,0,tarde
0,-1,0,tarde
0,0,0,tarde
0,17,1,tarde
1,27,1,tarde
1,0,0,tarde
1,-1,0,tarde
0,0,0,tarde
0,12,0,tarde
0,-5,0,tarde
0,-5,0,tarde
0,2,0,tarde
0,9,0,tarde
0,0,0,tarde
0,6,0,tarde
0,2,0,tarde
0,-5,0,tarde
0,-3,0,tarde
0,1,0,tarde
0,2,0,tarde
0,4,0,tarde
0,-1,0,tarde
0,-1,0,tarde
0,0,0,tarde
0,-2,0,tarde
0,4,0,tarde
0,87,1,tarde
0,1,0,tarde
0,0,0,tarde
0,1,0,tarde
0,-5,0,tarde
0,7,0,tarde
0,0,0,tarde
0,0,0,tarde
0,11,0,tarde
1,14,0,mañana
1,1,0,mañana
0,-3,0,tarde
0,-1,0,mañana
0,6,0,tarde
0,-2,0,mañana
0,0,0,mañana
0,-2,0,tarde
0,5,0,mañana
0,2,0,tarde
0,11,0,mañana
0,2,0,mañana
0,2,0,tarde
0,1,0,mañana
0,-6,0,tarde
0,5,0,mañana
0,-1,0,mañana
0,3,0,tarde
0,1,0,mañana
0,2,0,tarde
0,-2,0,mañana
0,0,0,mañana
1,-1,0,tarde
0,120,1,tarde
0,-8,0,tarde
0,-1,0,tarde
0,1,0,tarde
0,5,0,tarde
0,5,0,tarde
0,6,0,tarde
0,5,0,tarde
0,-2,0,tarde
0,0,0,tarde
0,-2,0,tarde
0,5,0,tarde
1,1,0,mañana
1,0,0,mañana
1,20,1,mañana
0,-1,0,mañana
0,3,0,mañana
0,6,0,mañana
0,17,1,mañana
0,0,0,mañana
0,12,0,mañana
0,10,0,mañana
0,2,0,mañana
0,0,0,mañana
0,-4,0,mañana
0,-3,0,mañana
0,10,0,mañana
0,-2,0,mañana
0,10,0,mañana
0,6,0,mañana
0,48,1,mañana
0,131,1,mañana
0,0,0,mañana
0,7,0,mañana
0,1,0,mañana
0,-1,0,mañana
0,1,0,mañana
0,1,0,mañana
0,15,0,mañana
0,-2,0,mañana
0,2,0,mañana
0,25,1,mañana
1,-1,0,mañana
1,-3,0,mañana
1,23,1,mañana
0,2,0,mañana
0,1,0,mañana
0,-2,0,mañana
0,-1,0,mañana
0,0,0,mañana
0,8,0,mañana
0,12,0,mañana
0,2,0,mañana
0,4,0,mañana
0,0,0,mañana
0,0,0,mañana
0,2,0,mañana
0,1,0,mañana
0,10,0,mañana
0,110,1,mañana
1,0,0,tarde
1,-2,0,tarde
0,0,0,tarde
0,13,0,tarde
0,0,0,tarde
0,5,0,mañana
0,-1,0,tarde
0,0,0,tarde
0,3,0,tarde
0,10,0,tarde
0,4,0,tarde
0,21,1,mañana
0,-2,0,tarde
0,2,0,tarde
0,-1,0,tarde
0,0,0,tarde
0,3,0,tarde
0,2,0,tarde
0,3,0,tarde
0,44,1,tarde
0,4,0,tarde
0,5,0,tarde
0,3,0,mañana
0,4,0,tarde
0,1,0,tarde
0,-5,0,tarde
0,0,0,tarde
0,3,0,tarde
0,2,0,tarde
1,-2,0,noche
1,15,0,tarde
0,8,0,tarde
0,10,0,tarde
0,1,0,noche
0,1,0,tarde
0,-1,0,noche
0,2,0,tarde
0,-4,0,tarde
0,1,0,tarde
0,1,0,noche
0,-2,0,tarde
0,5,0,noche
0,6,0,tarde
0,5,0,tarde
0,4,0,tarde
0,0,0,noche
0,0,0,noche
0,-1,0,tarde
0,-1,0,tarde
0,0,0,tarde
0,0,0,noche
0,35,1,tarde
0,7,0,noche
0,12,0,tarde
1,2,0,noche
1,6,0,noche
0,2,0,noche
0,3,0,noche
0,10,0,noche
0,15,0,noche
0,4,0,noche
0,5,0,noche
0,7,0,noche
0,5,0,noche
0,0,0,noche
0,13,0,noche
0,39,1,noche
0,3,0,noche
0,3,0,noche
0,2,0,noche
0,8,0,noche
1,6,0,noche
1,145,1,noche
0,-1,0,noche
0,-2,0,noche
0,1,0,noche
0,44,1,noche
0,0,0,noche
0,7,0,noche
0,5,0,noche
0,0,0,noche
0,1,0,noche
1,5,0,mañana
1,0,0,mañana
1,2,0,mañana
0,-1,0,mañana
0,29,1,mañana
0,-4,0,mañana
0,6,0,mañana
0,2,0,mañana
0,0,0,mañana
0,4,0,mañana
0,-2,0,mañana
0,7,0,mañana
0,3,0,mañana
0,-1,0,mañana
0,0,0,mañana
0,4,0,mañana
0,3,0,mañana
0,2,0,mañana
0,0,0,mañana
0,8,0,mañana
0,4,0,mañana
0,-4,0,mañana
0,0,0,mañana
0,7,0,mañana
0,13,0,mañana
0,13,0,mañana
0,8,0,mañana
1,10,0,tarde
1,4,0,tarde
1,9,0,tarde
0,-5,0,tarde
0,-1,0,tarde
0,2,0,tarde
0,-2,0,tarde
0,7,0,tarde
0,1,0,tarde
0,2,0,tarde
0,9,0,tarde
0,-2,0,tarde
0,-8,0,tarde
0,-1,0,tarde
0,2,0,tarde
0,8,0,tarde
0,6,0,tarde
0,-3,0,tarde
0,-1,0,tarde
0,-5,0,tarde
0,-3,0,tarde
0,0,0,tarde
0,1,0,tarde
0,6,0,tarde
0,-1,0,tarde
0,-2,0,tarde
0,-5,0,tarde
0,1,0,tarde
0,16,1,tarde
0,-2,0,tarde
0,15,0,tarde
1,4,0,mañana
1,11,0,tarde
1,-7,0,mañana
0,2,0,mañana
0,4,0,tarde
0,5,0,tarde
0,5,0,mañana
0,9,0,mañana
0,56,1,tarde
0,11,0,tarde
0,1,0,mañana
0,-2,0,mañana
0,5,0,tarde
0,-2,0,tarde
0,1,0,mañana
0,14,0,mañana
0,10,0,tarde
0,1,0,tarde
1,2,0,mañana
0,5,0,mañana
0,-6,0,mañana
0,2,0,mañana
0,4,0,mañana
0,-4,0,mañana
0,4,0,mañana
0,1,0,mañana
0,-2,0,mañana
0,2,0,mañana
0,14,0,mañana
0,2,0,mañana
0,16,1,mañana
1,-4,0,mañana
1,-4,0,tarde
0,15,0,tarde
0,2,0,tarde
0,-4,0,mañana
0,6,0,tarde
0,0,0,tarde
0,1,0,tarde
0,6,0,tarde
0,4,0,tarde
0,9,0,tarde
0,26,1,tarde
0,10,0,tarde
1,5,0,mañana
1,8,0,mañana
1,45,1,mañana
0,8,0,mañana
0,0,0,mañana
0,-3,0,mañana
0,3,0,mañana
0,37,1,mañana
0,3,0,mañana
0,5,0,mañana
0,3,0,mañana
0,2,0,mañana
0,13,0,mañana
0,12,0,mañana
0,5,0,mañana
0,0,0,mañana
0,1,0,mañana
0,0,0,mañana
0,2,0,mañana
0,17,1,mañana
0,95,1,mañana
0,6,0,mañana
0,4,0,mañana
0,6,0,mañana
0,9,0,mañana
0,-3,0,mañana
0,2,0,mañana
0,6,0,mañana
0,9,0,mañana
0,3,0,mañana
0,9,0,mañana
1,7,0,tarde
1,20,1,tarde
1,1,0,mañana
0,60,1,tarde
0,18,1,mañana
0,6,0,tarde
0,19,1,mañana
0,36,1,tarde
0,0,0,mañana
0,10,0,tarde
0,5,0,mañana
0,4,0,tarde
0,15,0,mañana
0,2,0,tarde
0,2,0,tarde
0,8,0,mañana
0,8,0,tarde
0,1,0,mañana
0,2,0,tarde
0,-4,0,mañana
0,0,0,tarde
0,0,0,mañana
0,3,0,tarde
0,2,0,mañana
0,29,1,tarde
0,3,0,tarde
0,5,0,tarde
0,8,0,mañana
1,4,0,tarde
1,21,1,tarde
1,13,0,tarde
0,-2,0,tarde
0,15,0,tarde
0,3,0,tarde
0,-2,0,tarde
0,-13,0,tarde
0,7,0,tarde
0,50,1,tarde
0,0,0,tarde
0,-1,0,tarde
0,-1,0,tarde
0,2,0,tarde
0,1,0,tarde
0,4,0,tarde
0,1,0,tarde
0,1,0,tarde
0,13,0,tarde
0,-1,0,tarde
0,5,0,tarde
0,3,0,tarde
0,4,0,tarde
0,4,0,tarde
0,0,0,tarde
0,-13,0,tarde
0,-2,0,tarde
0,0,0,tarde
0,12,0,tarde
0,8,0,tarde
0,20,1,tarde
0,-5,0,noche
0,13,0,noche
0,1,0,noche
1,9,0,noche
1,3,0,noche
0,6,0,noche
0,0,0,noche
0,1,0,noche
0,5,0,noche
0,65,1,noche
0,9,0,noche
0,3,0,noche
0,3,0,noche
0,10,0,noche
0,2,0,noche
0,1,0,noche
0,0,0,noche
0,3,0,noche
0,16,1,noche
0,0,0,noche
0,0,0,noche
0,5,0,noche
1,3,0,mañana
1,8,0,mañana
1,42,1,mañana
0,6,0,mañana
0,3,0,mañana
0,4,0,mañana
0,1,0,mañana
0,1,0,mañana
0,9,0,mañana
0,8,0,mañana
0,2,0,mañana
0,6,0,mañana
0,1,0,mañana
0,1,0,mañana
0,2,0,mañana
0,2,0,mañana
0,3,0,mañana
0,-1,0,mañana
0,11,0,mañana
0,-3,0,mañana
0,-2,0,mañana
0,8,0,mañana
0,54,1,mañana
0,3,0,mañana
0,2,0,mañana
0,12,0,mañana
0,30,1,mañana
0,47,1,mañana
0,3,0,mañana
0,3,0,mañana
1,0,0,mañana
1,-2,0,mañana
1,4,0,mañana
0,-1,0,mañana
0,-5,0,mañana
0,-2,0,mañana
0,-1,0,mañana
0,0,0,mañana
0,-1,0,mañana
0,-4,0,mañana
0,1,0,mañana
0,5,0,mañana
0,-6,0,mañana
0,17,1,mañana
0,18,1,mañana
0,12,0,mañana
0,-4,0,mañana
0,4,0,mañana
0,1,0,mañana
0,-4,0,mañana
0,-1,0,mañana
0,-2,0,mañana
0,0,0,mañana
0,-4,0,mañana
0,6,0,mañana
0,2,0,mañana
0,5,0,mañana
0,-1,0,mañana
0,-3,0,mañana
0,-1,0,mañana
0,1,0,mañana
0,25,1,mañana
0,-1,0,mañana
0,2,0,mañana
0,-2,0,mañana
0,-1,0,mañana
0,-2,0,mañana
0,9,0,mañana
0,7,0,mañana
1,-1,0,tarde
0,-7,0,tarde
0,-2,0,tarde
0,2,0,tarde
0,-6,0,tarde
0,-2,0,tarde
0,-2,0,tarde
0,-2,0,tarde
1,0,0,tarde
1,2,0,tarde
1,-1,0,tarde
0,-1,0,tarde
0,1,0,tarde
0,7,0,tarde
0,-5,0,tarde
0,-3,0,tarde
0,6,0,tarde
0,-2,0,tarde
0,10,0,tarde
0,-4,0,tarde
0,-2,0,tarde
0,0,0,tarde
0,-3,0,tarde
0,-3,0,tarde
0,18,1,tarde
0,12,0,tarde
0,-1,0,tarde
0,5,0,tarde
0,-2,0,tarde
0,-4,0,tarde
0,19,1,tarde
0,1,0,tarde
0,-4,0,tarde
0,-2,0,tarde
0,4,0,tarde
0,1,0,tarde
0,-4,0,tarde
0,-4,0,tarde
0,-3,0,tarde
1,-1,0,tarde
1,8,0,noche
1,23,1,noche
0,-3,0,noche
0,-4,0,tarde
0,-4,0,noche
0,-3,0,noche
0,5,0,noche
0,7,0,noche
0,9,0,tarde
0,-1,0,noche
0,10,0,noche
0,-4,0,noche
0,2,0,noche
0,0,0,tarde
0,20,1,noche
0,2,0,noche
0,2,0,noche
0,7,0,noche
0,-5,0,tarde
0,12,0,noche
0,6,0,noche
0,-1,0,mañana
0,3,0,mañana
0,1,0,mañana
0,1,0,mañana
1,-4,0,tarde
0,-3,0,tarde
0,-2,0,tarde
0,-6,0,tarde
0,16,1,tarde
0,1,0,tarde
0,1,0,tarde
0,0,0,tarde
0,0,0,tarde
0,-4,0,tarde
0,-2,0,tarde
0,3,0,tarde
0,1,0,tarde
1,13,0,noche
1,10,0,tarde
1,6,0,tarde
0,16,1,tarde
0,-3,0,tarde
0,-1,0,tarde
0,33,1,noche
0,2,0,tarde
0,1,0,tarde
0,5,0,tarde
0,1,0,tarde
0,1,0,tarde
0,6,0,noche
0,0,0,noche
0,3,0,tarde
0,1,0,tarde
0,-5,0,tarde
0,0,0,tarde
0,2,0,noche
0,-2,0,noche
0,125,1,tarde
0,-4,0,tarde
0,1,0,noche
0,1,0,tarde
0,6,0,noche
0,13,0,tarde
0,6,0,tarde
1,-2,0,tarde
1,0,0,tarde
1,2,0,tarde
0,2,0,tarde
0,7,0,noche
0,14,0,noche
0,-3,0,tarde
0,2,0,tarde
0,-1,0,tarde
0,1,0,tarde
0,0,0,noche
0,7,0,noche
0,0,0,tarde
0,-5,0,tarde
0,-1,0,tarde
0,-2,0,noche
0,-3,0,noche
0,4,0,noche
0,1,0,tarde
0,-4,0,tarde
0,-7,0,tarde
0,-1,0,noche
0,-1,0,noche
0,13,0,noche
0,0,0,tarde
0,0,0,tarde
0,-1,0,tarde
1,8,0,tarde
1,3,0,noche
1,-4,0,tarde
0,13,0,noche
0,-3,0,noche
0,-3,0,tarde
0,38,1,noche
0,-1,0,tarde
0,22,1,noche
0,0,0,noche
0,-5,0,tarde
0,5,0,tarde
0,28,1,noche
0,-7,0,noche
0,-4,0,tarde
0,34,1,tarde
0,3,0,tarde
0,12,0,noche
0,-3,0,noche
0,3,0,tarde
0,0,0,noche
0,4,0,tarde
1,-2,0,mañana
0,-4,0,noche
0,-4,0,noche
0,-4,0,noche
0,-4,0,noche
1,1,0,tarde
1,3,0,noche
1,4,0,noche
0,-1,0,noche
0,0,0,noche
0,0,0,tarde
0,-2,0,tarde
0,3,0,noche
0,11,0,noche
0,-6,0,noche
0,-3,0,tarde
0,5,0,noche
0,3,0,noche
0,18,1,noche
0,-1,0,noche
0,1,0,tarde
0,10,0,noche
0,-1,0,noche
0,11,0,noche
0,-4,0,noche
0,7,0,tarde
0,-4,0,noche
0,5,0,noche
1,-2,0,mañana
1,0,0,tarde
0,-1,0,mañana
0,-4,0,tarde
0,-2,0,mañana
0,-3,0,tarde
0,4,0,mañana
0,18,1,tarde
0,2,0,mañana
0,1,0,tarde
1,9,0,mañana
0,5,0,mañana
0,20,1,mañana
0,-4,0,mañana
0,-3,0,mañana
0,-5,0,mañana
0,-1,0,mañana
0,7,0,mañana
0,-3,0,mañana
1,6,0,tarde
1,5,0,mañana
1,9,0,tarde
0,1,0,mañana
0,-1,0,tarde
0,1,0,mañana
0,2,0,tarde
0,5,0,mañana
0,-3,0,tarde
0,11,0,mañana
0,6,0,tarde
0,6,0,mañana
0,-2,0,tarde
0,13,0,mañana
0,-1,0,tarde
0,1,0,mañana
0,-1,0,tarde
0,5,0,mañana
0,-5,0,tarde
1,2,0,noche
1,-5,0,noche
0,3,0,noche
0,-3,0,noche
0,10,0,noche
0,-3,0,noche
0,-7,0,noche
0,7,0,noche
0,-2,0,noche
0,-2,0,noche
0,8,0,noche
0,2,0,noche
0,-5,0,noche
0,-1,0,noche
0,-3,0,noche
0,-3,0,noche
0,-2,0,noche
0,2,0,noche
1,1,0,tarde
1,4,0,tarde
1,-1,0,mañana
0,1,0,mañana
0,0,0,mañana
0,4,0,mañana
0,6,0,tarde
0,2,0,tarde
0,-5,0,tarde
0,2,0,mañana
0,6,0,tarde
0,8,0,mañana
0,-2,0,tarde
0,-7,0,tarde
0,1,0,tarde
0,6,0,tarde
0,-2,0,mañana
0,3,0,tarde
0,62,1,tarde
0,-3,0,tarde
0,9,0,tarde
0,0,0,tarde
0,1,0,mañana
0,3,0,tarde
0,2,0,mañana
0,4,0,tarde
0,8,0,tarde
0,-1,0,tarde
0,-5,0,tarde
1,4,0,mañana
1,6,0,mañana
1,-2,0,mañana
0,-1,0,mañana
0,-1,0,mañana
0,0,0,mañana
0,2,0,mañana
0,-2,0,mañana
0,1,0,mañana
0,8,0,mañana
0,16,1,mañana
0,0,0,mañana
0,-1,0,mañana
0,-2,0,mañana
0,2,0,mañana
0,-2,0,mañana
0,4,0,mañana
0,2,0,mañana
0,-2,0,mañana
0,1,0,mañana
0,1,0,mañana
0,2,0,mañana
0,4,0,mañana
0,2,0,mañana
0,3,0,mañana
0,2,0,mañana
1,6,0,tarde
1,0,0,tarde
0,0,0,tarde
0,-1,0,tarde
0,17,1,tarde
0,0,0,tarde
0,2,0,tarde
0,3,0,tarde
0,1,0,tarde
0,-2,0,tarde
0,-1,0,tarde
0,0,0,tarde
0,-3,0,tarde
0,-5,0,tarde
0,-8,0,tarde
0,34,1,tarde
0,-3,0,tarde
0,0,0,tarde
1,5,0,tarde
1,1,0,tarde
0,2,0,tarde
0,-6,0,tarde
0,3,0,tarde
0,1,0,tarde
0,0,0,tarde
0,54,1,tarde
0,1,0,tarde
0,1,0,tarde
0,-1,0,tarde
0,2,0,tarde
0,0,0,tarde
0,18,1,tarde
0,-7,0,tarde
0,5,0,tarde
0,1,0,tarde
0,7,0,tarde
0,10,0,tarde
0,3,0,tarde
0,0,0,tarde
0,-2,0,tarde
0,-1,0,tarde
0,10,0,tarde
0,-2,0,tarde
0,-3,0,tarde
0,-1,0,tarde
0,2,0,tarde
0,-4,0,tarde
0,1,0,tarde
1,0,0,tarde
1,2,0,tarde
0,-4,0,tarde
0,14,0,tarde
0,10,0,tarde
0,-3,0,tarde
0,-4,0,tarde
0,-12,0,tarde
0,0,0,tarde
0,3,0,tarde
0,0,0,tarde
0,-3,0,tarde
0,-2,0,tarde
0,-4,0,tarde
0,-2,0,tarde
1,-1,0,noche
1,14,0,noche
1,3,0,noche
0,24,1,noche
0,-1,0,noche
0,12,0,noche
0,-2,0,noche
0,-1,0,noche
0,2,0,noche
0,-3,0,noche
0,8,0,noche
0,-2,0,noche
0,-3,0,noche
0,-4,0,noche
0,1,0,noche
0,1,0,noche
0,0,0,noche
0,-2,0,noche
0,0,0,noche
0,0,0,noche
0,8,0,noche
0,2,0,noche
0,-2,0,noche
0,0,0,noche
0,-3,0,noche
0,-2,0,noche
0,23,1,noche
1,-3,0,noche
1,5,0,noche
0,0,0,noche
0,6,0,noche
0,-5,0,mañana
0,26,1,noche
0,-3,0,noche
0,-1,0,mañana
0,1,0,noche
0,8,0,noche
0,-3,0,mañana
0,-1,0,noche
0,-3,0,noche
0,-5,0,noche
0,1,0,noche
0,0,0,noche
0,3,0,noche
1,-2,0,noche
0,-3,0,noche
0,2,0,noche
0,-1,0,noche
0,-2,0,noche
0,15,0,noche
1,35,1,noche
1,1,0,noche
1,1,0,noche
0,1,0,noche
0,7,0,noche
0,-1,0,noche
0,-2,0,noche
0,0,0,noche
0,-1,0,noche
0,2,0,noche
0,2,0,noche
0,10,0,noche
0,0,0,noche
0,-2,0,noche
0,4,0,noche
0,2,0,noche
0,2,0,noche
0,6,0,noche
0,-1,0,noche
0,11,0,noche
0,3,0,noche
0,1,0,noche
0,3,0,noche
1,1,0,mañana
1,-1,0,mañana
0,3,0,mañana
0,1,0,mañana
0,-2,0,mañana
0,4,0,mañana
0,-7,0,mañana
0,6,0,mañana
0,1,0,mañana
0,5,0,mañana
0,0,0,mañana
0,2,0,mañana
0,-1,0,mañana
0,2,0,mañana
0,5,0,mañana
0,2,0,mañana
0,-2,0,mañana
0,-1,0,mañana
0,2,0,tarde
0,4,0,mañana
0,5,0,tarde
0,-1,0,mañana
0,-1,0,tarde
0,0,0,mañana
0,14,0,tarde
0,-1,0,tarde
1,31,1,noche
0,4,0,noche
0,-1,0,noche
0,3,0,noche
0,24,1,noche
0,-1,0,noche
0,6,0,noche
0,0,0,noche
0,-1,0,noche
0,-2,0,noche
0,8,0,noche
0,7,0,mañana
0,6,0,mañana
0,0,0,mañana
0,3,0,mañana
0,5,0,mañana
0,-4,0,mañana
0,2,0,tarde
0,4,0,tarde
0,4,0,tarde
0,11,0,tarde
0,14,0,tarde
0,3,0,mañana
0,2,0,mañana
0,5,0,mañana
0,-2,0,mañana
0,10,0,mañana
0,15,0,mañana
0,4,0,mañana
0,3,0,tarde
0,0,0,tarde
0,8,0,tarde
0,-5,0,tarde
0,1,0,tarde
0,16,1,tarde
0,26,1,mañana
0,8,0,mañana
0,3,0,mañana
0,1,0,mañana
0,-1,0,mañana
0,-1,0,mañana
1,2,0,noche
1,6,0,noche
1,14,0,noche
0,5,0,noche
0,17,1,noche
0,5,0,noche
0,5,0,noche
0,10,0,noche
0,5,0,noche
0,8,0,noche
0,-3,0,noche
0,7,0,noche
0,14,0,noche
0,20,1,noche
0,7,0,noche
0,2,0,noche
0,3,0,noche
0,5,0,noche
0,20,1,noche
0,9,0,noche
0,5,0,noche
0,0,0,noche
0,46,1,noche
0,-1,0,noche
0,5,0,noche
0,6,0,noche
1,14,0,mañana
1,27,1,mañana
1,4,0,mañana
0,6,0,mañana
0,-4,0,mañana
0,2,0,mañana
0,-2,0,mañana
0,8,0,mañana
0,14,0,mañana
0,17,1,mañana
0,10,0,mañana
0,31,1,mañana
0,18,1,mañana
0,26,1,mañana
0,18,1,mañana
0,-1,0,mañana
0,36,1,mañana
0,23,1,mañana
0,7,0,mañana
0,10,0,mañana
0,13,0,mañana
0,7,0,mañana
0,15,0,mañana
0,50,1,mañana
0,17,1,mañana
0,5,0,mañana
0,13,0,mañana
0,23,1,mañana
0,-1,0,mañana
0,0,0,mañana
0,7,0,mañana
1,21,1,tarde
1,18,1,tarde
1,7,0,tarde
0,10,0,tarde
0,5,0,tarde
0,13,0,tarde
0,16,1,tarde
0,5,0,tarde
0,0,0,tarde
0,42,1,tarde
0,2,0,tarde
0,4,0,tarde
0,7,0,tarde
0,2,0,tarde
0,2,0,tarde
0,1,0,tarde
0,0,0,tarde
0,4,0,tarde
0,10,0,tarde
0,5,0,tarde
0,-2,0,tarde
0,14,0,tarde
0,18,1,tarde
0,2,0,tarde
0,2,0,tarde
0,10,0,tarde
0,2,0,tarde
0,-3,0,tarde
0,-5,0,tarde
1,15,0,tarde
1,15,0,tarde
1,29,1,tarde
0,3,0,tarde
0,11,0,tarde
0,3,0,tarde
0,10,0,tarde
0,-6,0,tarde
0,-5,0,tarde
0,-4,0,tarde
0,5,0,tarde
0,25,1,tarde
0,0,0,tarde
0,2,0,tarde
0,-1,0,tarde
0,-1,0,tarde
0,3,0,tarde
0,3,0,tarde
0,10,0,tarde
0,3,0,tarde
0,29,1,tarde
0,-1,0,tarde
0,13,0,tarde
0,-6,0,tarde
0,-1,0,tarde
0,-1,0,tarde
0,-4,0,tarde
0,-2,0,tarde
0,12,0,tarde
0,9,0,tarde
0,2,0,tarde
1,20,1,mañana
1,6,0,mañana
1,18,1,mañana
0,5,0,mañana
0,8,0,mañana
0,6,0,mañana
0,1,0,mañana
0,7,0,mañana
0,11,0,mañana
0,8,0,mañana
0,7,0,mañana
0,13,0,mañana
0,4,0,mañana
0,34,1,mañana
0,15,0,mañana
0,7,0,mañana
0,5,0,mañana
0,62,1,mañana
0,-2,0,mañana
0,1,0,mañana
0,7,0,mañana
0,38,1,mañana
0,7,0,mañana
0,18,1,mañana
0,4,0,mañana
0,5,0,mañana
0,16,1,mañana
0,15,0,mañana
0,11,0,mañana
0,9,0,mañana
0,13,0,mañana
1,3,0,mañana
1,6,0,mañana
1,13,0,mañana
0,6,0,mañana
0,9,0,mañana
0,4,0,mañana
0,2,0,mañana
0,16,1,mañana
0,15,0,mañana
0,11,0,mañana
0,10,0,mañana
0,29,1,mañana
0,4,0,mañana
0,20,1,mañana
0,37,1,mañana
0,-1,0,mañana
0,59,1,mañana
0,6,0,mañana
0,8,0,mañana
0,5,0,mañana
0,1,0,mañana
0,-3,0,mañana
0,11,0,mañana
0,24,1,mañana
0,16,1,mañana
0,139,1,mañana
0,28,1,mañana
0,13,0,mañana
0,5,0,mañana
0,14,0,mañana
0,7,0,mañana
1,10,0,tarde
1,6,0,tarde
1,10,0,tarde
0,7,0,tarde
0,10,0,tarde
0,33,1,tarde
0,7,0,tarde
0,28,1,tarde
0,26,1,tarde
0,12,0,tarde
0,7,0,tarde
0,51,1,tarde
0,7,0,tarde
0,4,0,tarde
0,2,0,tarde
0,11,0,tarde
0,10,0,tarde
0,7,0,tarde
0,19,1,tarde
0,2,0,tarde
0,8,0,tarde
0,20,1,tarde
0,5,0,tarde
0,10,0,tarde
0,2,0,tarde
0,11,0,tarde
0,11,0,tarde
0,0,0,tarde
0,6,0,tarde
0,11,0,tarde
0,22,1,tarde
1,16,1,noche
1,49,1,noche
1,23,1,noche
0,30,1,noche
0,12,0,noche
0,2,0,noche
0,3,0,noche
0,13,0,noche
0,22,1,noche
0,12,0,noche
0,17,1,noche
0,16,1,noche
0,3,0,noche
0,11,0,noche
0,17,1,noche
0,20,1,noche
0,19,1,noche
0,38,1,noche
0,25,1,noche
0,11,0,noche
0,12,0,noche
0,18,1,noche
0,24,1,noche
0,23,1,noche
0,27,1,noche
0,2,0,noche
0,0,0,noche
0,12,0,noche
0,4,0,tarde
0,8,0,tarde
0,16,1,tarde
0,6,0,tarde
0,7,0,tarde
0,0,0,mañana
0,19,1,mañana
0,56,1,mañana
0,17,1,mañana
0,14,0,mañana
0,8,0,mañana
1,4,0,noche
1,21,1,noche
1,100,1,noche
0,7,0,noche
0,18,1,noche
0,1,0,noche
0,11,0,noche
0,2,0,noche
0,-1,0,noche
0,-2,0,noche
0,25,1,noche
0,48,1,noche
0,5,0,noche
0,8,0,noche
0,7,0,noche
0,7,0,noche
0,9,0,noche
0,0,0,noche
0,3,0,noche
0,-2,0,noche
0,1,0,noche
0,8,0,noche
0,-3,0,noche
0,140,1,noche
0,12,0,noche
0,14,0,noche
0,0,0,noche
0,12,0,noche
1,30,1,noche
1,30,1,noche
1,14,0,noche
0,12,0,noche
0,48,1,noche
0,30,1,noche
0,0,0,noche
0,6,0,noche
0,37,1,noche
0,-1,0,noche
0,10,0,noche
0,5,0,noche
0,45,1,noche
0,4,0,noche
0,9,0,noche
0,5,0,noche
0,-1,0,noche
0,21,1,noche
0,2,0,noche
0,74,1,noche
0,1,0,noche
0,7,0,noche
0,25,1,noche
1,-2,0,noche
1,-6,0,noche
1,2,0,noche
1,6,0,noche
0,4,0,noche
0,-3,0,noche
0,-1,0,noche
0,-1,0,noche
0,-1,0,noche
0,-2,0,noche
0,-7,0,noche
0,1,0,noche
0,15,0,noche
0,4,0,noche
0,-3,0,noche
0,2,0,noche
0,5,0,noche
0,-5,0,noche
0,66,1,noche
0,0,0,noche
0,1,0,noche
0,2,0,noche
0,-1,0,noche
0,22,1,noche
0,1,0,noche
0,-6,0,noche
0,-9,0,noche
0,0,0,noche
0,1,0,noche
0,0,0,noche
0,-4,0,noche
1,3,0,noche
1,2,0,noche
1,7,0,noche
0,18,1,noche
0,18,1,noche
0,4,0,noche
0,-3,0,noche
0,1,0,noche
0,9,0,noche
0,-4,0,noche
0,37,1,noche
0,7,0,noche
0,135,1,noche
0,-2,0,noche
0,1,0,noche
0,-4,0,noche
0,-6,0,noche
0,-1,0,noche
0,0,0,noche
0,-4,0,noche
0,-2,0,noche
0,-6,0,noche
0,9,0,noche
0,4,0,noche
0,6,0,noche
0,-1,0,noche
0,6,0,noche
0,14,0,noche
0,4,0,noche
0,12,0,noche
1,-2,0,noche
0,7,0,noche
0,-4,0,noche
0,5,0,noche
0,-3,0,noche
0,21,1,noche
0,13,0,noche
1,-5,0,noche
0,0,0,noche
0,1,0,noche
0,58,1,noche
1,-3,0,noche
1,6,0,noche
1,79,1,noche
0,-2,0,noche
0,9,0,noche
0,-1,0,noche
0,-2,0,noche
0,-6,0,noche
0,6,0,noche
0,7,0,noche
0,10,0,noche
0,-2,0,noche
0,-6,0,noche
0,-1,0,noche
0,-5,0,noche
0,3,0,noche
0,50,1,noche
0,7,0,noche
0,24,1,noche
0,-6,0,noche
0,14,0,noche
0,-2,0,noche
0,0,0,noche
0,-3,0,noche
0,0,0,noche
0,87,1,noche
0,19,1,noche
0,2,0,noche
0,-1,0,noche
0,-1,0,noche
0,-6,0,noche
1,16,1,mañana
1,6,0,mañana
0,5,0,mañana
0,-1,0,mañana
0,0,0,mañana
0,-4,0,mañana
0,-1,0,mañana
0,-4,0,mañana
0,-7,0,mañana
0,-6,0,mañana
0,0,0,mañana
0,13,0,mañana
0,-2,0,mañana
0,1,0,mañana
1,1,0,tarde
0,11,0,tarde
0,2,0,tarde
0,5,0,tarde
0,-7,0,tarde
0,-2,0,tarde
0,0,0,tarde
0,12,0,tarde
0,-1,0,tarde
0,3,0,tarde
0,-1,0,tarde
0,7,0,tarde
0,4,0,tarde
0,-8,0,tarde
0,30,1,tarde
0,5,0,tarde
0,9,0,mañana
0,0,0,mañana
0,6,0,mañana
0,11,0,mañana
0,7,0,mañana
0,13,0,mañana
0,0,0,mañana
0,2,0,mañana
1,-1,0,mañana
1,8,0,mañana
1,11,0,mañana
0,16,1,mañana
0,5,0,mañana
0,-5,0,mañana
0,-10,0,mañana
0,-8,0,mañana
0,4,0,mañana
0,7,0,mañana
0,-1,0,mañana
0,0,0,mañana
0,9,0,mañana
0,4,0,mañana
0,-6,0,mañana
0,7,0,mañana
0,-1,0,mañana
0,3,0,mañana
0,-2,0,mañana
0,5,0,mañana
0,5,0,mañana
0,13,0,mañana
0,16,1,mañana
0,-4,0,mañana
0,1,0,mañana
0,-3,0,mañana
0,3,0,mañana
0,18,1,mañana
0,110,1,mañana
0,-5,0,mañana
1,17,1,noche
0,23,1,noche
0,7,0,noche
0,12,0,noche
0,1,0,noche
0,16,1,noche
0,-1,0,noche
0,-2,0,noche
0,2,0,noche
0,4,0,noche
0,10,0,noche
0,14,0,noche
0,-3,0,noche
1,10,0,noche
1,-3,0,noche
1,3,0,noche
0,0,0,noche
0,9,0,noche
0,0,0,noche
0,-1,0,noche
0,7,0,noche
0,14,0,noche
0,-5,0,noche
0,13,0,noche
0,8,0,noche
0,4,0,noche
0,-5,0,noche
0,-1,0,noche
0,3,0,noche
0,-4,0,noche
0,-3,0,noche
0,15,0,noche
0,-3,0,noche
0,-2,0,noche
0,-3,0,noche
0,2,0,noche
0,-1,0,noche
0,-9,0,noche
0,-6,0,noche
0,-3,0,noche
0,-4,0,noche
0,-4,0,noche
0,0,0,noche
1,-2,0,tarde
1,10,0,tarde
0,8,0,tarde
0,-3,0,tarde
0,1,0,tarde
0,4,0,tarde
0,-1,0,tarde
0,4,0,tarde
0,-3,0,tarde
0,-13,0,tarde
0,7,0,mañana
0,-2,0,tarde
0,33,1,tarde
0,47,1,mañana
0,3,0,tarde
0,-1,0,tarde
0,6,0,tarde
0,-4,0,tarde
0,0,0,tarde
0,-14,0,tarde
0,0,0,tarde
0,0,0,tarde
0,0,0,tarde
0,-3,0,tarde
0,4,0,tarde
0,7,0,tarde
0,7,0,tarde
0,-3,0,tarde
0,0,0,tarde
0,1,0,tarde
1,12,0,noche
1,7,0,noche
1,3,0,noche
0,5,0,noche
0,2,0,noche
0,4,0,noche
0,10,0,noche
0,1,0,noche
0,0,0,noche
0,19,1,noche
0,11,0,noche
0,14,0,noche
0,-3,0,noche
0,5,0,noche
0,6,0,noche
0,7,0,noche
0,12,0,noche
0,-2,0,noche
0,30,1,noche
0,5,0,noche
0,-5,0,noche
0,10,0,noche
0,4,0,noche
0,10,0,noche
0,2,0,noche
0,3,0,noche
0,-13,0,noche
0,-4,0,noche
0,2,0,noche
0,1,0,noche
0,6,0,noche
1,-5,0,noche
1,5,0,noche
1,9,0,noche
0,3,0,noche
0,3,0,noche
0,9,0,noche
0,25,1,noche
0,-2,0,noche
0,11,0,noche
0,-1,0,noche
0,3,0,noche
0,1,0,noche
0,-2,0,noche
0,14,0,noche
0,1,0,noche
0,12,0,noche
0,1,0,noche
0,1,0,noche
0,26,1,noche
0,0,0,noche
0,6,0,noche
0,-6,0,noche
0,21,1,noche
0,14,0,noche
0,3,0,noche
1,15,0,tarde
1,2,0,tarde
1,11,0,tarde
0,2,0,tarde
0,13,0,tarde
0,6,0,tarde
0,4,0,tarde
0,76,1,tarde
0,-2,0,tarde
0,-1,0,tarde
0,-1,0,tarde
0,-10,0,tarde
0,16,1,tarde
0,3,0,tarde
0,4,0,tarde
0,3,0,tarde
0,17,1,tarde
0,-3,0,tarde
0,11,0,tarde
0,-1,0,tarde
0,6,0,tarde
0,17,1,tarde
0,23,1,tarde
0,0,0,tarde
0,8,0,tarde
0,9,0,tarde
0,-8,0,tarde
0,1,0,tarde
0,-4,0,tarde
0,10,0,tarde
0,11,0,tarde
1,7,0,mañana
1,8,0,mañana
0,5,0,mañana
0,-1,0,mañana
0,-1,0,mañana
0,-3,0,mañana
0,3,0,mañana
0,-2,0,mañana
0,0,0,mañana
0,30,1,tarde
0,1,0,mañana
0,0,0,mañana
0,0,0,tarde
0,-1,0,mañana
0,0,0,mañana
0,-1,0,mañana
0,2,0,mañana
0,0,0,mañana
0,-4,0,mañana
0,-4,0,mañana
0,-3,0,noche
0,-1,0,noche
0,-1,0,noche
0,13,0,noche
0,3,0,noche
0,-7,0,noche
0,1,0,mañana
0,3,0,mañana
0,0,0,mañana
0,-11,0,mañana
0,-1,0,mañana
0,-6,0,mañana
0,56,1,noche
0,26,1,noche
1,17,1,noche
1,3,0,noche
1,105,1,noche
0,2,0,noche
0,-1,0,noche
0,-4,0,noche
0,1,0,noche
0,5,0,noche
0,1,0,noche
0,-2,0,noche
0,10,0,noche
0,1,0,noche
0,-2,0,noche
0,-1,0,noche
0,-6,0,noche
0,-5,0,noche
0,-5,0,noche
0,5,0,noche
0,2,0,noche
0,1,0,noche
0,32,1,noche
0,7,0,noche
0,34,1,noche
0,-5,0,tarde
0,1,0,noche
0,62,1,noche
0,99,1,noche
0,2,0,noche
1,4,0,noche
0,0,0,noche
0,1,0,noche
0,-5,0,noche
0,15,0,noche
0,0,0,noche
0,8,0,noche
0,2,0,tarde
1,-2,0,mañana
1,-2,0,mañana
1,27,1,mañana
0,9,0,mañana
0,1,0,mañana
0,49,1,mañana
0,0,0,mañana
0,1,0,mañana
0,-2,0,mañana
0,3,0,mañana
0,9,0,mañana
0,21,1,mañana
0,4,0,mañana
0,-1,0,mañana
0,9,0,mañana
0,17,1,mañana
0,-3,0,mañana
0,8,0,mañana
0,0,0,mañana
0,-1,0,mañana
0,-3,0,mañana
0,-2,0,mañana
0,3,0,mañana
0,-1,0,mañana
0,15,0,mañana
0,2,0,mañana
0,15,0,mañana
0,1,0,mañana
0,-3,0,mañana
0,-5,0,mañana
0,7,0,mañana
1,14,0,tarde
1,15,0,tarde
1,7,0,tarde
0,3,0,tarde
0,20,1,tarde
0,10,0,tarde
0,2,0,tarde
0,4,0,tarde
0,1,0,tarde
0,34,1,tarde
0,0,0,tarde
0,10,0,tarde
0,-1,0,tarde
0,9,0,tarde
0,-5,0,tarde
0,6,0,tarde
0,23,1,tarde
0,4,0,tarde
0,6,0,tarde
0,15,0,tarde
0,20,1,tarde
0,1,0,tarde
0,11,0,tarde
0,12,0,tarde
0,3,0,tarde
0,11,0,tarde
0,10,0,tarde
0,9,0,tarde
0,4,0,tarde
0,11,0,tarde
0,103,1,tarde
1,2,0,mañana
1,12,0,mañana
1,-4,0,mañana
0,0,0,mañana
0,6,0,mañana
0,2,0,mañana
0,1,0,mañana
0,2,0,mañana
0,8,0,mañana
0,0,0,mañana
0,3,0,mañana
0,19,1,mañana
0,14,0,mañana
0,3,0,mañana
0,6,0,mañana
0,0,0,mañana
0,-4,0,mañana
0,14,0,mañana
0,-1,0,mañana
0,15,0,mañana
0,1,0,mañana
0,-1,0,mañana
0,5,0,mañana
0,3,0,mañana
0,7,0,mañana
0,13,0,tarde
0,21,1,tarde
1,16,1,mañana
1,6,0,mañana
1,43,1,mañana
0,-6,0,noche
1,3,0,tarde
1,0,0,tarde
0,-1,0,tarde
0,20,1,tarde
0,37,1,tarde
0,9,0,tarde
0,-5,0,tarde
0,0,0,tarde
0,-10,0,tarde
0,-11,0,mañana
1,1,0,noche
1,6,0,noche
1,14,0,noche
0,11,0,noche
0,37,1,noche
0,8,0,noche
0,-1,0,noche
0,18,1,noche
0,2,0,noche
0,-2,0,noche
0,-5,0,noche
0,28,1,noche
0,5,0,noche
0,-6,0,noche
0,-3,0,noche
0,-4,0,noche
0,144,1,noche
0,-3,0,noche
0,16,1,noche
0,9,0,noche
0,2,0,noche
0,-2,0,noche
0,28,1,noche
0,38,1,noche
0,1,0,noche
0,28,1,noche
0,0,0,noche
0,-9,0,noche
0,4,0,noche
0,40,1,noche
0,-2,0,noche
0,-1,0,tarde
0,4,0,tarde
0,15,0,tarde
1,8,0,mañana
1,16,1,mañana
1,13,0,mañana
0,8,0,mañana
0,5,0,mañana
0,2,0,mañana
0,-4,0,mañana
0,-1,0,mañana
0,6,0,mañana
0,11,0,mañana
0,15,0,mañana
0,0,0,mañana
0,-3,0,mañana
0,-8,0,mañana
0,0,0,mañana
0,14,0,mañana
0,2,0,mañana
0,3,0,mañana
0,7,0,mañana
0,8,0,mañana
0,-2,0,mañana
0,4,0,mañana
0,135,1,mañana
0,17,1,mañana
0,6,0,mañana
0,3,0,mañana
0,6,0,mañana
1,13,0,mañana
0,5,0,mañana
0,2,0,mañana
0,6,0,mañana
0,14,0,mañana
0,-2,0,mañana
0,9,0,mañana
0,5,0,tarde
0,2,0,tarde
0,-3,0,mañana
0,0,0,mañana
0,0,0,mañana
1,4,0,mañana
1,-2,0,mañana
1,2,0,mañana
0,0,0,mañana
0,10,0,mañana
0,1,0,mañana
0,2,0,mañana
0,4,0,mañana
0,-1,0,mañana
0,4,0,mañana
0,5,0,mañana
0,8,0,mañana
0,59,1,mañana
0,3,0,mañana
0,-2,0,mañana
0,11,0,mañana
0,8,0,mañana
0,1,0,mañana
0,-3,0,mañana
0,13,0,mañana
0,12,0,mañana
0,-3,0,mañana
0,9,0,mañana
0,0,0,mañana
0,-2,0,mañana
1,13,0,noche
1,7,0,noche
1,0,0,noche
0,10,0,noche
0,2,0,noche
0,-2,0,noche
0,6,0,noche
0,17,1,noche
0,4,0,noche
0,5,0,noche
0,4,0,noche
0,12,0,noche
0,12,0,noche
0,-6,0,noche
0,0,0,noche
0,15,0,noche
0,2,0,noche
0,-9,0,noche
0,5,0,noche
0,1,0,noche
0,-3,0,noche
0,3,0,noche
0,5,0,noche
0,-4,0,noche
0,-8,0,noche
1,14,0,tarde
1,9,0,tarde
0,21,1,tarde
0,-4,0,tarde
0,2,0,tarde
0,5,0,tarde
0,2,0,tarde
0,11,0,tarde
1,39,1,mañana
1,0,0,mañana
1,16,1,mañana
0,4,0,mañana
0,0,0,mañana
0,2,0,mañana
0,19,1,mañana
0,3,0,mañana
0,5,0,mañana
0,0,0,mañana
0,2,0,mañana
0,58,1,mañana
0,12,0,mañana
0,14,0,mañana
0,51,1,mañana
0,11,0,mañana
0,2,0,mañana
0,-3,0,mañana
0,7,0,mañana
0,-4,0,mañana
0,11,0,mañana
0,22,1,mañana
0,11,0,mañana
0,12,0,mañana
0,1,0,mañana
1,7,0,tarde
1,3,0,tarde
1,10,0,tarde
0,7,0,tarde
0,0,0,tarde
0,5,0,tarde
0,11,0,tarde
0,0,0,tarde
0,23,1,tarde
0,7,0,tarde
0,-2,0,tarde
0,20,1,tarde
0,8,0,tarde
0,1,0,tarde
0,2,0,tarde
0,-1,0,tarde
0,8,0,tarde
0,-1,0,tarde
0,3,0,tarde
0,5,0,tarde
0,8,0,tarde
0,7,0,tarde
0,-7,0,tarde
0,2,0,tarde
0,-1,0,tarde
1,12,0,mañana
1,18,1,mañana
1,7,0,mañana
0,145,1,mañana
0,7,0,mañana
0,11,0,mañana
0,1,0,mañana
0,6,0,mañana
0,9,0,mañana
0,13,0,mañana
0,4,0,mañana
0,3,0,mañana
0,6,0,mañana
0,4,0,mañana
0,11,0,mañana
0,2,0,mañana
0,9,0,mañana
0,-1,0,mañana
0,7,0,mañana
0,14,0,mañana
0,-4,0,mañana
0,2,0,mañana
0,1,0,mañana
0,1,0,mañana
0,4,0,mañana
1,11,0,tarde
1,33,1,tarde
0,-1,0,tarde
0,0,0,tarde
0,13,0,tarde
0,15,0,tarde
0,21,1,tarde
0,8,0,tarde
0,3,0,tarde
0,9,0,tarde
0,11,0,tarde
0,7,0,tarde
0,8,0,tarde
0,7,0,tarde
0,5,0,tarde
0,35,1,tarde
0,5,0,tarde
0,4,0,tarde
1,22,1,mañana
0,13,0,mañana
0,1,0,mañana
0,14,0,mañana
0,2,0,mañana
0,0,0,mañana
0,1,0,mañana
0,11,0,mañana
0,0,0,mañana
0,15,0,mañana
0,42,1,mañana
0,8,0,mañana
0,-10,0,mañana
0,13,0,mañana
0,16,1,mañana
0,15,0,mañana
0,6,0,mañana
1,11,0,mañana
0,24,1,mañana
0,4,0,mañana
0,0,0,mañana
0,13,0,tarde
0,13,0,tarde
0,7,0,tarde
0,6,0,tarde
1,8,0,tarde
0,7,0,tarde
0,0,0,tarde
0,5,0,tarde
0,19,1,tarde
0,-2,0,tarde
0,2,0,tarde
1,-2,0,mañana
1,16,1,mañana
0,-2,0,mañana
0,5,0,mañana
0,-1,0,mañana
0,6,0,mañana
0,13,0,mañana
0,-5,0,mañana
0,2,0,mañana
0,-3,0,mañana
0,6,0,mañana
0,-1,0,mañana
0,3,0,mañana
0,2,0,mañana
0,-1,0,mañana
0,2,0,mañana
0,-3,0,mañana
0,-2,0,noche
0,2,0,noche
0,105,1,mañana
1,-3,0,noche
0,9,0,noche
0,-2,0,noche
0,29,1,noche
1,-4,0,noche
0,8,0,noche
0,35,1,noche
1,15,0,mañana
1,6,0,mañana
0,-4,0,mañana
1,0,0,tarde
1,-1,0,tarde
1,21,1,tarde
0,-8,0,tarde
0,-2,0,tarde
0,4,0,tarde
0,-3,0,tarde
0,48,1,tarde
0,16,1,tarde
0,3,0,tarde
0,6,0,tarde
0,75,1,tarde
0,-4,0,tarde
0,-7,0,tarde
0,-3,0,tarde
0,76,1,tarde
0,11,0,tarde
0,-2,0,tarde
0,-5,0,tarde
0,40,1,tarde
0,1,0,tarde
0,11,0,tarde
0,9,0,tarde
0,13,0,tarde
0,9,0,tarde
0,-7,0,tarde
0,0,0,tarde
0,-14,0,tarde
0,6,0,tarde
0,3,0,tarde
0,0,0,mañana
0,3,0,mañana
0,0,0,mañana
0,109,1,mañana
0,-9,0,mañana
0,1,0,mañana
0,-5,0,noche
0,0,0,noche
0,-5,0,mañana
0,25,1,mañana
0,1,0,mañana
0,-1,0,mañana
0,59,1,mañana
0,3,0,mañana
0,0,0,mañana
0,23,1,mañana
0,1,0,noche
0,-6,0,noche
0,2,0,noche
0,10,0,noche
0,1,0,noche
1,3,0,mañana
0,-1,0,mañana
0,11,0,mañana
0,13,0,mañana
0,84,1,mañana
0,11,0,mañana
0,2,0,mañana
0,-1,0,mañana
1,-4,0,mañana
1,2,0,mañana
1,-5,0,mañana
0,14,0,mañana
0,-6,0,mañana
0,-6,0,mañana
0,-3,0,mañana
0,-3,0,mañana
0,0,0,mañana
0,-4,0,mañana
0,3,0,mañana
0,8,0,mañana
0,17,1,mañana
0,2,0,mañana
0,2,0,mañana
0,7,0,mañana
0,2,0,mañana
0,7,0,mañana
0,4,0,mañana
0,1,0,mañana
1,3,0,noche
1,7,0,noche
1,-1,0,noche
0,2,0,noche
0,9,0,noche
0,1,0,noche
0,-2,0,noche
0,-3,0,noche
0,-4,0,noche
0,6,0,noche
0,-2,0,noche
0,3,0,noche
0,-4,0,noche
0,-2,0,noche
0,7,0,noche
0,2,0,noche
0,0,0,noche
0,-5,0,noche
0,0,0,noche
0,2,0,noche
0,-3,0,noche
0,0,0,noche
0,-9,0,noche
0,6,0,noche
0,-3,0,noche
1,47,1,mañana
1,19,1,mañana
1,12,0,mañana
0,15,0,mañana
0,6,0,mañana
0,14,0,mañana
0,-2,0,tarde
0,16,1,tarde
0,40,1,mañana
0,14,0,mañana
0,7,0,mañana
0,16,1,mañana
0,5,0,mañana
0,-3,0,tarde
0,7,0,tarde
0,17,1,mañana
0,11,0,mañana
0,14,0,mañana
0,13,0,mañana
0,-2,0,mañana
0,6,0,tarde
0,5,0,tarde
0,30,1,mañana
0,3,0,mañana
0,10,0,noche
0,-2,0,noche
0,7,0,noche
0,6,0,mañana
0,0,0,mañana
0,9,0,mañana
0,0,0,mañana
0,17,1,tarde
0,21,1,tarde
0,6,0,noche
0,5,0,noche
0,110,1,mañana
0,33,1,noche
0,0,0,tarde
0,11,0,tarde
0,-10,0,mañana
0,6,0,tarde
0,24,1,noche
1,9,0,mañana
1,9,0,mañana
1,11,0,mañana
0,1,0,mañana
0,10,0,mañana
0,39,1,mañana
0,27,1,mañana
0,8,0,mañana
0,-5,0,mañana
0,16,1,mañana
0,-1,0,mañana
0,7,0,mañana
0,3,0,mañana
0,7,0,mañana
0,9,0,mañana
0,-3,0,mañana
0,13,0,mañana
0,1,0,mañana
0,119,1,mañana
0,11,0,mañana
0,-9,0,mañana
0,67,1,mañana
0,-13,0,mañana
0,-3,0,mañana
0,105,1,mañana
0,78,1,tarde
0,-2,0,noche
0,20,1,noche
0,30,1,noche
0,98,1,noche
0,6,0,noche
0,0,0,noche
0,126,1,noche
1,0,0,noche
0,-10,0,noche
0,-3,0,noche
0,3,0,noche
1,158,1,noche
0,91,1,noche
0,-8,0,noche
0,-4,0,noche
0,-6,0,noche
0,-11,0,noche
0,75,1,noche
0,38,1,noche
0,-5,0,noche
0,5,0,noche
0,-7,0,noche
0,-1,0,noche
0,-13,0,noche
0,6,0,noche
0,0,0,noche
0,12,0,mañana
0,9,0,mañana
0,2,0,mañana
0,5,0,mañana
0,-3,0,mañana
0,21,1,mañana
0,2,0,mañana
0,-3,0,mañana
0,2,0,mañana
0,53,1,mañana
0,5,0,mañana
0,106,1,mañana
0,-10,0,mañana
0,-1,0,mañana
0,12,0,mañana
0,3,0,mañana
0,-3,0,tarde
0,-5,0,tarde
0,-4,0,tarde
0,0,0,tarde
0,33,1,tarde
0,7,0,tarde
0,0,0,tarde
0,12,0,tarde
0,-2,0,tarde
0,-3,0,tarde
0,2,0,tarde
0,12,0,tarde
0,1,0,tarde
0,-1,0,tarde
0,4,0,tarde
0,-2,0,tarde
0,-2,0,tarde
1,14,0,tarde
0,-14,0,tarde
0,0,0,noche
0,-1,0,noche
0,0,0,noche
0,-4,0,noche
0,0,0,noche
0,-2,0,noche
0,-8,0,noche
0,8,0,noche
0,3,0,noche
0,13,0,noche
0,4,0,noche
0,-2,0,noche
0,-4,0,noche
0,0,0,noche
0,2,0,noche
0,-5,0,noche
0,6,0,noche
0,2,0,noche
0,23,1,noche
0,19,1,noche
0,2,0,noche
0,-2,0,noche
0,6,0,noche
0,4,0,noche
0,4,0,noche
0,-2,0,noche
0,1,0,noche
0,1,0,noche
0,1,0,noche
0,10,0,noche
0,12,0,noche
0,6,0,noche
0,8,0,noche
0,4,0,noche
0,1,0,noche
0,8,0,noche
0,8,0,noche
0,9,0,noche
0,5,0,noche
0,4,0,noche
0,-4,0,noche
0,6,0,noche
0,12,0,noche
0,-7,0,noche
0,-2,0,noche
0,-5,0,noche
0,-8,0,noche
0,35,1,noche
0,-4,0,noche
0,-3,0,noche
0,36,1,noche
0,0,0,noche
0,-5,0,noche
0,-2,0,noche
0,-7,0,noche
0,-2,0,noche
0,-10,0,noche
0,-7,0,noche
0,28,1,mañana
0,0,0,mañana
0,2,0,mañana
0,9,0,mañana
0,15,0,mañana
0,13,0,mañana
0,4,0,mañana
0,4,0,mañana
0,29,1,mañana
0,14,0,mañana
0,4,0,mañana
0,9,0,mañana
0,28,1,mañana
0,32,1,mañana
0,20,1,mañana
0,6,0,mañana
0,1,0,mañana
0,15,0,mañana
0,34,1,mañana
0,4,0,mañana
0,1,0,mañana
0,12,0,mañana
0,1,0,noche
0,-5,0,noche
0,-4,0,noche
0,2,0,noche
0,3,0,noche
0,32,1,noche
0,0,0,noche
0,6,0,noche
0,33,1,noche
0,22,1,noche
0,31,1,noche
0,0,0,noche
0,-12,0,noche
0,-3,0,noche
0,-1,0,noche
0,-5,0,noche
0,14,0,noche
0,-1,0,noche
0,7,0,noche
0,-5,0,noche
0,11,0,noche
0,-9,0,noche
0,2,0,noche
0,2,0,tarde
0,-9,0,tarde
0,9,0,tarde
0,11,0,tarde
0,0,0,tarde
0,0,0,tarde
0,-6,0,tarde
0,-5,0,tarde
0,-2,0,tarde
0,3,0,tarde
0,14,0,tarde
0,-7,0,tarde
0,6,0,tarde
0,-8,0,tarde
0,-1,0,tarde
0,-3,0,tarde
0,2,0,tarde
0,6,0,tarde
0,-7,0,tarde
0,-5,0,tarde
0,-10,0,tarde
0,-2,0,tarde
0,-4,0,tarde
0,4,0,tarde
0,-3,0,tarde
0,-5,0,tarde
0,3,0,tarde
0,-12,0,tarde
0,2,0,tarde
0,-4,0,tarde
0,16,1,noche
0,-2,0,noche
0,-5,0,noche
0,-8,0,noche
0,0,0,noche
0,29,1,noche
0,-8,0,noche
0,6,0,noche
0,-8,0,noche
0,-9,0,noche
0,8,0,noche
0,-4,0,noche
0,-2,0,noche
0,1,0,noche
0,-14,0,noche
0,-11,0,noche
0,-5,0,noche
0,1,0,noche
0,-1,0,noche
0,1,0,noche
0,-4,0,noche
0,0,0,noche
0,-8,0,noche
0,17,1,noche
0,-2,0,noche
0,-6,0,noche
0,3,0,noche
0,-12,0,noche
0,-11,0,noche
0,58,1,tarde
0,0,0,mañana
0,-3,0,mañana
0,16,1,mañana
0,50,1,mañana
0,-8,0,mañana
0,35,1,mañana
0,9,0,mañana
0,-5,0,mañana
0,-8,0,mañana
0,-8,0,mañana
0,-6,0,mañana
0,12,0,mañana
0,-2,0,mañana
0,2,0,mañana
0,38,1,mañana
0,-11,0,mañana
0,9,0,mañana
0,12,0,mañana
0,5,0,mañana
0,12,0,mañana
0,-10,0,mañana
0,2,0,mañana
0,-1,0,mañana
0,5,0,mañana
0,3,0,mañana
0,19,1,mañana
0,-3,0,mañana
0,-3,0,mañana
0,7,0,mañana
0,19,1,mañana
0,36,1,mañana
0,1,0,mañana
0,34,1,mañana
0,6,0,mañana
0,14,0,mañana
0,13,0,mañana
0,-1,0,mañana
0,1,0,mañana
0,-5,0,mañana
0,-6,0,mañana
0,12,0,mañana
0,6,0,mañana
0,14,0,mañana
0,-1,0,mañana
0,-3,0,mañana
0,11,0,mañana
0,-2,0,mañana
0,23,1,mañana
0,12,0,mañana
0,7,0,mañana
0,17,1,mañana
0,-1,0,mañana
0,10,0,mañana
0,-8,0,mañana
0,2,0,mañana
0,0,0,tarde
0,21,1,tarde
0,1,0,tarde
0,0,0,tarde
0,6,0,tarde
0,4,0,tarde
0,1,0,tarde
0,-6,0,tarde
0,14,0,tarde
0,-3,0,tarde
0,9,0,tarde
0,10,0,tarde
0,24,1,tarde
0,-1,0,tarde
0,1,0,tarde
0,7,0,tarde
0,10,0,tarde
0,-7,0,tarde
0,0,0,tarde
0,-3,0,tarde
0,10,0,tarde
0,6,0,tarde
0,5,0,tarde
0,54,1,tarde
0,8,0,tarde
0,-6,0,tarde
0,10,0,tarde
0,-3,0,tarde
0,-4,0,tarde
0,2,0,noche
0,-3,0,noche
0,-10,0,noche
0,2,0,noche
0,1,0,noche
0,14,0,noche
0,6,0,noche
0,0,0,noche
0,12,0,noche
0,7,0,noche
0,5,0,noche
0,-8,0,noche
0,-6,0,noche
0,-5,0,noche
0,11,0,noche
0,-5,0,noche
0,-5,0,noche
0,15,0,noche
0,-5,0,noche
0,1,0,noche
0,-3,0,noche
0,6,0,noche
0,2,0,noche
0,-8,0,noche
0,0,0,noche
0,4,0,noche
0,-6,0,noche
0,-14,0,noche
0,-4,0,mañana
0,-4,0,mañana
0,-2,0,mañana
0,3,0,mañana
0,-3,0,mañana
0,0,0,mañana
0,-7,0,mañana
0,-10,0,mañana
0,-4,0,mañana
0,-9,0,mañana
0,-6,0,mañana
0,6,0,mañana
0,-6,0,mañana
0,-6,0,mañana
0,0,0,mañana
0,-3,0,mañana
0,-2,0,mañana
0,-10,0,mañana
0,-14,0,mañana
0,-4,0,mañana
0,-14,0,mañana
0,-2,0,mañana
0,-2,0,mañana
0,-14,0,mañana
0,-4,0,mañana
0,-3,0,mañana
0,17,1,noche
0,-4,0,noche
0,-2,0,noche
0,8,0,noche
0,24,1,noche
0,-5,0,noche
0,30,1,noche
0,17,1,noche
0,32,1,noche
0,5,0,noche
0,13,0,noche
0,6,0,noche
0,9,0,noche
0,7,0,noche
0,73,1,noche
0,36,1,noche
0,55,1,noche
0,16,1,noche
0,69,1,noche
0,-3,0,noche
0,28,1,noche
0,22,1,noche
0,22,1,noche
0,-7,0,noche
0,-7,0,noche
0,15,0,noche
0,1,0,noche
0,-7,0,noche
0,-7,0,noche
0,0,0,mañana
0,18,1,mañana
0,-1,0,mañana
0,-5,0,mañana
0,-2,0,mañana
0,2,0,mañana
0,-1,0,mañana
0,-2,0,mañana
0,-8,0,mañana
0,4,0,mañana
0,2,0,mañana
0,-3,0,mañana
0,1,0,mañana
0,-2,0,mañana
0,1,0,mañana
0,1,0,mañana
0,-2,0,mañana
0,5,0,mañana
0,60,1,mañana
0,2,0,mañana
0,2,0,mañana
0,0,0,mañana
0,1,0,mañana
0,3,0,mañana
0,2,0,mañana
0,-10,0,mañana
0,-5,0,mañana
0,3,0,mañana
0,1,0,mañana
0,-5,0,tarde
0,-2,0,tarde
0,6,0,tarde
0,31,1,tarde
0,20,1,tarde
0,15,0,tarde
0,22,1,tarde
0,16,1,tarde
0,19,1,tarde
0,19,1,tarde
0,5,0,tarde
0,7,0,tarde
0,41,1,tarde
0,2,0,tarde
0,-3,0,tarde
0,10,0,tarde
0,0,0,tarde
0,27,1,tarde
0,35,1,tarde
0,36,1,tarde
0,50,1,tarde
0,5,0,tarde
0,22,1,tarde
0,3,0,tarde
0,16,1,tarde
0,2,0,tarde
0,5,0,tarde
0,55,1,tarde
0,13,0,tarde
0,-2,0,noche
0,-3,0,noche
0,-10,0,noche
0,-9,0,noche
0,1,0,noche
0,-11,0,noche
0,-4,0,noche
0,-6,0,noche
0,-2,0,noche
0,-11,0,noche
0,0,0,noche
0,-9,0,noche
0,0,0,noche
0,-1,0,noche
0,-2,0,noche
0,-10,0,noche
0,-11,0,noche
0,5,0,noche
0,-5,0,noche
0,0,0,noche
0,57,1,noche
0,-3,0,noche
0,35,1,noche
0,-2,0,mañana
0,-3,0,mañana
0,6,0,mañana
0,1,0,mañana
0,3,0,mañana
0,4,0,mañana
0,7,0,mañana
0,7,0,mañana
0,-2,0,mañana
0,0,0,mañana
0,-4,0,mañana
0,6,0,mañana
0,2,0,mañana
0,7,0,mañana
0,-4,0,mañana
0,6,0,mañana
0,3,0,mañana
0,-3,0,mañana
0,-7,0,mañana
0,10,0,mañana
0,5,0,tarde
0,0,0,tarde
0,-3,0,tarde
0,6,0,tarde
0,15,0,tarde
0,3,0,tarde
0,0,0,tarde
0,-3,0,tarde
0,-6,0,tarde
0,5,0,tarde
0,0,0,tarde
0,2,0,tarde
0,-1,0,tarde
0,0,0,tarde
0,6,0,tarde
0,4,0,tarde
0,0,0,tarde
0,-2,0,mañana
0,-12,0,mañana
0,-6,0,mañana
0,-9,0,mañana
0,1,0,mañana
0,-2,0,mañana
0,-6,0,mañana
0,-5,0,mañana
0,1,0,mañana
0,-5,0,mañana
0,-3,0,mañana
0,19,1,mañana
0,-6,0,mañana
0,18,1,mañana
0,3,0,mañana
0,-10,0,mañana
0,-1,0,mañana
0,6,0,mañana
0,-6,0,mañana
0,-9,0,mañana
0,2,0,mañana
0,-4,0,mañana
0,-5,0,mañana
0,-6,0,mañana
0,5,0,mañana
0,-3,0,mañana
0,-8,0,mañana
0,-3,0,mañana
0,-8,0,mañana
0,-11,0,tarde
0,-5,0,tarde
0,-6,0,tarde
0,-10,0,tarde
0,-4,0,tarde
0,-8,0,tarde
0,6,0,tarde
0,-14,0,tarde
0,-14,0,tarde
0,-6,0,tarde
0,2,0,tarde
0,-13,0,tarde
0,-10,0,tarde
0,2,0,tarde
0,-5,0,tarde
0,26,1,tarde
0,-8,0,tarde
0,1,0,tarde
0,-3,0,tarde
0,-5,0,tarde
0,0,0,tarde
0,5,0,tarde
0,-1,0,tarde
0,3,0,tarde
0,-4,0,tarde
0,-9,0,tarde
0,-7,0,tarde
0,8,0,tarde
0,-4,0,noche
0,-3,0,noche
0,2,0,noche
0,-5,0,noche
0,-4,0,noche
0,134,1,noche
0,-3,0,noche
0,-9,0,noche
0,-12,0,noche
0,-4,0,noche
0,-8,0,noche
0,-4,0,noche
0,0,0,noche
0,-6,0,noche
0,1,0,noche
0,0,0,noche
0,-6,0,noche
0,-13,0,noche
0,-5,0,noche
0,-3,0,noche
0,0,0,noche
0,10,0,noche
0,-3,0,noche
0,-7,0,noche
0,-8,0,noche
0,-6,0,noche
0,-4,0,noche
0,1,0,noche
0,-2,0,noche
0,14,0,noche
0,11,0,noche
0,0,0,noche
0,-2,0,noche
0,-3,0,noche
0,33,1,noche
0,3,0,noche
0,8,0,noche
0,-4,0,noche
0,-1,0,noche
0,2,0,noche
0,9,0,noche
0,0,0,noche
0,1,0,noche
0,-12,0,noche
0,0,0,noche
0,-8,0,noche
0,12,0,noche
0,19,1,noche
0,10,0,noche
0,18,1,noche
0,6,0,noche
0,-3,0,noche
0,1,0,noche
0,2,0,noche
0,4,0,noche
0,2,0,noche
0,0,0,noche
0,7,0,noche
0,5,0,noche
0,15,0,noche
0,4,0,noche
0,-1,0,noche
0,3,0,noche
0,7,0,noche
0,-8,0,noche
0,9,0,noche
0,-5,0,noche
0,-4,0,noche
0,-6,0,noche
0,-11,0,noche
0,-11,0,noche
0,0,0,noche
0,1,0,noche
0,116,1,noche
0,-3,0,noche
0,-3,0,noche
0,-12,0,noche
0,-3,0,noche
0,-10,0,noche
0,-6,0,noche
0,-6,0,noche
0,-8,0,noche
0,25,1,noche
0,-8,0,noche
0,-7,0,noche
0,-2,0,noche
0,1,0,noche
0,7,0,noche
0,0,0,noche
0,2,0,noche
0,-6,0,noche
0,-2,0,noche
0,8,0,noche
0,-2,0,noche
0,0,0,noche
0,4,0,noche
0,3,0,noche
0,-4,0,noche
0,-3,0,noche
0,-4,0,noche
0,4,0,noche
0,-4,0,noche
0,3,0,noche
0,6,0,noche
0,-10,0,noche
0,-5,0,noche
0,0,0,noche
0,5,0,noche
0,-1,0,noche
0,2,0,noche
0,-1,0,noche
0,6,0,noche
0,1,0,noche
0,-2,0,noche
0,-6,0,noche
0,14,0,noche
0,-13,0,mañana
0,2,0,mañana
0,-4,0,mañana
0,-4,0,mañana
0,-10,0,mañana
0,-13,0,mañana
0,-4,0,mañana
0,-3,0,mañana
0,-9,0,mañana
0,-4,0,mañana
0,1,0,mañana
0,-13,0,mañana
0,-10,0,mañana
0,-3,0,mañana
0,-4,0,mañana
0,-11,0,mañana
0,-12,0,mañana
0,-7,0,mañana
0,-10,0,mañana
0,-12,0,mañana
0,26,1,tarde
0,12,0,tarde
0,34,1,tarde
0,35,1,tarde
0,22,1,tarde
0,29,1,tarde
0,48,1,tarde
0,15,0,tarde
0,27,1,tarde
0,26,1,tarde
0,9,0,tarde
0,26,1,tarde
0,26,1,tarde
0,30,1,tarde
0,17,1,tarde
0,16,1,tarde
0,29,1,tarde
0,15,0,tarde
0,12,0,tarde
0,17,1,tarde
0,7,0,tarde
0,148,1,tarde
0,10,0,tarde
0,30,1,tarde
0,29,1,tarde
0,29,1,tarde
0,49,1,tarde
0,41,1,tarde
0,25,1,tarde
0,-3,0,tarde
0,-5,0,tarde
0,5,0,tarde
0,6,0,tarde
0,19,1,tarde
0,7,0,tarde
0,-8,0,tarde
0,13,0,tarde
0,-4,0,tarde
0,1,0,tarde
0,29,1,tarde
0,-3,0,tarde
0,-8,0,tarde
0,-7,0,tarde
0,-2,0,tarde
0,-8,0,tarde
0,6,0,tarde
0,-2,0,tarde
0,1,0,tarde
0,0,0,tarde
0,9,0,tarde
0,-2,0,tarde
0,-4,0,tarde
0,-12,0,tarde
0,3,0,tarde
0,17,1,tarde
0,2,0,tarde
0,-7,0,tarde
0,-9,0,tarde
0,-6,0,tarde
0,0,0,tarde
0,24,1,mañana
0,-9,0,mañana
0,6,0,mañana
0,-13,0,mañana
0,-1,0,mañana
0,-7,0,mañana
0,-1,0,mañana
0,-2,0,mañana
0,0,0,mañana
0,8,0,mañana
0,-6,0,mañana
0,17,1,mañana
0,-5,0,mañana
0,-8,0,mañana
0,-13,0,mañana
0,-1,0,mañana
0,-7,0,mañana
0,-9,0,mañana
0,-11,0,mañana
0,1,0,mañana
0,-10,0,mañana
0,19,1,tarde
0,16,1,tarde
0,20,1,tarde
0,13,0,tarde
0,-4,0,tarde
0,18,1,tarde
0,18,1,tarde
0,1,0,tarde
0,0,0,tarde
0,0,0,tarde
0,-2,0,tarde
0,0,0,tarde
0,14,0,tarde
0,7,0,tarde
0,8,0,tarde
0,0,0,tarde
0,9,0,tarde
0,0,0,mañana
0,14,0,mañana
0,6,0,mañana
0,15,0,mañana
0,10,0,mañana
0,1,0,mañana
0,15,0,mañana
0,4,0,mañana
0,2,0,mañana
0,12,0,mañana
0,10,0,mañana
0,14,0,mañana
0,14,0,mañana
0,2,0,mañana
0,7,0,mañana
0,14,0,mañana
0,6,0,mañana
0,10,0,mañana
0,9,0,mañana
0,17,1,mañana
0,16,1,mañana
0,12,0,mañana
0,10,0,mañana
0,16,1,mañana
0,2,0,mañana
0,9,0,mañana
0,6,0,mañana
0,15,0,mañana
0,-10,0,noche
0,-9,0,noche
0,-14,0,noche
0,-4,0,noche
0,-13,0,noche
0,-7,0,noche
0,-14,0,noche
0,12,0,noche
0,0,0,noche
0,4,0,noche
0,-8,0,noche
0,-10,0,noche
0,-9,0,noche
0,-8,0,noche
0,1,0,noche
0,-7,0,noche
0,-13,0,noche
0,-2,0,noche
0,-12,0,noche
0,-12,0,noche
0,-10,0,noche
0,-5,0,noche
0,-9,0,noche
0,-11,0,noche
0,-8,0,noche
0,40,1,noche
0,7,0,noche
0,-4,0,noche
0,46,1,tarde
0,4,0,tarde
0,0,0,tarde
0,2,0,tarde
0,-6,0,tarde
0,-4,0,tarde
0,7,0,tarde
0,6,0,tarde
0,1,0,tarde
0,12,0,tarde
0,2,0,tarde
0,-1,0,tarde
0,9,0,tarde
0,4,0,tarde
0,20,1,tarde
0,33,1,tarde
0,-4,0,tarde
0,9,0,tarde
0,9,0,tarde
0,-2,0,tarde
0,-2,0,tarde
0,3,0,tarde
0,11,0,tarde
0,92,1,tarde
0,1,0,tarde
0,11,0,tarde
0,1,0,tarde
0,11,0,tarde
0,-5,0,tarde
0,-1,0,tarde
0,12,0,tarde
0,2,0,tarde
0,1,0,tarde
0,3,0,tarde
0,3,0,tarde
0,10,0,tarde
0,-3,0,tarde
0,4,0,tarde
0,7,0,tarde
0,2,0,tarde
0,28,1,tarde
0,-2,0,tarde
0,-5,0,tarde
0,1,0,tarde
0,1,0,tarde
0,-4,0,tarde
0,-2,0,tarde
0,2,0,tarde
0,-1,0,tarde
0,4,0,tarde
0,7,0,tarde
0,26,1,tarde
0,4,0,tarde
0,-1,0,tarde
0,1,0,mañana
0,2,0,mañana
0,4,0,mañana
0,7,0,mañana
0,13,0,mañana
0,8,0,mañana
0,4,0,mañana
0,15,0,mañana
0,8,0,mañana
0,5,0,mañana
0,2,0,mañana
0,2,0,mañana
0,3,0,mañana
0,-1,0,mañana
0,5,0,mañana
0,15,0,mañana
0,14,0,mañana
0,6,0,mañana
0,6,0,mañana
0,12,0,mañana
0,-3,0,mañana
0,18,1,mañana
0,12,0,mañana
0,15,0,mañana
0,5,0,mañana
0,0,0,mañana
0,0,0,mañana
0,5,0,mañana
0,11,0,mañana
0,7,0,noche
0,3,0,noche
0,17,1,noche
0,-1,0,noche
0,7,0,noche
0,43,1,noche
0,26,1,noche
0,12,0,noche
0,0,0,noche
0,49,1,noche
0,20,1,noche
0,13,0,noche
0,3,0,noche
0,-2,0,noche
0,22,1,noche
0,24,1,noche
0,27,1,noche
0,-1,0,noche
0,6,0,noche
0,62,1,noche
0,12,0,noche
0,4,0,noche
0,19,1,noche
0,92,1,noche
0,104,1,noche
0,6,0,noche
0,8,0,noche
0,5,0,tarde
0,1,0,tarde
0,5,0,tarde
0,-4,0,tarde
0,2,0,tarde
0,140,1,tarde
0,0,0,tarde
0,-3,0,tarde
0,63,1,tarde
0,0,0,tarde
0,1,0,tarde
0,-1,0,tarde
0,-2,0,tarde
0,6,0,tarde
0,-7,0,tarde
0,1,0,tarde
0,3,0,tarde
0,-3,0,tarde
0,-4,0,tarde
0,10,0,tarde
0,7,0,tarde
0,4,0,tarde
0,-4,0,mañana
0,10,0,mañana
0,95,1,mañana
0,-3,0,mañana
0,4,0,mañana
0,33,1,mañana
0,15,0,mañana
0,15,0,mañana
0,27,1,mañana
0,0,0,mañana
0,14,0,mañana
0,11,0,mañana
0,11,0,mañana
0,0,0,mañana
0,3,0,mañana
0,1,0,mañana
0,7,0,mañana
0,24,1,mañana
0,9,0,mañana
0,20,1,mañana
0,4,0,mañana
0,13,0,mañana
0,11,0,mañana
0,1,0,mañana
0,5,0,mañana
0,-3,0,mañana
0,15,0,mañana
0,65,1,mañana
0,1,0,mañana
0,-3,0,tarde
0,10,0,tarde
0,30,1,tarde
0,34,1,tarde
0,15,0,tarde
0,14,0,tarde
0,66,1,tarde
0,6,0,tarde
0,12,0,tarde
0,45,1,tarde
0,39,1,tarde
0,10,0,tarde
0,13,0,tarde
0,20,1,tarde
0,12,0,tarde
0,6,0,tarde
0,11,0,tarde
0,19,1,tarde
0,5,0,tarde
0,1,0,tarde
0,22,1,tarde
0,16,1,tarde
0,8,0,tarde
0,27,1,tarde
0,64,1,tarde
0,55,1,tarde
0,24,1,tarde
0,10,0,tarde
0,0,0,tarde
0,-2,0,mañana
0,-3,0,mañana
0,-5,0,mañana
0,11,0,mañana
0,15,0,mañana
0,8,0,mañana
0,3,0,mañana
0,1,0,mañana
0,1,0,mañana
0,14,0,mañana
0,15,0,mañana
0,-2,0,mañana
0,40,1,mañana
0,9,0,mañana
0,0,0,mañana
0,20,1,mañana
0,3,0,mañana
0,2,0,mañana
0,3,0,mañana
0,9,0,mañana
0,2,0,mañana
0,0,0,mañana
0,5,0,mañana
0,11,0,mañana
0,1,0,mañana
0,17,1,mañana
0,-2,0,mañana
0,-1,0,mañana
0,9,0,mañana
0,7,0,mañana
0,-2,0,tarde
0,1,0,mañana
0,1,0,mañana
0,-1,0,mañana
0,-3,0,mañana
0,1,0,mañana
0,0,0,mañana
0,1,0,mañana
0,-4,0,mañana
0,-4,0,mañana
0,-5,0,mañana
0,13,0,mañana
0,19,1,mañana
0,9,0,mañana
0,0,0,mañana
0,2,0,mañana
0,2,0,mañana
0,-1,0,mañana
0,2,0,mañana
0,-6,0,mañana
0,6,0,mañana
0,0,0,mañana
0,-4,0,mañana
0,0,0,mañana
0,20,1,mañana
0,133,1,mañana
0,4,0,mañana
0,-5,0,mañana
0,7,0,mañana
0,-1,0,mañana
0,2,0,mañana
0,13,0,mañana
0,1,0,mañana
0,3,0,mañana
0,0,0,mañana
0,-1,0,mañana
0,11,0,mañana
0,7,0,mañana
0,-5,0,mañana
0,-4,0,mañana
0,5,0,mañana
0,0,0,mañana
0,5,0,mañana
0,0,0,mañana
0,12,0,mañana
0,-2,0,mañana
0,4,0,mañana
0,21,1,mañana
0,-1,0,mañana
0,-1,0,mañana
0,-4,0,mañana
0,-4,0,mañana
0,-6,0,mañana
0,5,0,mañana
0,32,1,mañana
0,4,0,mañana
0,1,0,mañana
0,-3,0,mañana
0,-3,0,mañana
0,-5,0,mañana
0,-3,0,mañana
0,-2,0,mañana
0,11,0,mañana
0,-1,0,mañana
0,0,0,mañana
0,2,0,mañana
0,5,0,mañana
0,4,0,mañana
0,-3,0,mañana
0,-4,0,mañana
0,8,0,mañana
0,-1,0,mañana
0,4,0,mañana
0,4,0,mañana
0,3,0,mañana
0,3,0,mañana
0,-2,0,mañana
0,-3,0,mañana
0,1,0,mañana
0,1,0,mañana
0,-4,0,mañana
0,-8,0,mañana
0,-2,0,mañana
0,17,1,mañana
0,5,0,tarde
0,-3,0,tarde
0,0,0,tarde
0,-3,0,tarde
0,-6,0,tarde
0,5,0,tarde
0,0,0,tarde
0,-1,0,tarde
0,3,0,tarde
0,-3,0,tarde
0,33,1,tarde
0,-3,0,tarde
0,-4,0,tarde
0,-4,0,tarde
0,-1,0,tarde
0,-2,0,tarde
0,0,0,tarde
0,-7,0,tarde
0,-1,0,tarde
0,7,0,tarde
0,0,0,tarde
0,-2,0,mañana
0,4,0,mañana
0,-3,0,mañana
0,-1,0,mañana
0,-1,0,mañana
0,-3,0,mañana
0,6,0,mañana
0,15,0,mañana
0,-2,0,mañana
0,-5,0,mañana
0,1,0,mañana
0,-6,0,mañana
0,0,0,mañana
0,41,1,noche
0,4,0,tarde
0,-1,0,tarde
0,28,1,tarde
0,0,0,tarde
0,-4,0,tarde
0,2,0,tarde
0,-2,0,tarde
0,20,1,tarde
0,-1,0,tarde
0,9,0,noche
0,8,0,tarde
0,1,0,tarde
0,-3,0,tarde
0,-1,0,tarde
0,3,0,tarde
0,3,0,tarde
0,8,0,tarde
0,9,0,tarde
0,25,1,tarde
0,26,1,tarde
0,2,0,tarde
0,2,0,tarde
0,2,0,tarde
0,5,0,tarde
0,1,0,tarde
0,-1,0,mañana
0,-2,0,mañana
0,-1,0,mañana
0,-2,0,mañana
0,101,1,mañana
0,-2,0,mañana
0,-6,0,mañana
0,8,0,mañana
0,26,1,mañana
0,0,0,mañana
0,18,1,mañana
0,16,1,mañana
0,1,0,tarde
0,-7,0,tarde
0,0,0,tarde
0,1,0,tarde
0,8,0,tarde
0,11,0,tarde
0,5,0,tarde
0,26,1,tarde
0,-3,0,tarde
0,-1,0,tarde
0,111,1,tarde
0,2,0,tarde
0,-1,0,tarde
0,-4,0,tarde
0,-3,0,tarde
0,0,0,tarde
0,5,0,tarde
0,10,0,tarde
0,24,1,tarde
0,4,0,tarde
0,-2,0,tarde
0,-2,0,tarde
0,-3,0,tarde
0,-2,0,tarde
0,4,0,mañana
0,-4,0,mañana
0,5,0,mañana
0,5,0,mañana
0,-2,0,mañana
0,-2,0,mañana
0,-1,0,mañana
0,-3,0,mañana
0,-2,0,mañana
0,16,1,mañana
0,-2,0,mañana
0,-5,0,mañana
0,-1,0,mañana
0,-4,0,mañana
0,1,0,mañana
0,-5,0,mañana
0,-3,0,mañana
0,-3,0,mañana
0,0,0,mañana
0,-3,0,mañana
0,-2,0,mañana
0,-2,0,mañana
0,36,1,mañana
0,-3,0,mañana
0,-3,0,mañana
0,-4,0,mañana
0,1,0,mañana
0,-9,0,mañana
0,-3,0,tarde
0,12,0,mañana
0,-7,0,tarde
0,8,0,tarde
0,-1,0,tarde
0,-5,0,tarde
0,5,0,mañana
0,-2,0,tarde
0,44,1,tarde
0,-10,0,tarde
0,-2,0,tarde
0,11,0,mañana
0,1,0,tarde
0,24,1,tarde
0,6,0,tarde
0,-3,0,tarde
0,30,1,mañana
0,13,0,tarde
0,9,0,tarde
0,-8,0,tarde
0,-2,0,tarde
0,0,0,tarde
0,49,1,tarde
0,0,0,noche
0,18,1,tarde
0,10,0,tarde
0,-1,0,tarde
0,-2,0,tarde
0,8,0,tarde
0,5,0,tarde
0,8,0,tarde
0,-3,0,tarde
0,4,0,tarde
0,17,1,tarde
0,80,1,tarde
0,-1,0,tarde
0,6,0,tarde
0,24,1,tarde
0,12,0,tarde
0,3,0,tarde
0,34,1,tarde
0,2,0,tarde
0,18,1,tarde
0,7,0,tarde
0,10,0,tarde
0,7,0,tarde
0,72,1,tarde
0,45,1,tarde
0,2,0,mañana
0,2,0,mañana
0,36,1,mañana
0,1,0,mañana
0,-4,0,mañana
0,11,0,mañana
0,-1,0,mañana
0,-2,0,mañana
0,-4,0,mañana
0,0,0,mañana
0,-3,0,mañana
0,-4,0,mañana
0,-5,0,mañana
0,4,0,mañana
0,-7,0,mañana
0,2,0,mañana
0,4,0,mañana
0,-6,0,mañana
0,2,0,mañana
0,2,0,mañana
0,-2,0,mañana
0,5,0,mañana
0,4,0,mañana
0,28,1,mañana
0,-11,0,mañana
0,-4,0,mañana
0,-5,0,mañana
0,-2,0,mañana
0,55,1,mañana
0,4,0,tarde
0,11,0,mañana
0,0,0,mañana
0,-3,0,mañana
0,-3,0,mañana
0,3,0,mañana
0,6,0,mañana
0,12,0,mañana
0,-6,0,mañana
0,-3,0,mañana
0,65,1,mañana
0,-4,0,mañana
0,6,0,mañana
0,23,1,mañana
0,-2,0,mañana
0,10,0,mañana
0,17,1,mañana
0,-4,0,mañana
0,28,1,mañana
0,17,1,mañana
0,20,1,mañana
0,1,0,mañana
0,-2,0,mañana
0,0,0,mañana
0,-4,0,mañana
0,-2,0,tarde
0,0,0,tarde
0,3,0,tarde
0,0,0,tarde
0,-1,0,tarde
0,-3,0,tarde
0,-1,0,tarde
0,-1,0,tarde
0,20,1,tarde
0,-4,0,tarde
0,17,1,tarde
0,7,0,noche
0,9,0,noche
0,-8,0,noche
0,5,0,noche
0,-7,0,noche
0,0,0,noche
0,-1,0,noche
0,-5,0,noche
0,6,0,noche
0,19,1,noche
0,2,0,noche
0,-1,0,noche
0,10,0,noche
0,2,0,noche
0,0,0,noche
0,10,0,noche
0,-3,0,noche
0,6,0,noche
0,36,1,noche
0,78,1,noche
0,18,1,noche
0,-5,0,noche
0,-3,0,noche
0,-4,0,noche
0,9,0,noche
0,-5,0,tarde
0,12,0,tarde
0,29,1,tarde
0,-4,0,noche
0,-4,0,tarde
0,42,1,tarde
0,3,0,mañana
0,-6,0,mañana
0,4,0,mañana
0,-3,0,mañana
0,11,0,mañana
0,-2,0,mañana
0,10,0,mañana
0,-11,0,mañana
0,2,0,mañana
0,3,0,mañana
0,11,0,mañana
0,-3,0,mañana
0,18,1,mañana
0,1,0,mañana
0,-2,0,mañana
0,1,0,mañana
0,-5,0,mañana
0,-5,0,mañana
0,1,0,mañana
0,-4,0,mañana
0,12,0,mañana
0,16,1,mañana
0,-2,0,mañana
0,-4,0,mañana
0,2,0,mañana
0,-5,0,mañana
0,15,0,tarde
0,-4,0,tarde
0,5,0,tarde
0,-2,0,tarde
0,-1,0,tarde
0,0,0,tarde
0,-6,0,tarde
0,14,0,tarde
0,-1,0,tarde
0,-6,0,tarde
0,-1,0,tarde
0,18,1,tarde
0,2,0,tarde
0,-1,0,tarde
0,-4,0,tarde
0,-12,0,tarde
0,0,0,tarde
0,-2,0,tarde
0,-6,0,tarde
0,17,1,tarde
0,8,0,tarde
0,-3,0,tarde
0,-2,0,tarde
0,14,0,tarde
0,18,1,tarde
0,3,0,mañana
0,-1,0,mañana
0,-1,0,mañana
0,-14,0,mañana
0,0,0,mañana
0,0,0,mañana
0,-3,0,mañana
0,-1,0,tarde
0,10,0,mañana
0,8,0,mañana
0,-1,0,mañana
0,0,0,tarde
0,-1,0,mañana
0,1,0,mañana
0,-4,0,mañana
0,-2,0,mañana
0,-7,0,tarde
0,8,0,mañana
0,1,0,mañana
0,-8,0,mañana
0,-1,0,mañana
0,16,1,tarde
0,121,1,noche
0,-6,0,noche
0,34,1,noche
0,-2,0,noche
0,-4,0,noche
0,0,0,noche
0,-2,0,noche
0,14,0,noche
0,-6,0,noche
0,14,0,noche
0,4,0,noche
0,1,0,noche
0,-3,0,noche
0,3,0,noche
0,7,0,noche
0,2,0,noche
0,8,0,noche
0,82,1,noche
0,26,1,noche
0,17,1,noche
0,0,0,noche
0,8,0,noche
0,1,0,noche
0,-1,0,noche
0,-3,0,mañana
0,9,0,mañana
0,14,0,mañana
0,-5,0,mañana
0,6,0,mañana
0,8,0,mañana
0,-2,0,mañana
0,-2,0,mañana
0,-2,0,mañana
0,4,0,mañana
0,-3,0,mañana
0,-4,0,mañana
0,15,0,mañana
0,7,0,mañana
0,0,0,mañana
0,-1,0,mañana
0,2,0,mañana
0,-3,0,mañana
0,20,1,mañana
0,2,0,mañana
0,3,0,mañana
0,-8,0,mañana
0,6,0,mañana
0,29,1,mañana
0,0,0,mañana
0,-1,0,mañana
0,-5,0,mañana
0,-4,0,mañana
0,-2,0,mañana
0,-8,0,mañana
0,-3,0,mañana
0,-6,0,tarde
0,1,0,tarde
0,4,0,tarde
0,121,1,tarde
0,-2,0,tarde
0,0,0,tarde
0,-5,0,tarde
0,-3,0,tarde
0,-1,0,tarde
0,3,0,tarde
0,-3,0,tarde
0,76,1,tarde
0,6,0,tarde
0,-2,0,tarde
0,2,0,tarde
0,-2,0,tarde
0,-2,0,tarde
0,-5,0,tarde
0,14,0,tarde
0,-2,0,tarde
0,-6,0,tarde
0,-3,0,tarde
0,78,1,tarde
0,7,0,tarde
0,12,0,mañana
0,3,0,mañana
0,8,0,mañana
0,40,1,mañana
0,13,0,tarde
0,-3,0,tarde
0,0,0,tarde
0,0,0,tarde
0,4,0,tarde
0,-2,0,tarde
0,-1,0,tarde
0,7,0,tarde
0,18,1,tarde
0,-6,0,tarde
0,-4,0,tarde
0,25,1,tarde
0,-5,0,tarde
0,1,0,tarde
0,-2,0,tarde
0,-2,0,tarde
0,-4,0,tarde
0,-2,0,tarde
0,-2,0,tarde
0,3,0,tarde
0,10,0,tarde
0,26,1,tarde
0,64,1,tarde
0,5,0,tarde
0,-2,0,tarde
0,-2,0,tarde
0,3,0,tarde
0,-5,0,tarde
0,-6,0,tarde
0,161,1,tarde
0,0,0,tarde
0,-6,0,tarde
0,7,0,tarde
0,-4,0,tarde
0,7,0,tarde
0,0,0,tarde
0,-2,0,tarde
0,22,1,tarde
0,64,1,noche
0,-4,0,noche
0,-1,0,noche
0,-4,0,noche
0,8,0,noche
0,-2,0,noche
0,-1,0,noche
0,30,1,noche
0,-7,0,noche
0,3,0,noche
0,-8,0,noche
0,23,1,noche
0,-1,0,mañana
0,9,0,mañana
0,-3,0,mañana
0,-3,0,mañana
0,8,0,mañana
0,1,0,mañana
0,-3,0,mañana
0,-5,0,mañana
0,2,0,mañana
0,-3,0,mañana
0,0,0,mañana
0,7,0,mañana
0,-3,0,mañana
0,-2,0,mañana
0,9,0,mañana
0,-3,0,mañana
0,-3,0,mañana
0,3,0,mañana
0,-1,0,mañana
0,-3,0,mañana
0,-3,0,mañana
0,26,1,mañana
0,-1,0,mañana
0,0,0,mañana
0,-6,0,mañana
0,4,0,mañana
0,6,0,mañana
0,-5,0,mañana
0,0,0,mañana
0,0,0,mañana
0,-2,0,tarde
0,-4,0,tarde
0,-3,0,mañana
0,0,0,mañana
0,10,0,mañana
0,4,0,mañana
0,3,0,mañana
0,-3,0,mañana
0,-3,0,mañana
0,0,0,mañana
0,-3,0,mañana
0,1,0,mañana
0,7,0,mañana
0,0,0,mañana
0,2,0,mañana
0,10,0,mañana
0,-1,0,mañana
0,-3,0,mañana
0,-1,0,mañana
0,-2,0,mañana
0,33,1,mañana
0,67,1,mañana
0,-2,0,mañana
0,0,0,mañana
0,-1,0,mañana
0,-3,0,mañana
0,0,0,tarde
0,-3,0,tarde
0,1,0,tarde
0,-4,0,tarde
0,3,0,tarde
0,8,0,tarde
0,3,0,tarde
0,7,0,tarde
0,-2,0,tarde
0,1,0,tarde
0,31,1,tarde
0,0,0,tarde
0,15,0,tarde
0,-2,0,tarde
0,-1,0,tarde
0,2,0,tarde
0,4,0,tarde
0,-2,0,tarde
0,2,0,tarde
0,1,0,tarde
0,3,0,tarde
0,14,0,tarde
0,90,1,tarde
0,23,1,tarde
0,11,0,tarde
0,-2,0,tarde
0,0,0,tarde
0,0,0,tarde
0,3,0,tarde
0,-7,0,tarde
0,-5,0,tarde
0,0,0,tarde
0,-2,0,tarde
0,44,1,tarde
0,5,0,tarde
0,3,0,tarde
0,-6,0,tarde
0,-6,0,tarde
0,-3,0,tarde
0,8,0,tarde
0,-3,0,tarde
0,10,0,tarde
0,27,1,tarde
0,1,0,tarde
0,-1,0,tarde
0,107,1,tarde
0,-6,0,tarde
0,-1,0,tarde
0,6,0,tarde
0,-3,0,tarde
0,-1,0,tarde
0,14,0,tarde
0,-1,0,tarde
0,-6,0,tarde
0,1,0,tarde
0,140,1,tarde
0,1,0,tarde
0,-1,0,tarde
0,27,1,tarde
0,1,0,mañana
0,2,0,mañana
0,1,0,mañana
0,-2,0,mañana
0,-1,0,mañana
0,0,0,mañana
0,1,0,mañana
0,-6,0,mañana
0,-6,0,mañana
0,-6,0,mañana
0,-3,0,mañana
0,6,0,mañana
0,-1,0,mañana
0,-2,0,mañana
0,37,1,mañana
0,0,0,mañana
0,-3,0,mañana
0,-2,0,mañana
0,1,0,mañana
0,-2,0,mañana
0,1,0,mañana
0,1,0,mañana
0,-4,0,mañana
0,30,1,mañana
0,-1,0,mañana
0,-1,0,mañana
0,-4,0,mañana
0,1,0,mañana
0,9,0,mañana
0,-2,0,mañana
0,9,0,tarde
0,0,0,mañana
0,10,0,mañana
0,10,0,mañana
0,1,0,mañana
0,-4,0,mañana
0,6,0,mañana
0,-6,0,mañana
0,-9,0,mañana
0,15,0,mañana
0,8,0,mañana
0,3,0,mañana
0,11,0,mañana
0,33,1,mañana
0,-3,0,mañana
0,16,1,mañana
0,2,0,mañana
0,5,0,mañana
0,3,0,mañana
0,5,0,mañana
0,9,0,mañana
0,10,0,mañana
0,54,1,mañana
0,16,1,mañana
0,-1,0,mañana
0,0,0,mañana
0,4,0,mañana
0,-2,0,mañana
0,-4,0,mañana
0,-2,0,noche
0,-2,0,noche
0,0,0,noche
0,-3,0,noche
0,-2,0,noche
0,1,0,noche
0,8,0,noche
0,6,0,noche
0,1,0,noche
0,17,1,noche
0,5,0,noche
0,-4,0,noche
0,-3,0,noche
0,7,0,noche
0,0,0,noche
0,0,0,noche
0,6,0,noche
0,-2,0,noche
0,29,1,noche
0,3,0,noche
0,-3,0,noche
0,-2,0,noche
0,22,1,noche
0,3,0,noche
0,-2,0,tarde
0,21,1,tarde
0,4,0,tarde
0,5,0,tarde
0,-3,0,tarde
0,108,1,tarde
0,-2,0,noche
0,0,0,noche
0,-5,0,noche
0,-1,0,noche
0,73,1,noche
0,-1,0,noche
0,0,0,noche
0,-3,0,noche
0,60,1,noche
0,87,1,noche
0,-2,0,mañana
0,5,0,mañana
0,-5,0,mañana
0,-6,0,mañana
0,-1,0,mañana
0,-2,0,mañana
0,-3,0,mañana
0,-2,0,mañana
0,-4,0,mañana
0,-3,0,mañana
0,-1,0,mañana
0,-1,0,mañana
0,8,0,mañana
0,-2,0,mañana
0,-2,0,mañana
0,2,0,mañana
0,-3,0,mañana
0,-3,0,mañana
0,3,0,mañana
0,-4,0,mañana
0,-1,0,mañana
0,-4,0,mañana
0,-4,0,mañana
0,17,1,mañana
0,-2,0,mañana
0,-2,0,mañana
0,1,0,mañana
0,-3,0,mañana
0,1,0,mañana
0,-4,0,mañana
0,-2,0,tarde
0,3,0,tarde
0,6,0,tarde
0,0,0,tarde
0,58,1,tarde
0,-5,0,tarde
0,4,0,tarde
0,46,1,tarde
0,-1,0,tarde
0,-7,0,tarde
0,-1,0,tarde
0,-2,0,tarde
0,3,0,tarde
0,3,0,tarde
0,15,0,tarde
0,5,0,tarde
0,2,0,tarde
0,-1,0,tarde
0,45,1,noche
0,0,0,noche
0,3,0,noche
0,3,0,noche
0,-3,0,noche
0,-1,0,noche
0,0,0,noche
0,0,0,noche
0,-3,0,noche
0,-5,0,noche
0,9,0,noche
0,-4,0,noche
0,-5,0,noche
0,-4,0,noche
0,-2,0,noche
0,-2,0,noche
0,22,1,noche
0,-6,0,noche
0,0,0,noche
0,14,0,noche
0,2,0,noche
0,-1,0,noche
0,-1,0,noche
0,60,1,noche
0,1,0,noche
0,1,0,tarde
0,8,0,tarde
0,6,0,tarde
0,4,0,noche
0,-1,0,mañana
0,2,0,mañana
0,3,0,mañana
0,-1,0,mañana
0,-7,0,mañana
0,-4,0,mañana
0,1,0,mañana
0,-5,0,mañana
0,-4,0,mañana
0,-3,0,mañana
0,-6,0,mañana
0,-9,0,mañana
0,3,0,mañana
0,-1,0,mañana
0,-4,0,mañana
0,-3,0,mañana
0,-4,0,mañana
0,-3,0,mañana
0,-6,0,mañana
0,-7,0,mañana
0,-5,0,mañana
0,-2,0,mañana
0,-1,0,mañana
0,-2,0,mañana
0,-5,0,mañana
0,-8,0,mañana
0,2,0,mañana
0,0,0,noche
0,-3,0,noche
0,0,0,tarde
0,27,1,tarde
0,-4,0,tarde
0,0,0,tarde
0,-2,0,tarde
0,3,0,tarde
0,8,0,tarde
0,-5,0,tarde
0,-2,0,tarde
0,35,1,tarde
0,-4,0,tarde
0,-3,0,tarde
0,6,0,tarde
0,-6,0,tarde
0,1,0,tarde
0,-3,0,tarde
0,-4,0,tarde
0,0,0,tarde
0,-1,0,tarde
0,-6,0,tarde
0,-4,0,tarde
0,14,0,tarde
0,11,0,tarde
0,10,0,tarde
0,-2,0,tarde
0,-7,0,tarde
0,-1,0,tarde
0,-12,0,tarde
0,2,0,tarde
0,-1,0,tarde
0,0,0,tarde
0,14,0,tarde
0,-1,0,tarde
0,0,0,tarde
0,1,0,tarde
0,0,0,tarde
0,5,0,tarde
0,-8,0,tarde
0,11,0,tarde
0,4,0,tarde
0,-3,0,tarde
0,1,0,tarde
0,6,0,tarde
0,1,0,tarde
0,-1,0,tarde
0,1,0,tarde
0,10,0,tarde
0,-7,0,tarde
0,-4,0,tarde
0,-4,0,tarde
0,-4,0,tarde
0,-4,0,tarde
0,-2,0,tarde
0,-1,0,tarde
0,17,1,mañana
0,40,1,tarde
0,4,0,tarde
0,1,0,tarde
0,-1,0,tarde
0,15,0,tarde
0,0,0,tarde
0,30,1,tarde
0,37,1,tarde
0,-1,0,tarde
0,2,0,tarde
0,-3,0,tarde
0,-3,0,tarde
0,4,0,tarde
0,-5,0,tarde
0,6,0,tarde
0,16,1,tarde
0,19,1,tarde
0,30,1,tarde
0,23,1,tarde
0,17,1,tarde
0,12,0,tarde
0,5,0,tarde
0,3,0,tarde
0,-3,0,tarde
0,-1,0,mañana
0,7,0,noche
0,12,0,mañana
0,-1,0,mañana
0,-3,0,mañana
0,2,0,mañana
0,-4,0,mañana
0,3,0,noche
0,-2,0,mañana
0,0,0,mañana
0,-2,0,mañana
0,-2,0,mañana
0,3,0,mañana
0,19,1,noche
0,0,0,mañana
0,-1,0,mañana
0,3,0,mañana
0,-5,0,mañana
0,0,0,mañana
0,5,0,noche
0,0,0,mañana
0,-7,0,mañana
0,-2,0,mañana
0,-5,0,mañana
0,8,0,mañana
0,4,0,noche
0,0,0,tarde
0,9,0,tarde
0,-3,0,tarde
0,-2,0,tarde
0,0,0,tarde
0,-4,0,tarde
0,1,0,tarde
0,12,0,tarde
0,-5,0,tarde
0,-3,0,tarde
0,19,1,tarde
0,6,0,tarde
0,14,0,tarde
0,4,0,tarde
0,-8,0,tarde
0,2,0,tarde
0,-2,0,tarde
0,-1,0,tarde
0,-3,0,tarde
0,-2,0,tarde
0,3,0,tarde
0,-4,0,tarde
0,-2,0,tarde
0,3,0,tarde
0,2,0,tarde
0,-4,0,tarde
0,-5,0,tarde
0,-2,0,tarde
0,-2,0,tarde
0,20,1,tarde
0,-3,0,mañana
0,-6,0,mañana
0,5,0,mañana
0,-7,0,mañana
0,1,0,mañana
0,15,0,mañana
0,7,0,mañana
0,13,0,mañana
0,-4,0,mañana
0,-8,0,mañana
0,4,0,mañana
0,7,0,mañana
0,-1,0,mañana
0,5,0,mañana
0,1,0,mañana
0,2,0,mañana
0,3,0,mañana
0,-5,0,mañana
0,3,0,mañana
0,-8,0,mañana
0,0,0,mañana
0,2,0,mañana
0,7,0,mañana
0,-1,0,mañana
0,-1,0,mañana
0,-1,0,mañana
0,-3,0,mañana
0,7,0,mañana
0,0,0,mañana
0,3,0,mañana
0,29,1,mañana
0,-5,0,mañana
0,3,0,noche
0,28,1,noche
0,0,0,mañana
0,4,0,mañana
0,3,0,mañana
0,2,0,mañana
0,0,0,mañana
0,0,0,mañana
0,0,0,mañana
0,0,0,mañana
0,-2,0,tarde
0,4,0,mañana
0,-4,0,tarde
0,6,0,tarde
0,-1,0,mañana
0,2,0,tarde
0,-3,0,tarde
0,24,1,tarde
0,22,1,noche
0,-3,0,noche
0,-3,0,noche
0,12,0,noche
0,4,0,noche
0,7,0,noche
0,3,0,noche
0,-3,0,noche
0,3,0,noche
0,1,0,tarde
0,3,0,noche
0,16,1,mañana
0,109,1,mañana
0,-2,0,tarde
0,-2,0,tarde
0,-5,0,mañana
0,-5,0,mañana
0,7,0,tarde
0,0,0,tarde
0,-2,0,mañana
0,1,0,mañana
0,6,0,tarde
0,9,0,tarde
0,-3,0,mañana
0,-2,0,mañana
0,-2,0,tarde
0,46,1,tarde
0,-2,0,mañana
0,0,0,mañana
0,-1,0,mañana
0,2,0,noche
0,2,0,noche
0,0,0,noche
0,1,0,noche
0,13,0,noche
0,4,0,tarde
0,2,0,noche
0,7,0,noche
0,2,0,noche
0,7,0,noche
0,23,1,noche
0,6,0,noche
0,0,0,tarde
0,-2,0,tarde
0,5,0,tarde
0,1,0,mañana
0,110,1,noche
0,0,0,noche
0,-1,0,noche
0,3,0,noche
0,3,0,noche
0,16,1,noche
0,0,0,noche
0,14,0,noche
0,2,0,noche
0,31,1,noche
0,-3,0,noche
0,1,0,noche
0,-1,0,noche
0,11,0,noche
0,0,0,noche
0,20,1,noche
0,-3,0,noche
0,3,0,noche
0,7,0,mañana
0,-2,0,mañana
0,4,0,mañana
0,8,0,mañana
0,1,0,mañana
0,6,0,mañana
0,1,0,mañana
0,9,0,mañana
0,3,0,mañana
0,16,1,mañana
0,2,0,mañana
0,11,0,mañana
0,0,0,mañana
0,0,0,mañana
0,2,0,mañana
0,0,0,mañana
0,6,0,mañana
0,-2,0,mañana
0,2,0,mañana
0,2,0,mañana
0,7,0,mañana
0,0,0,mañana
0,13,0,mañana
0,7,0,mañana
0,4,0,mañana
0,-1,0,mañana
0,3,0,mañana
0,0,0,mañana
0,106,1,mañana
0,-3,0,mañana
0,8,0,tarde
0,1,0,tarde
0,2,0,tarde
0,0,0,tarde
0,1,0,tarde
0,3,0,tarde
0,0,0,tarde
0,2,0,tarde
0,-1,0,tarde
0,3,0,tarde
0,0,0,tarde
0,9,0,tarde
0,5,0,tarde
0,2,0,tarde
0,-1,0,tarde
0,6,0,tarde
0,3,0,tarde
0,2,0,tarde
0,4,0,tarde
0,9,0,tarde
0,5,0,noche
0,3,0,mañana
0,4,0,mañana
0,6,0,mañana
0,-2,0,mañana
0,1,0,noche
0,4,0,mañana
0,2,0,mañana
0,-1,0,mañana
0,-5,0,mañana
0,1,0,mañana
0,0,0,mañana
0,1,0,noche
0,1,0,mañana
0,1,0,mañana
0,-4,0,mañana
0,8,0,mañana
0,9,0,mañana
0,3,0,mañana
0,0,0,mañana
0,1,0,mañana
0,7,0,mañana
0,1,0,mañana
0,7,0,mañana
0,-2,0,mañana
0,1,0,tarde
0,51,1,tarde
0,-2,0,mañana
0,0,0,mañana
0,2,0,mañana
0,3,0,mañana
0,4,0,tarde
0,4,0,tarde
0,14,0,mañana
0,2,0,mañana
0,1,0,mañana
0,-8,0,tarde
0,3,0,tarde
0,-1,0,mañana
0,-4,0,mañana
0,2,0,tarde
0,6,0,tarde
0,3,0,mañana
0,2,0,mañana
0,-1,0,mañana
0,4,0,mañana
0,-4,0,mañana
0,9,0,mañana
0,1,0,mañana
0,-2,0,mañana
0,7,0,mañana
0,-4,0,mañana
0,1,0,mañana
0,2,0,mañana
0,5,0,mañana
0,10,0,mañana
0,-1,0,mañana
0,6,0,mañana
0,24,1,mañana
0,0,0,mañana
0,1,0,mañana
0,3,0,mañana
0,-2,0,mañana
0,0,0,mañana
0,1,0,mañana
0,7,0,mañana
0,18,1,mañana
0,2,0,mañana
0,-1,0,mañana
0,2,0,mañana
0,-1,0,mañana
0,0,0,mañana
0,-2,0,mañana
0,1,0,mañana
0,-3,0,mañana
0,4,0,mañana
0,13,0,mañana
0,3,0,mañana
0,0,0,mañana
0,-4,0,mañana
0,5,0,mañana
0,2,0,mañana
0,24,1,mañana
0,-3,0,mañana
0,24,1,tarde
0,-1,0,tarde
0,1,0,tarde
0,4,0,tarde
0,-1,0,tarde
0,6,0,tarde
0,14,0,tarde
0,9,0,tarde
0,-3,0,mañana
0,-2,0,tarde
0,82,1,mañana
0,5,0,tarde
0,-5,0,mañana
0,19,1,tarde
0,6,0,tarde
0,13,0,mañana
0,-1,0,tarde
0,12,0,tarde
0,-1,0,mañana
0,-5,0,tarde
0,2,0,mañana
0,-2,0,tarde
0,5,0,tarde
0,5,0,mañana
0,6,0,tarde
0,-2,0,mañana
0,4,0,tarde
0,-1,0,tarde
0,3,0,mañana
0,0,0,tarde
0,12,0,mañana
0,-2,0,tarde
0,-3,0,tarde
0,0,0,mañana
0,-1,0,tarde
0,5,0,tarde
0,3,0,tarde
0,-3,0,tarde
0,-1,0,tarde
0,-2,0,tarde
0,-1,0,tarde
0,0,0,tarde
0,0,0,tarde
0,12,0,tarde
0,1,0,tarde
0,1,0,tarde
0,0,0,tarde
0,1,0,tarde
0,2,0,tarde
0,-4,0,tarde
0,-2,0,tarde
0,-2,0,tarde
0,0,0,tarde
0,-2,0,tarde
0,0,0,tarde
0,-1,0,tarde
0,3,0,tarde
0,-5,0,tarde
0,9,0,tarde
0,5,0,tarde
0,5,0,tarde
0,-1,0,tarde
0,0,0,tarde
0,-3,0,tarde
0,-1,0,tarde
0,7,0,tarde
0,0,0,tarde
0,-5,0,tarde
0,2,0,tarde
0,4,0,tarde
0,-2,0,tarde
0,-1,0,tarde
0,27,1,tarde
0,-1,0,tarde
0,-2,0,tarde
0,-5,0,tarde
0,6,0,tarde
0,11,0,tarde
0,3,0,tarde
0,9,0,tarde
0,7,0,tarde
0,-3,0,tarde
0,3,0,noche
0,-1,0,noche
0,-3,0,noche
0,1,0,noche
0,1,0,noche
0,1,0,noche
0,0,0,noche
0,2,0,noche
0,2,0,noche
0,1,0,noche
0,2,0,noche
0,3,0,noche
0,3,0,mañana
0,-2,0,mañana
0,-1,0,mañana
0,7,0,mañana
0,2,0,mañana
0,0,0,mañana
0,-3,0,mañana
0,1,0,mañana
0,-2,0,mañana
0,-1,0,mañana
0,-2,0,mañana
0,-1,0,mañana
0,7,0,mañana
0,2,0,mañana
0,5,0,mañana
0,1,0,mañana
0,-11,0,mañana
0,5,0,mañana
0,0,0,tarde
0,0,0,tarde
0,-5,0,tarde
0,4,0,tarde
0,-1,0,tarde
0,2,0,tarde
0,1,0,tarde
0,-3,0,tarde
0,0,0,tarde
0,-1,0,tarde
0,3,0,tarde
0,14,0,tarde
0,2,0,mañana
0,3,0,mañana
0,17,1,mañana
0,18,1,mañana
0,3,0,mañana
0,2,0,mañana
0,-6,0,mañana
0,-1,0,mañana
0,5,0,mañana
0,0,0,mañana
0,1,0,mañana
0,0,0,mañana
0,-2,0,mañana
0,3,0,mañana
0,0,0,mañana
0,-1,0,mañana
0,-1,0,mañana
0,-1,0,mañana
0,0,0,mañana
0,-1,0,mañana
0,-2,0,mañana
0,-2,0,mañana
0,-1,0,mañana
0,2,0,mañana
0,-4,0,mañana
0,1,0,mañana
0,4,0,mañana
0,8,0,mañana
0,5,0,tarde
0,1,0,tarde
0,5,0,tarde
0,4,0,tarde
0,8,0,tarde
0,9,0,tarde
0,0,0,tarde
0,2,0,tarde
0,1,0,tarde
0,0,0,tarde
0,-1,0,mañana
0,0,0,tarde
0,7,0,tarde
0,4,0,tarde
0,-1,0,tarde
0,3,0,tarde
0,-7,0,tarde
0,21,1,tarde
0,2,0,tarde
0,9,0,tarde
0,-5,0,tarde
0,2,0,tarde
0,6,0,tarde
0,-2,0,noche
0,4,0,tarde
0,1,0,tarde
0,1,0,tarde
0,3,0,tarde
0,5,0,tarde
0,0,0,tarde
0,9,0,tarde
0,5,0,tarde
0,1,0,tarde
0,4,0,tarde
0,1,0,tarde
0,6,0,tarde
0,-2,0,noche
0,-3,0,tarde
0,-5,0,noche
0,6,0,tarde
0,5,0,noche
0,2,0,noche
0,1,0,noche
0,10,0,noche
0,-2,0,tarde
0,0,0,noche
0,2,0,tarde
0,-2,0,noche
0,11,0,noche
0,1,0,tarde
0,-2,0,noche
0,18,1,tarde
0,0,0,noche
0,1,0,tarde
0,0,0,tarde
0,27,1,noche
0,1,0,tarde
0,5,0,noche
0,-1,0,tarde
0,6,0,noche
0,5,0,mañana
0,2,0,mañana
0,0,0,mañana
0,0,0,mañana
0,14,0,mañana
0,3,0,mañana
0,-4,0,mañana
0,1,0,mañana
0,8,0,mañana
0,2,0,mañana
0,-1,0,mañana
0,1,0,mañana
0,7,0,mañana
0,1,0,mañana
0,3,0,mañana
0,1,0,mañana
0,-3,0,mañana
0,4,0,mañana
0,2,0,mañana
0,9,0,mañana
0,9,0,mañana
0,0,0,mañana
0,0,0,mañana
0,0,0,mañana
0,5,0,mañana
0,10,0,mañana
0,7,0,mañana
0,5,0,mañana
0,1,0,mañana
0,-1,0,mañana
0,9,0,mañana
0,1,0,mañana
0,43,1,mañana
0,5,0,mañana
0,-2,0,mañana
0,-2,0,mañana
0,10,0,mañana
0,6,0,mañana
0,10,0,mañana
0,-1,0,mañana
0,14,0,mañana
0,10,0,mañana
0,2,0,mañana
0,4,0,mañana
0,1,0,mañana
0,9,0,mañana
0,5,0,mañana
0,-4,0,mañana
0,2,0,mañana
0,5,0,mañana
0,2,0,mañana
0,1,0,mañana
0,-4,0,tarde
0,1,0,mañana
0,-2,0,mañana
0,-3,0,mañana
0,10,0,mañana
0,5,0,mañana
0,6,0,mañana
0,1,0,mañana
0,3,0,mañana
0,0,0,mañana
0,-2,0,mañana
0,-3,0,mañana
0,1,0,mañana
0,-2,0,mañana
0,3,0,mañana
0,3,0,mañana
0,0,0,mañana
0,10,0,mañana
0,4,0,mañana
0,5,0,mañana
0,-1,0,tarde
0,53,1,tarde
0,1,0,tarde
0,6,0,tarde
0,2,0,noche
0,135,1,tarde
0,2,0,tarde
0,6,0,tarde
0,16,1,tarde
0,2,0,noche
0,1,0,tarde
0,15,0,tarde
0,-1,0,tarde
0,4,0,tarde
0,7,0,noche
0,-2,0,tarde
0,0,0,tarde
0,2,0,tarde
0,1,0,tarde
0,3,0,noche
0,-1,0,tarde
0,4,0,tarde
0,10,0,noche
0,0,0,noche
0,0,0,noche
0,2,0,noche
0,0,0,tarde
0,6,0,tarde
0,-1,0,tarde
0,8,0,tarde
0,1,0,tarde
0,0,0,tarde
0,10,0,tarde
0,0,0,tarde
0,-1,0,tarde
0,20,1,tarde
0,3,0,tarde
0,14,0,tarde
0,-1,0,tarde
0,-2,0,tarde
0,4,0,tarde
0,8,0,tarde
0,7,0,tarde
0,-1,0,tarde
0,2,0,tarde
0,3,0,tarde
0,4,0,tarde
0,-1,0,tarde
0,8,0,tarde
0,24,1,tarde
0,8,0,tarde
0,-2,0,tarde
0,-3,0,tarde
0,11,0,noche
0,4,0,noche
0,-1,0,noche
0,16,1,noche
0,10,0,noche
0,0,0,noche
0,62,1,noche
0,8,0,noche
0,1,0,noche
0,2,0,noche
0,-4,0,noche
0,12,0,noche
0,2,0,noche
0,-6,0,noche
0,-3,0,noche
0,7,0,noche
0,17,1,noche
0,-2,0,noche
0,-1,0,noche
0,0,0,noche
0,24,1,noche
0,1,0,mañana
0,-1,0,mañana
0,0,0,mañana
0,-4,0,mañana
0,5,0,mañana
0,0,0,mañana
0,8,0,mañana
0,5,0,mañana
0,-3,0,mañana
0,9,0,tarde
0,-5,0,noche
0,7,0,mañana
0,0,0,noche
0,9,0,tarde
0,16,1,noche
0,15,0,mañana
0,55,1,mañana
0,-1,0,tarde
0,-4,0,noche
0,-1,0,mañana
0,1,0,mañana
0,2,0,tarde
0,14,0,noche
0,3,0,mañana
0,11,0,mañana
0,3,0,tarde
0,2,0,noche
0,17,1,noche
0,0,0,tarde
0,0,0,noche
0,12,0,noche
0,-1,0,noche
0,3,0,noche
0,3,0,noche
0,14,0,noche
0,-5,0,noche
0,2,0,mañana
0,6,0,noche
0,5,0,noche
0,-4,0,noche
0,0,0,mañana
0,2,0,noche
0,2,0,noche
0,35,1,noche
0,6,0,noche
0,0,0,noche
0,-4,0,mañana
0,4,0,mañana
0,-2,0,mañana
0,24,1,mañana
0,-1,0,mañana
0,4,0,mañana
0,-1,0,mañana
0,1,0,mañana
0,0,0,mañana
0,18,1,mañana
0,6,0,mañana
0,-2,0,mañana
0,-5,0,mañana
0,-2,0,mañana
0,0,0,mañana
0,-3,0,mañana
0,2,0,mañana
0,13,0,mañana
0,4,0,mañana
0,-1,0,mañana
0,2,0,mañana
0,-2,0,mañana
0,6,0,mañana
0,1,0,mañana
0,2,0,mañana
0,6,0,mañana
0,0,0,mañana
0,2,0,mañana
0,1,0,mañana
0,21,1,mañana
0,23,1,mañana
0,5,0,mañana
0,-2,0,mañana
0,5,0,mañana
0,8,0,mañana
0,5,0,mañana
0,9,0,mañana
0,5,0,mañana
0,-1,0,mañana
0,-1,0,mañana
0,24,1,mañana
0,1,0,mañana
0,-3,0,mañana
0,-3,0,mañana
0,1,0,mañana
0,16,1,mañana
0,0,0,mañana
0,-4,0,mañana
0,21,1,mañana
0,-1,0,mañana
0,-1,0,mañana
0,-1,0,mañana
0,5,0,mañana
0,8,0,mañana
0,-2,0,mañana
0,1,0,mañana
0,-3,0,mañana
0,6,0,mañana
0,-1,0,tarde
0,7,0,tarde
0,-7,0,tarde
0,-1,0,tarde
0,-3,0,tarde
0,-4,0,tarde
0,14,0,tarde
0,45,1,tarde
0,2,0,tarde
0,5,0,tarde
0,17,1,tarde
0,-1,0,tarde
0,4,0,tarde
0,1,0,tarde
0,-1,0,tarde
0,10,0,tarde
0,-6,0,tarde
0,3,0,tarde
0,-2,0,tarde
0,-4,0,tarde
0,-3,0,tarde
0,-2,0,tarde
0,-3,0,tarde
0,7,0,tarde
0,8,0,tarde
0,0,0,tarde
0,-4,0,tarde
0,0,0,tarde
0,3,0,tarde
0,5,0,tarde
0,8,0,tarde
0,-2,0,tarde
0,10,0,tarde
0,1,0,tarde
0,2,0,tarde
0,-2,0,tarde
0,-3,0,tarde
0,5,0,tarde
0,7,0,tarde
0,-2,0,tarde
0,-3,0,tarde
0,0,0,tarde
0,4,0,tarde
0,0,0,tarde
0,-1,0,tarde
0,-3,0,tarde
0,0,0,tarde
0,-6,0,tarde
0,2,0,tarde
0,-7,0,tarde
0,2,0,tarde
0,-2,0,tarde
0,-4,0,tarde
0,-2,0,tarde
0,-8,0,tarde
0,7,0,tarde
0,-1,0,tarde
0,-1,0,tarde
0,2,0,tarde
0,-3,0,tarde
0,-5,0,tarde
0,-4,0,tarde
0,2,0,tarde
0,1,0,tarde
0,-1,0,tarde
0,-1,0,tarde
0,-3,0,tarde
0,15,0,tarde
0,2,0,tarde
0,-1,0,tarde
0,5,0,tarde
0,-2,0,tarde
0,-2,0,tarde
0,0,0,tarde
0,-1,0,tarde
0,6,0,tarde
0,60,1,tarde
0,1,0,tarde
0,18,1,tarde
0,4,0,tarde
0,1,0,tarde
0,-4,0,tarde
0,-2,0,tarde
0,-1,0,tarde
0,-1,0,tarde
0,-4,0,tarde
0,-2,0,tarde
0,0,0,tarde
0,1,0,tarde
0,4,0,tarde
0,-3,0,tarde
0,-2,0,tarde
0,-5,0,tarde
0,-1,0,tarde
0,3,0,tarde
0,-1,0,tarde
0,1,0,tarde
0,-1,0,tarde
0,13,0,tarde
0,1,0,tarde
0,0,0,tarde
0,-3,0,tarde
0,1,0,tarde
0,10,0,tarde
0,0,0,tarde
0,20,1,tarde
0,-3,0,tarde
0,7,0,tarde
0,-3,0,tarde
0,-4,0,tarde
0,3,0,tarde
0,8,0,tarde
0,-1,0,tarde
0,3,0,tarde
0,5,0,tarde
0,2,0,tarde
0,13,0,tarde
0,-2,0,tarde
0,4,0,tarde
0,1,0,tarde
0,5,0,tarde
0,7,0,tarde
0,4,0,tarde
0,11,0,tarde
0,14,0,tarde
0,8,0,tarde
0,-1,0,tarde
0,15,0,tarde
0,0,0,tarde
0,8,0,tarde
0,2,0,tarde
0,-4,0,tarde
0,0,0,tarde
0,-2,0,tarde
0,28,1,mañana
0,1,0,mañana
0,0,0,mañana
0,5,0,mañana
0,0,0,mañana
0,-2,0,mañana
0,7,0,mañana
0,0,0,mañana
0,1,0,mañana
0,2,0,mañana
0,4,0,mañana
0,10,0,mañana
0,18,1,mañana
0,0,0,mañana
0,0,0,mañana
0,-3,0,mañana
0,2,0,mañana
0,0,0,mañana
0,0,0,mañana
0,12,0,mañana
0,6,0,mañana
0,1,0,mañana
0,12,0,mañana
0,-2,0,mañana
0,1,0,mañana
0,6,0,mañana
0,0,0,mañana
0,10,0,mañana
0,2,0,mañana
0,6,0,mañana
0,10,0,mañana
0,12,0,tarde
0,13,0,mañana
0,8,0,mañana
0,1,0,tarde
0,12,0,mañana
0,6,0,mañana
0,1,0,tarde
0,-1,0,mañana
0,40,1,mañana
0,2,0,tarde
0,-1,0,tarde
0,3,0,tarde
0,66,1,tarde
0,-2,0,tarde
0,3,0,mañana
0,11,0,tarde
0,-1,0,tarde
0,3,0,tarde
0,1,0,tarde
0,4,0,tarde
0,16,1,mañana
0,1,0,tarde
0,5,0,tarde
0,17,1,tarde
0,-1,0,tarde
0,10,0,tarde
0,1,0,mañana
0,22,1,tarde
0,4,0,tarde
0,4,0,tarde
0,2,0,tarde
0,19,1,tarde
0,0,0,tarde
0,5,0,tarde
0,4,0,tarde
0,-1,0,tarde
0,35,1,tarde
0,5,0,tarde
0,-4,0,tarde
0,4,0,tarde
0,-2,0,tarde
0,36,1,tarde
0,-2,0,tarde
0,1,0,tarde
0,0,0,tarde
0,16,1,tarde
0,32,1,tarde
0,0,0,tarde
0,8,0,tarde
0,0,0,tarde
0,-6,0,tarde
0,-1,0,tarde
0,-1,0,tarde
0,0,0,tarde
0,-1,0,tarde
0,7,0,tarde
0,9,0,tarde
0,-1,0,tarde
0,9,0,tarde
0,6,0,tarde
0,5,0,tarde
0,-3,0,tarde
0,3,0,tarde
0,11,0,tarde
0,-4,0,tarde
0,1,0,tarde
0,15,0,tarde
0,15,0,tarde
0,3,0,tarde
0,2,0,tarde
0,3,0,tarde
0,-3,0,tarde
0,1,0,tarde
0,1,0,tarde
0,-3,0,tarde
0,9,0,tarde
0,-4,0,tarde
0,-1,0,tarde
0,-2,0,tarde
0,-3,0,tarde
0,1,0,tarde
0,0,0,tarde
0,4,0,tarde
0,-4,0,tarde
0,0,0,tarde
0,-2,0,tarde
0,65,1,tarde
0,-4,0,tarde
0,-3,0,tarde
0,9,0,tarde
0,-2,0,tarde
0,80,1,tarde
0,4,0,tarde
0,-3,0,tarde
0,6,0,tarde
0,1,0,tarde
0,-1,0,tarde
0,0,0,tarde
0,0,0,tarde
0,3,0,tarde
0,2,0,tarde
0,1,0,mañana
0,7,0,mañana
0,10,0,mañana
0,0,0,mañana
0,-2,0,mañana
0,2,0,mañana
0,4,0,mañana
0,1,0,mañana
0,-2,0,mañana
0,10,0,mañana
0,4,0,mañana
0,5,0,mañana
0,0,0,mañana
0,5,0,mañana
0,1,0,mañana
0,-2,0,mañana
0,2,0,mañana
0,1,0,mañana
0,17,1,mañana
0,1,0,mañana
0,-2,0,mañana
0,4,0,mañana
0,6,0,mañana
0,4,0,mañana
0,2,0,mañana
0,3,0,mañana
0,1,0,mañana
0,0,0,mañana
0,1,0,mañana
0,2,0,mañana
0,3,0,mañana
0,32,1,mañana
0,2,0,mañana
0,8,0,mañana
0,8,0,mañana
0,10,0,mañana
0,-1,0,mañana
0,1,0,mañana
0,25,1,mañana
0,22,1,mañana
0,8,0,mañana
0,6,0,mañana
0,6,0,mañana
0,68,1,mañana
0,4,0,mañana
0,-1,0,tarde
0,9,0,tarde
0,-1,0,mañana
0,8,0,tarde
0,-4,0,noche
0,0,0,mañana
0,6,0,noche
0,0,0,mañana
0,0,0,noche
0,1,0,mañana
0,8,0,noche
0,2,0,tarde
0,-1,0,tarde
0,0,0,tarde
0,-3,0,noche
0,10,0,tarde
0,5,0,tarde
0,5,0,noche
0,15,0,tarde
0,5,0,tarde
0,3,0,noche
0,1,0,tarde
0,17,1,noche
0,18,1,tarde
0,-2,0,noche
0,5,0,tarde
0,2,0,noche
0,4,0,tarde
0,4,0,tarde
0,0,0,noche
0,6,0,tarde
0,-1,0,tarde
0,0,0,noche
0,23,1,noche
0,106,1,tarde
0,20,1,noche
0,-1,0,tarde
0,1,0,noche
0,-1,0,noche
0,-5,0,noche
0,2,0,noche
0,0,0,tarde
0,40,1,tarde
0,-3,0,noche
0,7,0,noche
0,6,0,tarde
0,3,0,noche
0,3,0,noche
0,13,0,noche
0,3,0,tarde
0,-2,0,noche
0,34,1,noche
0,4,0,noche
0,9,0,noche
0,9,0,tarde
0,50,1,noche
0,9,0,noche
0,-1,0,tarde
0,0,0,noche
0,2,0,noche
0,0,0,noche
0,2,0,noche
0,-3,0,noche
0,-2,0,noche
0,3,0,tarde
0,3,0,noche
0,0,0,tarde
0,38,1,noche
0,3,0,noche
0,14,0,mañana
0,8,0,mañana
0,3,0,mañana
0,5,0,mañana
0,3,0,mañana
0,2,0,mañana
0,-1,0,mañana
0,-3,0,mañana
0,-1,0,mañana
0,8,0,mañana
0,2,0,mañana
0,15,0,mañana
0,5,0,mañana
0,0,0,mañana
0,-1,0,mañana
0,0,0,mañana
0,3,0,mañana
0,0,0,mañana
0,0,0,mañana
0,3,0,mañana
0,0,0,mañana
0,10,0,mañana
0,14,0,mañana
0,5,0,mañana
0,1,0,mañana
0,7,0,mañana
0,-1,0,mañana
0,0,0,mañana
0,-1,0,tarde
0,0,0,tarde
0,3,0,tarde
0,-1,0,tarde
0,8,0,tarde
0,0,0,tarde
0,20,1,tarde
0,6,0,tarde
0,10,0,tarde
0,11,0,tarde
0,0,0,tarde
0,5,0,tarde
0,6,0,tarde
0,3,0,tarde
0,-1,0,tarde
0,0,0,tarde
0,-3,0,tarde
0,-4,0,tarde
0,0,0,tarde
0,0,0,tarde
0,2,0,tarde
0,44,1,tarde
0,7,0,tarde
0,0,0,tarde
0,3,0,tarde
0,13,0,tarde
0,5,0,tarde
0,56,1,tarde
0,0,0,tarde
0,0,0,tarde
0,-1,0,tarde
0,12,0,tarde
0,0,0,tarde
0,-1,0,tarde
0,7,0,mañana
0,4,0,tarde
0,23,1,tarde
0,3,0,mañana
0,14,0,mañana
0,5,0,tarde
0,0,0,tarde
0,11,0,tarde
0,0,0,tarde
0,3,0,tarde
0,3,0,mañana
0,6,0,mañana
0,1,0,mañana
0,9,0,mañana
0,7,0,mañana
0,0,0,mañana
0,108,1,mañana
0,2,0,mañana
0,3,0,mañana
0,1,0,mañana
0,1,0,mañana
0,0,0,mañana
0,0,0,mañana
0,1,0,tarde
0,0,0,mañana
0,-1,0,tarde
0,4,0,mañana
0,12,0,tarde
0,3,0,mañana
0,1,0,mañana
0,4,0,mañana
0,10,0,mañana
0,2,0,mañana
0,18,1,mañana
0,6,0,mañana
0,7,0,mañana
0,12,0,mañana
0,8,0,mañana
0,0,0,mañana
0,9,0,mañana
0,10,0,mañana
0,1,0,mañana
0,2,0,mañana
0,2,0,mañana
0,3,0,mañana
0,10,0,mañana
0,1,0,mañana
0,4,0,mañana
0,0,0,mañana
0,2,0,mañana
0,7,0,mañana
0,2,0,mañana
0,1,0,mañana
0,3,0,mañana
0,0,0,mañana
0,0,0,mañana
0,6,0,mañana
0,13,0,mañana
0,14,0,mañana
0,5,0,tarde
0,10,0,mañana
0,2,0,mañana
0,1,0,tarde
0,3,0,mañana
0,1,0,mañana
0,27,1,mañana
0,7,0,mañana
0,4,0,mañana
0,3,0,mañana
0,-3,0,mañana
0,25,1,tarde
0,4,0,mañana
0,5,0,mañana
0,59,1,mañana
0,13,0,tarde
0,8,0,mañana
0,3,0,mañana
0,1,0,tarde
0,3,0,tarde
0,11,0,tarde
0,-5,0,tarde
0,2,0,tarde
0,14,0,tarde
0,6,0,tarde
0,4,0,tarde
0,11,0,tarde
0,6,0,tarde
0,3,0,tarde
0,14,0,tarde
0,11,0,tarde
0,1,0,tarde
0,-2,0,tarde
0,1,0,tarde
0,-1,0,tarde
0,2,0,tarde
0,-1,0,tarde
0,15,0,tarde
0,13,0,tarde
0,1,0,tarde
0,8,0,tarde
0,8,0,tarde
0,1,0,tarde
0,7,0,tarde
0,8,0,tarde
0,10,0,tarde
0,21,1,tarde
0,11,0,tarde
0,6,0,noche
0,8,0,noche
0,-1,0,noche
0,5,0,noche
0,10,0,noche
0,1,0,noche
0,4,0,noche
0,3,0,noche
0,1,0,noche
0,11,0,noche
0,1,0,noche
0,2,0,noche
0,6,0,noche
0,0,0,noche
0,-4,0,noche
0,9,0,noche
0,11,0,mañana
0,9,0,mañana
0,3,0,mañana
0,-2,0,mañana
0,7,0,mañana
0,5,0,mañana
0,18,1,mañana
0,14,0,mañana
0,-1,0,mañana
0,2,0,mañana
0,7,0,mañana
0,1,0,mañana
0,0,0,mañana
0,9,0,mañana
0,0,0,mañana
0,1,0,mañana
0,13,0,mañana
0,0,0,mañana
0,8,0,mañana
0,15,0,mañana
0,12,0,mañana
0,27,1,mañana
0,8,0,mañana
0,28,1,mañana
0,30,1,mañana
0,9,0,mañana
0,-1,0,mañana
0,-3,0,mañana
0,4,0,mañana
0,0,0,mañana
0,3,0,mañana
0,-1,0,mañana
0,4,0,mañana
0,-1,0,mañana
0,-3,0,mañana
0,0,0,mañana
0,-2,0,mañana
0,0,0,mañana
0,9,0,mañana
0,10,0,mañana
0,1,0,mañana
0,54,1,mañana
0,6,0,mañana
0,10,0,mañana
0,-1,0,mañana
0,-3,0,mañana
0,-1,0,mañana
0,-3,0,mañana
0,5,0,mañana
0,29,1,mañana
0,9,0,mañana
0,3,0,mañana
0,3,0,mañana
0,1,0,mañana
0,10,0,mañana
0,-5,0,mañana
0,-1,0,tarde
0,4,0,tarde
0,1,0,tarde
0,-5,0,tarde
0,-1,0,tarde
0,15,0,tarde
0,0,0,tarde
0,15,0,tarde
0,-1,0,mañana
0,-4,0,tarde
0,2,0,tarde
0,-4,0,tarde
0,-2,0,tarde
0,0,0,tarde
0,-4,0,tarde
0,0,0,tarde
0,1,0,tarde
0,-2,0,mañana
0,-3,0,tarde
0,0,0,tarde
0,0,0,tarde
0,-1,0,tarde
0,0,0,tarde
0,8,0,tarde
0,11,0,tarde
0,-5,0,tarde
0,0,0,tarde
0,5,0,tarde
0,-4,0,tarde
0,0,0,tarde
0,-1,0,tarde
0,2,0,tarde
0,5,0,tarde
0,-2,0,tarde
0,13,0,tarde
0,6,0,tarde
0,4,0,tarde
0,15,0,tarde
0,4,0,tarde
0,2,0,noche
0,-1,0,tarde
0,3,0,tarde
0,0,0,tarde
0,4,0,tarde
0,5,0,tarde
0,-4,0,tarde
0,29,1,tarde
0,7,0,tarde
0,9,0,tarde
0,10,0,tarde
0,11,0,tarde
0,9,0,tarde
0,1,0,noche
0,1,0,noche
0,0,0,noche
0,-1,0,noche
0,-3,0,noche
0,0,0,noche
0,2,0,noche
0,1,0,noche
0,0,0,noche
0,3,0,noche
0,2,0,noche
0,5,0,noche
0,-1,0,noche
0,1,0,noche
0,10,0,noche
0,4,0,noche
0,3,0,noche
0,6,0,noche
0,1,0,noche
0,2,0,mañana
0,17,1,mañana
0,3,0,mañana
0,3,0,tarde
0,7,0,tarde
0,1,0,tarde
0,24,1,tarde
0,7,0,tarde
0,1,0,tarde
0,0,0,tarde
0,3,0,tarde
0,-1,0,tarde
0,4,0,tarde
0,-2,0,tarde
0,-1,0,tarde
0,0,0,tarde
0,6,0,tarde
0,6,0,tarde
0,0,0,noche
0,-2,0,tarde
0,-2,0,tarde
0,-2,0,noche
0,0,0,tarde
0,12,0,tarde
0,7,0,noche
0,6,0,tarde
0,18,1,tarde
0,14,0,tarde
0,3,0,tarde
0,-1,0,noche
0,1,0,tarde
0,4,0,tarde
0,12,0,tarde
0,0,0,tarde
0,0,0,tarde
0,1,0,noche
0,4,0,tarde
0,17,1,noche
0,11,0,tarde
0,0,0,tarde
0,3,0,tarde
0,6,0,noche
0,9,0,tarde
0,4,0,noche
0,1,0,tarde
0,0,0,tarde
0,0,0,tarde
0,0,0,noche
0,2,0,tarde
0,8,0,noche
0,-2,0,tarde
0,-4,0,tarde
0,11,0,noche
0,38,1,noche
0,1,0,tarde
0,-1,0,noche
0,13,0,noche
0,7,0,noche
0,6,0,noche
0,0,0,tarde
0,29,1,noche
0,-5,0,noche
0,-1,0,tarde
0,5,0,noche
0,6,0,noche
0,6,0,noche
0,1,0,noche
0,-6,0,tarde
0,1,0,noche
0,107,1,noche
0,13,0,noche
0,24,1,noche
0,-3,0,noche
0,2,0,noche
0,9,0,noche
0,0,0,noche
0,10,0,noche
0,2,0,noche
0,13,0,noche
0,-5,0,tarde
0,-4,0,tarde
0,6,0,tarde
0,9,0,tarde
0,-3,0,tarde
0,-1,0,tarde
0,-1,0,tarde
0,1,0,tarde
0,9,0,tarde
0,9,0,mañana
0,-2,0,mañana
0,0,0,tarde
0,5,0,mañana
0,-4,0,mañana
0,6,0,mañana
0,-4,0,tarde
0,-3,0,mañana
0,5,0,mañana
0,1,0,mañana
0,1,0,tarde
0,8,0,mañana
0,2,0,mañana
0,0,0,tarde
0,4,0,mañana
0,4,0,tarde
0,1,0,tarde
0,2,0,mañana
0,11,0,mañana
0,4,0,tarde
0,1,0,mañana
0,0,0,mañana
0,-1,0,tarde
0,15,0,mañana
0,9,0,mañana
0,14,0,tarde
0,-1,0,tarde
0,-3,0,noche
0,14,0,noche
0,-5,0,noche
0,2,0,noche
0,4,0,noche
0,10,0,noche
0,-1,0,noche
0,2,0,noche
0,-4,0,noche
0,6,0,noche
0,2,0,noche
0,-3,0,noche
0,1,0,noche
0,6,0,noche
0,-1,0,noche
0,0,0,noche
0,7,0,noche
0,-1,0,noche
0,-4,0,noche
0,-2,0,noche
0,0,0,noche
0,-5,0,noche
0,-4,0,mañana
0,-3,0,mañana
0,1,0,tarde
0,7,0,tarde
0,3,0,tarde
0,3,0,mañana
0,-1,0,tarde
0,0,0,mañana
0,3,0,tarde
0,3,0,tarde
0,3,0,tarde
0,3,0,tarde
0,6,0,mañana
0,5,0,mañana
0,4,0,tarde
0,-2,0,tarde
0,3,0,tarde
0,-1,0,tarde
0,10,0,mañana
0,-3,0,mañana
0,-1,0,mañana
0,-2,0,tarde
0,4,0,tarde
0,16,1,tarde
0,-3,0,tarde
0,7,0,mañana
0,5,0,mañana
0,2,0,mañana
0,2,0,tarde
0,-1,0,mañana
0,5,0,mañana
0,-1,0,mañana
0,-9,0,mañana
0,-4,0,mañana
0,4,0,mañana
0,-1,0,mañana
0,1,0,mañana
0,-1,0,mañana
0,-1,0,mañana
0,-2,0,mañana
0,-3,0,mañana
0,2,0,mañana
0,0,0,mañana
0,1,0,mañana
0,4,0,mañana
0,4,0,mañana
0,0,0,mañana
0,10,0,mañana
0,0,0,mañana
0,2,0,mañana
0,4,0,mañana
0,1,0,mañana
0,-1,0,mañana
0,-3,0,mañana
0,-3,0,mañana
0,1,0,tarde
0,20,1,mañana
0,0,0,tarde
0,6,0,mañana
0,0,0,tarde
0,3,0,tarde
0,0,0,mañana
0,0,0,tarde
0,-2,0,mañana
0,-1,0,tarde
0,-1,0,mañana
0,5,0,tarde
0,-1,0,mañana
0,2,0,tarde
0,2,0,tarde
0,-1,0,tarde
0,8,0,tarde
0,-1,0,tarde
0,1,0,tarde
0,-5,0,tarde
0,7,0,tarde
0,3,0,tarde
0,-1,0,tarde
0,-1,0,tarde
0,4,0,tarde
0,8,0,tarde
0,-1,0,tarde
0,5,0,tarde
0,0,0,tarde
0,2,0,tarde
0,7,0,tarde
0,-1,0,tarde
0,-13,0,tarde
0,5,0,tarde
0,-1,0,tarde
0,3,0,tarde
0,12,0,tarde
0,2,0,tarde
0,7,0,tarde
0,0,0,tarde
0,-1,0,tarde
0,-1,0,tarde
0,9,0,tarde
0,-6,0,tarde
0,-3,0,tarde
0,2,0,noche
0,1,0,noche
0,-1,0,noche
0,-1,0,noche
0,9,0,noche
0,12,0,noche
0,5,0,noche
0,5,0,noche
0,1,0,noche
0,2,0,noche
0,7,0,noche
0,0,0,noche
0,2,0,noche
0,-3,0,noche
0,1,0,noche
0,2,0,noche
0,4,0,noche
0,2,0,noche
0,-6,0,noche
0,-5,0,noche
0,3,0,noche
0,6,0,noche
0,0,0,noche
0,0,0,noche
0,0,0,noche
0,-1,0,noche
0,-4,0,noche
0,-1,0,noche
0,1,0,noche
0,-4,0,tarde
0,4,0,tarde
0,1,0,mañana
0,1,0,noche
0,5,0,noche
0,1,0,noche
0,-2,0,noche
0,0,0,noche
0,-2,0,noche
0,0,0,noche
0,-1,0,noche
0,4,0,noche
0,11,0,noche
0,5,0,noche
0,5,0,noche
0,9,0,noche
0,7,0,noche
0,3,0,noche
0,0,0,noche
0,5,0,noche
0,0,0,noche
0,-5,0,noche
0,-1,0,noche
0,2,0,noche
0,1,0,noche
0,0,0,noche
0,2,0,noche
0,-3,0,noche
0,1,0,noche
0,0,0,noche
0,0,0,noche
0,0,0,noche
0,9,0,noche
0,11,0,mañana
0,2,0,noche
0,0,0,mañana
0,0,0,mañana
0,-1,0,noche
0,4,0,mañana
0,0,0,mañana
0,0,0,noche
0,9,0,mañana
0,2,0,mañana
0,2,0,noche
0,0,0,mañana
0,-5,0,tarde
0,4,0,tarde
0,-4,0,mañana
0,-5,0,tarde
0,4,0,tarde
0,1,0,mañana
0,-3,0,tarde
0,1,0,tarde
0,2,0,mañana
0,24,1,tarde
0,1,0,mañana
0,3,0,tarde
0,6,0,mañana
0,1,0,mañana
0,10,0,mañana
0,13,0,mañana
0,13,0,mañana
0,6,0,noche
0,2,0,noche
0,-2,0,noche
0,0,0,noche
0,0,0,noche
0,12,0,noche
0,-1,0,noche
0,1,0,tarde
0,7,0,mañana
0,2,0,mañana
0,-1,0,mañana
0,0,0,mañana
0,-6,0,mañana
0,14,0,mañana
0,3,0,mañana
0,3,0,mañana
0,9,0,mañana
0,11,0,mañana
0,-2,0,mañana
0,26,1,mañana
0,18,1,mañana
0,-1,0,mañana
0,1,0,mañana
0,74,1,mañana
0,18,1,mañana
0,3,0,mañana
0,13,0,mañana
0,12,0,mañana
0,64,1,mañana
0,13,0,mañana
0,23,1,mañana
0,12,0,mañana
0,3,0,mañana
0,-5,0,mañana
0,1,0,mañana
0,3,0,mañana
0,5,0,mañana
0,12,0,mañana
0,4,0,tarde
0,11,0,tarde
0,-2,0,tarde
0,2,0,tarde
0,2,0,tarde
0,-6,0,tarde
0,15,0,tarde
0,7,0,tarde
0,6,0,tarde
0,50,1,tarde
0,34,1,tarde
0,5,0,tarde
0,6,0,tarde
0,34,1,tarde
0,-2,0,tarde
0,19,1,tarde
0,9,0,tarde
0,3,0,tarde
0,13,0,tarde
0,-1,0,tarde
0,5,0,tarde
0,-1,0,tarde
0,9,0,tarde
0,0,0,tarde
0,16,1,tarde
0,0,0,tarde
0,9,0,tarde
0,-1,0,tarde
0,9,0,tarde
0,12,0,tarde
0,-1,0,mañana
0,16,1,mañana
0,8,0,mañana
0,13,0,mañana
0,-2,0,mañana
0,1,0,mañana
0,8,0,mañana
0,18,1,mañana
0,20,1,mañana
0,12,0,mañana
0,0,0,mañana
0,-1,0,mañana
0,2,0,mañana
0,8,0,mañana
0,6,0,mañana
0,3,0,mañana
0,6,0,mañana
0,17,1,mañana
0,15,0,mañana
0,113,1,mañana
0,0,0,mañana
0,14,0,mañana
0,25,1,mañana
0,12,0,mañana
0,2,0,mañana
0,4,0,mañana
0,3,0,mañana
0,5,0,mañana
0,6,0,mañana
0,12,0,mañana
0,8,0,mañana
0,8,0,tarde
0,10,0,tarde
0,12,0,tarde
0,9,0,tarde
0,6,0,tarde
0,2,0,tarde
0,6,0,tarde
0,3,0,tarde
0,2,0,tarde
0,15,0,tarde
0,8,0,tarde
0,-1,0,tarde
0,8,0,tarde
0,-6,0,tarde
0,3,0,tarde
0,-1,0,tarde
0,22,1,tarde
0,2,0,tarde
0,3,0,tarde
0,5,0,tarde
0,-2,0,tarde
0,5,0,tarde
0,-1,0,tarde
0,2,0,tarde
0,0,0,tarde
0,0,0,tarde
0,-4,0,tarde
0,-1,0,tarde
0,-2,0,tarde
0,3,0,mañana
0,12,0,mañana
0,17,1,mañana
0,2,0,mañana
0,-5,0,mañana
0,6,0,mañana
0,8,0,mañana
0,-3,0,mañana
0,2,0,mañana
0,-1,0,mañana
0,6,0,mañana
0,2,0,mañana
0,0,0,mañana
0,12,0,mañana
0,1,0,mañana
0,12,0,mañana
0,18,1,mañana
0,5,0,mañana
0,5,0,mañana
0,24,1,mañana
0,-1,0,mañana
0,0,0,mañana
0,5,0,mañana
0,4,0,mañana
0,0,0,mañana
0,4,0,mañana
0,7,0,mañana
0,9,0,mañana
0,10,0,mañana
0,20,1,tarde
0,16,1,tarde
0,23,1,tarde
0,1,0,tarde
0,6,0,tarde
0,3,0,tarde
0,10,0,tarde
0,13,0,tarde
0,9,0,tarde
0,17,1,tarde
0,3,0,tarde
0,2,0,tarde
0,2,0,tarde
0,8,0,tarde
0,8,0,tarde
0,0,0,tarde
0,-6,0,tarde
0,1,0,tarde
0,26,1,tarde
0,-7,0,tarde
0,1,0,tarde
0,-5,0,tarde
0,2,0,tarde
0,-6,0,tarde
0,11,0,tarde
0,-6,0,tarde
0,-5,0,tarde
0,-10,0,tarde
0,-7,0,tarde
0,2,0,tarde
0,5,0,tarde
0,-7,0,tarde
0,-2,0,tarde
0,0,0,tarde
0,-3,0,tarde
0,0,0,tarde
0,9,0,tarde
0,1,0,tarde
0,10,0,tarde
0,0,0,tarde
0,2,0,tarde
0,2,0,tarde
0,8,0,tarde
0,11,0,tarde
0,9,0,mañana
0,3,0,mañana
0,22,1,mañana
0,20,1,mañana
0,0,0,mañana
0,-2,0,mañana
0,15,0,mañana
0,10,0,mañana
0,5,0,mañana
0,19,1,mañana
0,19,1,mañana
0,33,1,mañana
0,2,0,mañana
0,-1,0,mañana
0,16,1,mañana
0,5,0,tarde
0,26,1,tarde
0,5,0,tarde
0,22,1,tarde
0,11,0,tarde
0,23,1,tarde
0,10,0,tarde
0,38,1,tarde
0,0,0,tarde
0,5,0,tarde
0,9,0,tarde
0,42,1,tarde
0,1,0,tarde
0,18,1,tarde
0,-1,0,tarde
0,9,0,tarde
0,3,0,tarde
0,3,0,tarde
0,2,0,tarde
0,2,0,tarde
0,5,0,tarde
0,10,0,tarde
0,0,0,tarde
0,8,0,tarde
0,13,0,tarde
0,18,1,tarde
0,5,0,tarde
0,0,0,tarde
0,3,0,tarde
0,15,0,mañana
0,17,1,mañana
0,14,0,mañana
0,37,1,mañana
0,18,1,mañana
0,8,0,mañana
0,23,1,mañana
0,44,1,mañana
0,13,0,mañana
0,2,0,mañana
0,5,0,mañana
0,10,0,mañana
0,14,0,mañana
0,8,0,mañana
0,19,1,mañana
0,23,1,mañana
0,7,0,mañana
0,16,1,mañana
0,13,0,mañana
0,-4,0,mañana
0,21,1,mañana
0,18,1,mañana
0,0,0,mañana
0,5,0,mañana
0,14,0,mañana
0,17,1,mañana
0,10,0,mañana
0,16,1,mañana
0,12,0,mañana
0,-2,0,mañana
0,81,1,mañana
0,13,0,mañana
0,22,1,mañana
0,10,0,mañana
0,11,0,mañana
0,14,0,mañana
0,15,0,mañana
0,6,0,mañana
0,18,1,mañana
0,8,0,mañana
0,4,0,mañana
0,-3,0,mañana
0,0,0,mañana
0,-1,0,mañana
0,6,0,mañana
0,9,0,mañana
0,2,0,mañana
0,-1,0,mañana
0,10,0,mañana
0,9,0,mañana
0,6,0,mañana
0,13,0,mañana
0,11,0,mañana
0,18,1,mañana
0,13,0,mañana
0,1,0,mañana
0,6,0,mañana
0,13,0,mañana
0,-2,0,noche
0,-1,0,noche
0,-5,0,noche
0,-1,0,noche
0,7,0,noche
0,6,0,noche
0,2,0,noche
0,-1,0,noche
0,-5,0,noche
0,9,0,noche
0,9,0,noche
0,1,0,noche
0,6,0,noche
0,0,0,noche
0,2,0,noche
0,1,0,noche
0,0,0,noche
0,-7,0,noche
0,2,0,noche
0,-3,0,noche
0,1,0,noche
0,-2,0,noche
0,0,0,noche
0,-6,0,noche
0,-6,0,noche
0,-1,0,noche
0,-3,0,noche
0,-4,0,noche
0,5,0,noche
0,14,0,noche
0,15,0,noche
0,-2,0,noche
0,26,1,noche
0,28,1,noche
0,6,0,noche
0,8,0,noche
0,5,0,noche
0,4,0,noche
0,13,0,noche
0,16,1,noche
0,13,0,noche
0,5,0,noche
0,6,0,noche
0,0,0,noche
0,3,0,noche
0,15,0,noche
0,0,0,tarde
0,1,0,tarde
0,11,0,tarde
0,6,0,tarde
0,14,0,tarde
0,9,0,tarde
0,0,0,tarde
0,12,0,tarde
0,24,1,tarde
0,6,0,tarde
0,-4,0,tarde
0,4,0,tarde
0,1,0,tarde
0,16,1,tarde
0,0,0,tarde
0,12,0,tarde
0,3,0,tarde
0,5,0,tarde
0,10,0,tarde
0,10,0,tarde
0,0,0,tarde
0,4,0,tarde
0,2,0,tarde
0,13,0,tarde
0,5,0,tarde
0,18,1,mañana
0,27,1,mañana
0,13,0,mañana
0,27,1,mañana
0,17,1,mañana
0,15,0,mañana
0,28,1,mañana
0,16,1,mañana
0,24,1,mañana
0,14,0,mañana
0,11,0,mañana
0,2,0,mañana
0,0,0,mañana
0,9,0,mañana
0,0,0,mañana
0,21,1,mañana
0,15,0,mañana
0,0,0,mañana
0,4,0,mañana
0,24,1,mañana
0,21,1,mañana
0,30,1,mañana
0,9,0,mañana
0,95,1,mañana
0,6,0,mañana
0,1,0,mañana
0,5,0,mañana
0,31,1,mañana
0,15,0,mañana
0,5,0,noche
0,2,0,noche
0,-5,0,noche
0,32,1,noche
0,13,0,noche
0,-5,0,noche
0,2,0,noche
0,-1,0,noche
0,4,0,noche
0,74,1,noche
0,122,1,noche
0,16,1,noche
0,1,0,noche
0,1,0,noche
0,0,0,noche
0,0,0,noche
0,-1,0,noche
0,-2,0,noche
0,2,0,noche
0,43,1,noche
0,35,1,noche
0,10,0,noche
0,81,1,noche
0,4,0,noche
0,0,0,noche
0,4,0,noche
0,-3,0,noche
0,18,1,noche
0,-1,0,noche
0,11,0,noche
0,0,0,noche
0,2,0,noche
0,14,0,noche
0,0,0,noche
0,15,0,noche
0,46,1,noche
0,-1,0,noche
0,11,0,noche
0,10,0,noche
0,0,0,noche
0,0,0,noche
0,-1,0,noche
0,19,1,noche
0,45,1,noche
0,2,0,noche
0,110,1,noche
0,3,0,noche
0,9,0,noche
0,6,0,noche
0,11,0,noche
0,0,0,noche
0,2,0,noche
0,4,0,noche
0,2,0,noche
0,1,0,noche
0,-3,0,noche
0,16,1,noche
0,10,0,noche
0,103,1,noche
0,8,0,noche
0,4,0,noche
0,18,1,noche
0,10,0,noche
0,-1,0,noche
0,-6,0,noche
0,-3,0,noche
0,-4,0,noche
0,2,0,noche
0,7,0,noche
0,-1,0,noche
0,-3,0,noche
0,1,0,noche
0,-3,0,noche
0,-8,0,noche
0,146,1,noche
0,3,0,noche
0,17,1,noche
0,-2,0,noche
0,2,0,noche
0,14,0,noche
0,-4,0,noche
0,1,0,noche
0,6,0,noche
0,9,0,noche
0,97,1,noche
0,8,0,noche
0,-5,0,noche
0,9,0,noche
0,18,1,noche
0,18,1,noche
0,3,0,noche
0,3,0,noche
0,14,0,noche
0,10,0,noche
0,0,0,noche
0,0,0,noche
0,6,0,noche
0,3,0,noche
0,-2,0,noche
0,0,0,noche
0,9,0,noche
0,42,1,noche
0,9,0,noche
0,5,0,noche
0,4,0,noche
0,9,0,noche
0,8,0,noche
0,2,0,noche
0,12,0,noche
0,13,0,noche
0,7,0,noche
0,-6,0,mañana
0,-6,0,mañana
0,-5,0,mañana
0,2,0,mañana
0,0,0,mañana
0,-1,0,mañana
0,12,0,mañana
0,4,0,mañana
0,0,0,noche
0,0,0,noche
0,4,0,noche
0,8,0,noche
0,15,0,noche
0,4,0,noche
0,1,0,noche
0,22,1,noche
0,5,0,noche
0,3,0,noche
0,-1,0,noche
0,5,0,noche
0,-5,0,noche
0,-2,0,noche
0,-5,0,noche
0,104,1,noche
0,-2,0,noche
0,5,0,noche
0,-8,0,noche
0,1,0,noche
0,5,0,noche
0,81,1,noche
0,-2,0,noche
0,3,0,noche
0,-4,0,noche
0,1,0,noche
0,0,0,noche
0,-4,0,noche
0,1,0,noche
0,0,0,noche
0,46,1,noche
0,-1,0,noche
0,27,1,noche
0,3,0,noche
0,36,1,noche
0,-5,0,mañana
0,9,0,mañana
0,4,0,mañana
0,-1,0,mañana
0,-3,0,mañana
0,4,0,mañana
0,6,0,mañana
0,5,0,mañana
0,7,0,mañana
0,0,0,mañana
0,1,0,mañana
0,30,1,mañana
0,2,0,mañana
0,27,1,tarde
0,10,0,tarde
0,9,0,tarde
0,6,0,tarde
0,0,0,tarde
0,35,1,tarde
0,63,1,tarde
0,3,0,tarde
0,2,0,tarde
0,-6,0,tarde
0,11,0,tarde
0,26,1,tarde
0,63,1,tarde
0,10,0,tarde
0,10,0,tarde
0,-8,0,tarde
0,1,0,tarde
0,10,0,mañana
0,15,0,mañana
0,-3,0,mañana
0,0,0,mañana
0,5,0,mañana
0,27,1,mañana
0,55,1,mañana
0,12,0,mañana
0,10,0,mañana
0,17,1,mañana
0,-4,0,mañana
0,9,0,mañana
0,-4,0,mañana
0,34,1,mañana
0,-11,0,mañana
0,-5,0,mañana
0,8,0,mañana
0,2,0,mañana
0,-3,0,mañana
0,2,0,mañana
0,0,0,mañana
0,11,0,mañana
0,1,0,mañana
0,0,0,mañana
0,-2,0,mañana
0,8,0,mañana
0,25,1,mañana
0,-4,0,mañana
0,1,0,mañana
0,5,0,mañana
0,1,0,mañana
0,-5,0,mañana
0,-6,0,noche
0,5,0,noche
0,7,0,noche
0,5,0,noche
0,-3,0,noche
0,8,0,noche
0,0,0,noche
0,15,0,noche
0,0,0,noche
0,109,1,noche
0,-1,0,noche
0,-2,0,noche
0,57,1,noche
0,0,0,noche
0,-3,0,noche
0,-2,0,noche
0,1,0,noche
0,-4,0,noche
0,2,0,noche
0,18,1,noche
0,-5,0,noche
0,-1,0,noche
0,0,0,noche
0,0,0,noche
0,-9,0,noche
0,-2,0,noche
0,3,0,noche
0,0,0,noche
0,-4,0,noche
0,1,0,noche
0,-2,0,noche
0,0,0,noche
0,0,0,noche
0,-2,0,noche
0,2,0,noche
0,2,0,noche
0,1,0,noche
0,65,1,noche
0,1,0,tarde
0,9,0,tarde
0,5,0,tarde
0,39,1,tarde
0,-4,0,tarde
0,6,0,tarde
0,33,1,tarde
0,-3,0,tarde
0,5,0,tarde
0,-3,0,tarde
0,-4,0,tarde
0,4,0,tarde
0,0,0,tarde
0,11,0,tarde
0,0,0,tarde
0,-2,0,tarde
0,-7,0,tarde
0,15,0,tarde
0,4,0,tarde
0,5,0,tarde
0,0,0,tarde
0,34,1,tarde
0,4,0,tarde
0,7,0,tarde
0,-4,0,noche
0,9,0,noche
0,9,0,noche
0,-5,0,noche
0,4,0,noche
0,-1,0,noche
0,1,0,noche
0,-7,0,noche
0,2,0,noche
0,-3,0,noche
0,-1,0,noche
0,-5,0,noche
0,-3,0,noche
0,-3,0,noche
0,4,0,noche
0,5,0,noche
0,0,0,noche
0,0,0,noche
0,-1,0,noche
0,3,0,noche
0,6,0,noche
0,-3,0,noche
0,7,0,noche
0,2,0,noche
0,11,0,noche
0,0,0,noche
0,0,0,noche
0,15,0,noche
0,-1,0,noche
0,6,0,noche
0,30,1,noche
0,-3,0,noche
0,9,0,tarde
0,9,0,tarde
0,-1,0,tarde
0,9,0,tarde
0,0,0,tarde
0,4,0,tarde
0,-2,0,tarde
0,15,0,tarde
0,20,1,tarde
0,5,0,tarde
0,12,0,tarde
0,4,0,tarde
0,-1,0,tarde
0,4,0,tarde
0,7,0,tarde
0,36,1,tarde
0,17,1,tarde
0,2,0,tarde
0,1,0,tarde
0,-2,0,tarde
0,7,0,tarde
0,-2,0,tarde
0,27,1,tarde
0,27,1,tarde
0,20,1,tarde
0,10,0,tarde
0,-1,0,tarde
0,23,1,tarde
0,2,0,mañana
0,-4,0,noche
0,1,0,noche
0,3,0,noche
0,39,1,noche
0,13,0,noche
0,0,0,noche
0,4,0,noche
0,-5,0,noche
0,4,0,noche
0,1,0,noche
0,8,0,noche
0,-1,0,noche
0,7,0,noche
0,5,0,noche
0,2,0,noche
0,22,1,noche
0,1,0,noche
0,9,0,noche
0,-2,0,noche
0,-3,0,noche
0,5,0,noche
0,-2,0,noche
0,1,0,noche
0,2,0,noche
0,6,0,noche
0,-4,0,noche
0,2,0,noche
0,2,0,noche
0,1,0,noche
0,14,0,noche
0,4,0,noche
0,6,0,noche
0,1,0,noche
0,-2,0,noche
0,25,1,tarde
0,35,1,tarde
0,1,0,tarde
0,1,0,tarde
0,19,1,tarde
0,33,1,tarde
0,1,0,tarde
0,8,0,tarde
0,3,0,tarde
0,1,0,tarde
0,3,0,tarde
0,8,0,tarde
0,125,1,tarde
0,0,0,mañana
0,-2,0,mañana
0,-3,0,mañana
0,11,0,mañana
0,98,1,mañana
0,72,1,mañana
0,100,1,mañana
0,3,0,mañana
0,0,0,mañana
0,-3,0,mañana
0,7,0,mañana
0,-5,0,mañana
0,1,0,mañana
0,1,0,mañana
0,17,1,mañana
0,51,1,mañana
0,3,0,mañana
0,28,1,mañana
0,5,0,mañana
0,-2,0,mañana
0,3,0,mañana
0,-3,0,mañana
0,5,0,mañana
0,0,0,mañana
0,-6,0,mañana
0,9,0,mañana
0,-1,0,mañana
0,1,0,mañana
0,-5,0,mañana
0,3,0,tarde
0,19,1,tarde
0,6,0,tarde
0,30,1,tarde
0,3,0,tarde
0,7,0,tarde
0,7,0,tarde
0,5,0,tarde
0,22,1,tarde
0,-4,0,tarde
0,6,0,tarde
0,-2,0,tarde
0,1,0,tarde
0,-2,0,tarde
0,11,0,tarde
0,1,0,tarde
0,6,0,tarde
0,16,1,tarde
0,-2,0,tarde
0,0,0,tarde
0,6,0,tarde
0,0,0,tarde
0,1,0,tarde
0,12,0,tarde
0,13,0,tarde
0,15,0,tarde
0,2,0,tarde
0,20,1,tarde
0,9,0,tarde
0,0,0,tarde
0,-1,0,tarde
0,2,0,tarde
0,14,0,tarde
0,8,0,tarde
0,14,0,tarde
0,8,0,tarde
0,1,0,tarde
0,5,0,tarde
0,9,0,noche
0,52,1,noche
0,11,0,noche
0,3,0,noche
0,2,0,noche
0,7,0,noche
0,12,0,noche
0,76,1,noche
0,39,1,noche
0,5,0,noche
0,-2,0,noche
0,6,0,noche
0,1,0,noche
0,-5,0,noche
0,14,0,noche
0,63,1,noche
0,2,0,noche
0,-9,0,noche
0,4,0,noche
0,4,0,noche
0,9,0,noche
0,18,1,noche
0,32,1,noche
0,11,0,noche
0,0,0,noche
0,8,0,noche
0,24,1,noche
0,8,0,noche
0,33,1,noche
0,36,1,noche
0,3,0,tarde
0,0,0,tarde
0,3,0,tarde
0,24,1,tarde
0,0,0,mañana
0,19,1,mañana
0,2,0,mañana
0,4,0,mañana
0,8,0,mañana
0,7,0,mañana
0,9,0,mañana
0,0,0,mañana
0,3,0,mañana
0,2,0,mañana
0,7,0,mañana
0,3,0,mañana
0,8,0,mañana
0,4,0,mañana
0,4,0,mañana
0,8,0,mañana
0,0,0,mañana
0,14,0,mañana
0,4,0,mañana
0,1,0,mañana
0,6,0,mañana
0,5,0,mañana
0,-1,0,mañana
0,7,0,mañana
0,6,0,mañana
0,6,0,mañana
0,-3,0,mañana
0,4,0,mañana
0,5,0,mañana
0,6,0,mañana
0,10,0,mañana
0,1,0,mañana
0,24,1,mañana
0,14,0,mañana
0,2,0,mañana
0,11,0,mañana
0,3,0,mañana
0,9,0,mañana
0,12,0,mañana
0,23,1,mañana
0,1,0,mañana
0,11,0,mañana
0,4,0,tarde
0,-3,0,tarde
0,-2,0,tarde
0,-1,0,tarde
0,1,0,tarde
0,2,0,tarde
0,1,0,tarde
0,0,0,tarde
0,2,0,tarde
0,7,0,tarde
0,2,0,tarde
0,9,0,tarde
0,16,1,tarde
0,7,0,mañana
0,1,0,mañana
0,-4,0,mañana
0,-4,0,mañana
0,1,0,mañana
0,2,0,mañana
0,5,0,mañana
0,13,0,mañana
0,10,0,mañana
0,-1,0,mañana
0,-1,0,mañana
0,7,0,mañana
0,1,0,mañana
0,5,0,mañana
0,5,0,mañana
0,6,0,mañana
0,2,0,mañana
0,6,0,mañana
0,-4,0,mañana
0,1,0,mañana
0,3,0,mañana
0,39,1,mañana
0,3,0,mañana
0,0,0,mañana
0,0,0,tarde
0,-2,0,tarde
0,5,0,tarde
0,-1,0,tarde
0,1,0,tarde
0,2,0,tarde
0,120,1,noche
0,10,0,tarde
0,-1,0,tarde
0,11,0,noche
0,-4,0,tarde
0,0,0,noche
0,-6,0,noche
0,18,1,noche
0,2,0,noche
0,22,1,mañana
0,16,1,tarde
0,3,0,tarde
0,0,0,tarde
0,-3,0,tarde
0,5,0,noche
0,-5,0,noche
0,-4,0,noche
0,-6,0,noche
0,24,1,noche
0,-2,0,noche
0,3,0,noche
0,8,0,noche
0,0,0,noche
0,-2,0,noche
0,2,0,noche
0,8,0,noche
0,0,0,noche
0,7,0,noche
0,4,0,noche
0,18,1,noche
0,-6,0,noche
0,-1,0,noche
0,27,1,noche
0,0,0,noche
0,2,0,noche
0,8,0,noche
0,0,0,noche
0,11,0,noche
0,9,0,noche
0,10,0,noche
0,5,0,noche
0,5,0,tarde
0,0,0,noche
0,1,0,noche
0,1,0,mañana
0,1,0,mañana
0,18,1,mañana
0,16,1,mañana
0,6,0,mañana
0,-3,0,mañana
0,-5,0,mañana
0,-9,0,mañana
0,3,0,mañana
0,8,0,mañana
0,11,0,mañana
0,-3,0,mañana
0,14,0,mañana
0,17,1,mañana
0,-2,0,mañana
0,35,1,mañana
0,45,1,mañana
0,-6,0,mañana
0,0,0,mañana
0,17,1,mañana
0,32,1,mañana
0,11,0,mañana
0,-2,0,mañana
0,-3,0,mañana
0,1,0,mañana
0,1,0,mañana
0,12,0,mañana
0,-1,0,mañana
0,12,0,mañana
0,42,1,mañana
0,1,0,mañana
0,4,0,mañana
0,66,1,mañana
0,4,0,mañana
0,7,0,mañana
0,0,0,mañana
0,10,0,mañana
0,5,0,mañana
0,7,0,noche
0,2,0,noche
0,2,0,noche
0,5,0,noche
0,5,0,noche
0,-2,0,noche
0,3,0,noche
0,10,0,noche
0,2,0,noche
0,0,0,noche
0,0,0,noche
0,-11,0,noche
0,8,0,noche
0,12,0,noche
0,38,1,noche
0,-3,0,noche
0,3,0,noche
0,16,1,noche
0,2,0,noche
0,7,0,noche
0,12,0,noche
0,7,0,noche
0,7,0,noche
0,13,0,noche
0,7,0,noche
0,7,0,noche
0,87,1,tarde
0,10,0,tarde
0,-3,0,noche
0,3,0,noche
0,-3,0,noche
0,-2,0,noche
0,6,0,noche
0,0,0,noche
0,2,0,noche
0,10,0,noche
0,-3,0,noche
0,39,1,noche
0,-5,0,noche
0,5,0,noche
0,7,0,noche
0,0,0,noche
0,-1,0,noche
0,-3,0,noche
0,-7,0,noche
0,1,0,noche
0,11,0,noche
0,13,0,noche
0,8,0,noche
0,3,0,noche
0,-2,0,noche
0,5,0,noche
0,6,0,noche
0,-5,0,noche
0,-1,0,mañana
0,72,1,mañana
0,8,0,mañana
0,13,0,mañana
0,12,0,mañana
0,7,0,mañana
0,-2,0,mañana
0,10,0,mañana
0,11,0,mañana
0,1,0,mañana
0,11,0,mañana
0,8,0,mañana
0,20,1,mañana
0,12,0,mañana
0,3,0,mañana
0,60,1,mañana
0,6,0,mañana
0,18,1,mañana
0,-1,0,mañana
0,0,0,mañana
0,8,0,mañana
0,19,1,mañana
0,5,0,mañana
0,33,1,mañana
0,-2,0,mañana
0,9,0,mañana
0,16,1,noche
0,22,1,mañana
0,1,0,mañana
0,33,1,tarde
0,2,0,noche
0,65,1,mañana
0,7,0,noche
0,13,0,mañana
0,33,1,mañana
0,-2,0,mañana
0,-14,0,mañana
0,-10,0,mañana
0,-3,0,mañana
0,0,0,mañana
0,-5,0,mañana
0,-3,0,mañana
0,-4,0,mañana
0,-6,0,mañana
0,-8,0,mañana
0,3,0,mañana
0,-8,0,mañana
0,0,0,mañana
0,-1,0,mañana
0,34,1,tarde
0,41,1,tarde
0,-3,0,tarde
0,-5,0,tarde
0,-7,0,tarde
0,6,0,tarde
0,0,0,tarde
0,2,0,tarde
0,0,0,tarde
0,1,0,tarde
0,2,0,tarde
0,2,0,tarde
0,3,0,tarde
0,0,0,tarde
0,-3,0,tarde
0,3,0,tarde
0,-2,0,tarde
0,11,0,tarde
0,39,1,tarde
0,5,0,tarde
0,1,0,tarde
0,6,0,tarde
0,8,0,tarde
0,5,0,tarde
0,5,0,tarde
0,3,0,mañana
0,8,0,mañana
0,-3,0,mañana
0,1,0,mañana
0,0,0,mañana
0,1,0,mañana
0,7,0,mañana
0,-6,0,mañana
0,25,1,mañana
0,-2,0,mañana
0,-2,0,mañana
0,3,0,mañana
0,-1,0,mañana
0,-9,0,mañana
0,4,0,mañana
0,-4,0,mañana
0,-4,0,mañana
0,-8,0,mañana
0,0,0,mañana
0,57,1,mañana
0,17,1,noche
0,26,1,tarde
0,1,0,noche
0,84,1,noche
0,10,0,tarde
0,12,0,noche
0,0,0,noche
0,0,0,noche
0,14,0,tarde
0,0,0,noche
0,9,0,noche
0,-9,0,noche
0,4,0,tarde
0,0,0,noche
0,-3,0,noche
0,69,1,noche
0,8,0,tarde
0,-8,0,mañana
0,1,0,mañana
0,-1,0,mañana
0,15,0,mañana
0,-2,0,mañana
0,-5,0,noche
0,32,1,noche
0,4,0,noche
0,50,1,noche
0,4,0,noche
0,3,0,noche
0,22,1,noche
0,-1,0,noche
0,4,0,noche
0,47,1,noche
0,3,0,noche
0,-7,0,noche
0,-14,0,noche
0,3,0,noche
0,-7,0,noche
0,-3,0,noche
0,-5,0,noche
0,-4,0,noche
0,0,0,noche
0,0,0,noche
0,11,0,noche
0,0,0,noche
0,-6,0,noche
0,23,1,noche
0,-5,0,noche
0,-6,0,noche
0,87,1,noche
0,-2,0,noche
0,-8,0,noche
0,-11,0,noche
0,2,0,noche
0,8,0,noche
0,95,1,noche
0,14,0,noche
0,15,0,mañana
0,8,0,mañana
0,-2,0,noche
0,0,0,noche
0,2,0,noche
0,62,1,noche
0,-3,0,noche
0,0,0,noche
0,14,0,noche
0,-4,0,noche
0,-3,0,noche
0,-7,0,noche
0,1,0,noche
0,0,0,noche
0,0,0,noche
0,-2,0,noche
0,-1,0,noche
0,1,0,noche
0,-2,0,noche
0,0,0,noche
0,2,0,noche
0,1,0,noche
0,1,0,noche
0,2,0,noche
0,0,0,noche
0,-5,0,noche
0,-10,0,noche
0,0,0,noche
0,0,0,noche
0,-10,0,noche
0,0,0,noche
0,-4,0,noche
0,-3,0,noche
0,-7,0,noche
0,-9,0,noche
0,-6,0,noche
0,6,0,noche
0,16,1,noche
0,-6,0,noche
0,-4,0,noche
0,-10,0,noche
0,-13,0,noche
0,-8,0,noche
0,-1,0,noche
0,-9,0,noche
0,22,1,noche
0,-13,0,noche
0,-8,0,noche
0,-5,0,noche
0,2,0,noche
0,32,1,noche
0,4,0,noche
0,-10,0,noche
0,-3,0,noche
0,-7,0,noche
0,-9,0,noche
0,-14,0,noche
0,-9,0,noche
0,-13,0,noche
0,-1,0,noche
0,-10,0,noche
0,-9,0,noche
0,-9,0,noche
0,-1,0,noche
0,2,0,noche
0,55,1,mañana
0,60,1,mañana
0,34,1,mañana
0,3,0,mañana
0,2,0,mañana
0,-3,0,mañana
0,-3,0,mañana
0,-12,0,mañana
0,7,0,mañana
0,12,0,mañana
0,14,0,mañana
0,10,0,mañana
0,25,1,mañana
0,7,0,mañana
0,6,0,mañana
0,-2,0,mañana
0,81,1,mañana
0,24,1,mañana
0,3,0,noche
0,-1,0,noche
0,0,0,noche
0,12,0,noche
0,28,1,noche
0,-2,0,noche
0,19,1,noche
0,2,0,noche
0,0,0,noche
0,-8,0,tarde
0,-8,0,tarde
0,-1,0,tarde
0,56,1,tarde
0,-4,0,tarde
0,-9,0,tarde
0,2,0,tarde
0,0,0,tarde
0,-1,0,tarde
0,-9,0,tarde
0,71,1,tarde
0,3,0,tarde
0,-3,0,tarde
0,-6,0,tarde
0,-12,0,tarde
0,2,0,tarde
0,1,0,tarde
0,1,0,tarde
0,-5,0,tarde
0,-7,0,tarde
0,-5,0,tarde
0,-2,0,tarde
0,27,1,tarde
0,-5,0,tarde
0,-7,0,tarde
0,-7,0,tarde
0,0,0,tarde
0,-2,0,tarde
0,-14,0,tarde
0,4,0,tarde
0,3,0,tarde
0,-6,0,tarde
0,-2,0,tarde
0,-9,0,tarde
0,-1,0,tarde
0,4,0,tarde
0,-1,0,tarde
0,-4,0,tarde
0,3,0,tarde
0,-1,0,tarde
0,-11,0,tarde
0,23,1,mañana
0,3,0,mañana
0,-8,0,noche
0,0,0,noche
0,-5,0,noche
0,14,0,noche
0,-4,0,noche
0,-6,0,noche
0,0,0,noche
0,-7,0,noche
0,-14,0,noche
0,-10,0,noche
0,11,0,noche
0,-9,0,noche
0,15,0,noche
0,14,0,noche
0,-2,0,noche
0,-6,0,noche
0,4,0,noche
0,5,0,noche
0,-12,0,noche
0,-3,0,noche
0,-3,0,noche
0,-14,0,noche
0,-2,0,noche
0,-6,0,noche
0,6,0,noche
0,16,1,noche
0,-6,0,noche
0,3,0,noche
0,-7,0,noche
0,3,0,noche
0,9,0,noche
0,28,1,tarde
0,-11,0,mañana
0,2,0,mañana
0,11,0,mañana
0,-1,0,mañana
0,-9,0,mañana
0,3,0,mañana
0,2,0,mañana
0,-12,0,mañana
0,0,0,mañana
0,16,1,mañana
0,-4,0,mañana
0,-9,0,mañana
0,6,0,mañana
0,10,0,mañana
0,-2,0,mañana
0,9,0,mañana
0,-1,0,mañana
0,8,0,mañana
0,-7,0,mañana
0,-13,0,mañana
0,4,0,mañana
0,-6,0,mañana
0,-1,0,mañana
0,14,0,mañana
0,11,0,mañana
0,20,1,mañana
0,28,1,mañana
0,29,1,mañana
0,14,0,mañana
0,13,0,mañana
0,-3,0,mañana
0,4,0,mañana
0,-5,0,mañana
0,-12,0,mañana
0,0,0,mañana
0,0,0,mañana
0,3,0,mañana
0,9,0,mañana
0,-8,0,mañana
0,8,0,mañana
0,0,0,mañana
0,0,0,mañana
0,9,0,mañana
0,6,0,mañana
0,-13,0,mañana
0,0,0,mañana
0,15,0,mañana
0,7,0,mañana
0,7,0,mañana
0,4,0,mañana
0,-7,0,mañana
0,-1,0,mañana
0,16,1,mañana
0,12,0,mañana
0,-4,0,mañana
0,-13,0,mañana
0,4,0,mañana
0,17,1,mañana
0,17,1,mañana
0,-14,0,mañana
0,-9,0,tarde
0,7,0,tarde
0,-10,0,tarde
0,11,0,tarde
0,2,0,tarde
0,-1,0,tarde
0,-1,0,tarde
0,-6,0,tarde
0,9,0,tarde
0,19,1,tarde
0,4,0,tarde
0,21,1,tarde
0,-4,0,tarde
0,30,1,tarde
0,10,0,tarde
0,28,1,tarde
0,2,0,tarde
0,0,0,tarde
0,37,1,tarde
0,-6,0,tarde
0,-9,0,tarde
0,5,0,tarde
0,2,0,tarde
0,11,0,tarde
0,13,0,tarde
0,10,0,tarde
0,5,0,tarde
0,2,0,tarde
0,31,1,tarde
0,0,0,tarde
0,2,0,tarde
0,-6,0,noche
0,-6,0,noche
0,-9,0,noche
0,-6,0,noche
0,4,0,noche
0,19,1,noche
0,2,0,noche
0,9,0,noche
0,-2,0,noche
0,22,1,noche
0,-9,0,noche
0,-4,0,tarde
0,-5,0,tarde
0,-11,0,tarde
0,1,0,tarde
0,-5,0,tarde
0,0,0,tarde
0,-5,0,tarde
0,0,0,tarde
0,-12,0,tarde
0,8,0,tarde
0,27,1,tarde
0,18,1,tarde
0,2,0,tarde
0,-2,0,tarde
0,12,0,tarde
0,-4,0,tarde
0,-4,0,tarde
0,-1,0,mañana
0,27,1,mañana
0,-10,0,mañana
0,6,0,mañana
0,-4,0,mañana
0,-8,0,mañana
0,2,0,mañana
0,9,0,mañana
0,3,0,mañana
0,2,0,mañana
0,-2,0,mañana
0,-13,0,mañana
0,11,0,mañana
0,2,0,mañana
0,-7,0,mañana
0,4,0,mañana
0,-8,0,mañana
0,6,0,mañana
0,-11,0,mañana
0,5,0,mañana
0,-4,0,mañana
0,-11,0,mañana
0,1,0,mañana
0,-5,0,mañana
0,-7,0,mañana
0,4,0,mañana
0,3,0,mañana
0,-3,0,mañana
0,11,0,mañana
0,-5,0,mañana
0,9,0,noche
0,4,0,noche
0,-10,0,noche
0,0,0,noche
0,-3,0,noche
0,15,0,noche
0,0,0,noche
0,83,1,noche
0,32,1,noche
0,55,1,noche
0,8,0,noche
0,30,1,noche
0,12,0,noche
0,-2,0,noche
0,20,1,noche
0,13,0,noche
0,14,0,noche
0,13,0,noche
0,11,0,noche
0,33,1,noche
0,20,1,noche
0,33,1,noche
0,25,1,noche
0,20,1,noche
0,35,1,noche
0,-12,0,noche
0,-1,0,noche
0,-11,0,noche
0,-11,0,noche
0,-14,0,noche
0,-4,0,noche
0,0,0,mañana
0,117,1,mañana
0,20,1,mañana
0,23,1,mañana
0,2,0,mañana
0,-2,0,mañana
0,0,0,mañana
0,-4,0,mañana
0,-9,0,mañana
0,-7,0,mañana
0,5,0,mañana
0,-2,0,mañana
0,22,1,mañana
0,59,1,mañana
0,25,1,mañana
0,4,0,mañana
0,2,0,mañana
0,-6,0,mañana
0,8,0,mañana
0,-2,0,mañana
0,13,0,mañana
0,66,1,mañana
0,134,1,mañana
0,6,0,mañana
0,40,1,mañana
0,93,1,mañana
0,10,0,mañana
0,-6,0,mañana
0,14,0,mañana
0,-6,0,mañana
0,18,1,tarde
0,-2,0,tarde
0,42,1,tarde
0,37,1,tarde
0,17,1,tarde
0,17,1,tarde
0,10,0,tarde
0,1,0,tarde
0,-3,0,tarde
0,-5,0,tarde
0,-4,0,tarde
0,19,1,tarde
0,21,1,tarde
0,44,1,tarde
0,-2,0,tarde
0,30,1,tarde
0,31,1,tarde
0,42,1,tarde
0,32,1,tarde
0,53,1,tarde
0,26,1,tarde
0,25,1,tarde
0,6,0,tarde
0,50,1,tarde
0,14,0,tarde
0,18,1,tarde
0,3,0,tarde
0,0,0,tarde
0,-3,0,tarde
0,19,1,tarde
0,-9,0,noche
0,0,0,noche
0,0,0,noche
0,-7,0,noche
0,-3,0,noche
0,-4,0,noche
0,118,1,noche
0,3,0,noche
0,-2,0,noche
0,0,0,noche
0,-9,0,noche
0,-7,0,noche
0,-1,0,noche
0,42,1,noche
0,5,0,noche
0,75,1,noche
0,-2,0,noche
0,1,0,noche
0,-1,0,noche
0,-14,0,noche
0,-4,0,noche
0,-2,0,mañana
0,-6,0,mañana
0,1,0,mañana
0,-10,0,mañana
0,2,0,mañana
0,10,0,mañana
0,5,0,mañana
0,13,0,mañana
0,-5,0,mañana
0,-1,0,mañana
0,14,0,mañana
0,4,0,mañana
0,21,1,mañana
0,-4,0,mañana
0,-3,0,mañana
0,22,1,mañana
0,10,0,mañana
0,12,0,mañana
0,1,0,mañana
0,-2,0,mañana
0,3,0,mañana
0,2,0,mañana
0,-5,0,tarde
0,-10,0,tarde
0,-6,0,tarde
0,-4,0,tarde
0,-8,0,tarde
0,-4,0,tarde
0,-4,0,tarde
0,-6,0,tarde
0,-10,0,tarde
0,-4,0,tarde
0,-5,0,tarde
0,24,1,tarde
0,-5,0,tarde
0,-7,0,tarde
0,-5,0,tarde
0,124,1,tarde
0,-5,0,tarde
0,-6,0,tarde
0,-3,0,mañana
0,7,0,mañana
0,-11,0,mañana
0,-4,0,mañana
0,0,0,mañana
0,-3,0,mañana
0,39,1,mañana
0,0,0,mañana
0,-7,0,mañana
0,-7,0,mañana
0,2,0,mañana
0,-8,0,mañana
0,-12,0,mañana
0,0,0,mañana
0,5,0,mañana
0,-3,0,mañana
0,-1,0,mañana
0,-8,0,mañana
0,-3,0,mañana
0,10,0,mañana
0,0,0,mañana
0,-9,0,mañana
0,-2,0,mañana
0,-10,0,mañana
0,2,0,mañana
0,1,0,mañana
0,-8,0,mañana
0,2,0,mañana
0,-2,0,mañana
0,-6,0,mañana
0,-11,0,tarde
0,-6,0,tarde
0,-11,0,tarde
0,-8,0,tarde
0,4,0,tarde
0,-7,0,tarde
0,-3,0,tarde
0,-11,0,tarde
0,-7,0,tarde
0,-9,0,tarde
0,-3,0,tarde
0,-5,0,tarde
0,-14,0,tarde
0,-6,0,mañana
0,0,0,mañana
0,3,0,mañana
0,-8,0,mañana
0,6,0,mañana
0,2,0,mañana
0,-6,0,mañana
0,-9,0,mañana
0,1,0,mañana
0,2,0,mañana
0,-3,0,mañana
0,8,0,mañana
0,7,0,mañana
0,2,0,mañana
0,-3,0,mañana
0,-4,0,mañana
0,4,0,mañana
0,5,0,mañana
0,-8,0,noche
0,-5,0,noche
0,8,0,noche
0,-2,0,noche
0,0,0,noche
0,-7,0,noche
0,0,0,noche
0,-11,0,noche
0,-9,0,noche
0,-3,0,noche
0,-6,0,noche
0,-11,0,noche
0,-7,0,noche
0,-6,0,noche
0,0,0,noche
0,16,1,noche
0,0,0,noche
0,3,0,noche
0,-4,0,noche
0,0,0,noche
0,-3,0,noche
0,-5,0,noche
0,0,0,noche
0,-10,0,noche
0,-10,0,noche
0,-10,0,noche
0,-1,0,noche
0,-5,0,noche
0,24,1,noche
0,-4,0,noche
0,-7,0,noche
0,20,1,noche
0,2,0,noche
0,10,0,noche
0,0,0,noche
0,3,0,noche
0,6,0,noche
0,26,1,noche
0,-1,0,noche
0,-9,0,noche
0,1,0,noche
0,9,0,noche
0,0,0,noche
0,2,0,noche
0,14,0,noche
0,5,0,noche
0,3,0,noche
0,-12,0,noche
0,3,0,noche
0,-3,0,noche
0,9,0,noche
0,2,0,noche
0,-4,0,noche
0,-9,0,noche
0,0,0,noche
0,-2,0,noche
0,1,0,noche
0,8,0,noche
0,3,0,noche
0,3,0,noche
0,8,0,noche
0,11,0,noche
0,33,1,noche
0,1,0,noche
0,2,0,noche
0,-4,0,noche
0,-1,0,noche
0,-3,0,noche
0,-4,0,noche
0,-6,0,noche
0,-2,0,noche
0,26,1,noche
0,-7,0,noche
0,2,0,noche
0,0,0,noche
0,-2,0,noche
0,0,0,noche
0,7,0,noche
0,5,0,noche
0,-7,0,noche
0,3,0,noche
0,-10,0,noche
0,-5,0,noche
0,-10,0,noche
0,-6,0,noche
0,-14,0,noche
0,-2,0,noche
0,-12,0,noche
0,-1,0,noche
0,-6,0,noche
0,-3,0,noche
0,-1,0,noche
0,-10,0,noche
0,3,0,noche
0,-1,0,noche
0,2,0,noche
0,8,0,noche
0,3,0,noche
0,-2,0,noche
0,8,0,noche
0,0,0,noche
0,-4,0,noche
0,-9,0,noche
0,-2,0,noche
0,-3,0,noche
0,-1,0,noche
0,-5,0,noche
0,-8,0,noche
0,-9,0,noche
0,-1,0,noche
0,-6,0,noche
0,-5,0,noche
0,-12,0,noche
0,-4,0,noche
0,-2,0,noche
0,10,0,noche
0,-1,0,noche
0,-7,0,noche
0,-8,0,noche
0,-11,0,mañana
0,-9,0,mañana
0,-13,0,mañana
0,0,0,mañana
0,-11,0,mañana
0,-11,0,mañana
0,-1,0,mañana
0,-11,0,mañana
0,-7,0,mañana
0,-12,0,mañana
0,5,0,mañana
0,-7,0,mañana
0,-11,0,mañana
0,-12,0,mañana
0,-4,0,mañana
0,-8,0,mañana
0,10,0,tarde
0,24,1,tarde
0,14,0,tarde
0,6,0,tarde
0,25,1,tarde
0,7,0,tarde
0,9,0,tarde
0,19,1,tarde
0,33,1,tarde
0,34,1,tarde
0,34,1,tarde
0,24,1,tarde
0,20,1,tarde
0,18,1,tarde
0,20,1,tarde
0,56,1,tarde
0,33,1,tarde
0,39,1,tarde
0,37,1,tarde
0,35,1,tarde
0,7,0,tarde
0,46,1,tarde
0,17,1,tarde
0,29,1,tarde
0,36,1,tarde
0,39,1,tarde
0,7,0,tarde
0,9,0,tarde
0,36,1,tarde
0,3,0,tarde
0,35,1,tarde
0,7,0,tarde
0,-6,0,tarde
0,0,0,tarde
0,-8,0,tarde
0,0,0,tarde
0,-6,0,tarde
0,-1,0,tarde
0,-5,0,tarde
0,4,0,tarde
0,4,0,tarde
0,6,0,tarde
0,-2,0,tarde
0,30,1,tarde
0,-7,0,mañana
0,0,0,mañana
0,14,0,mañana
0,-1,0,mañana
0,9,0,mañana
0,-1,0,mañana
0,50,1,mañana
0,11,0,mañana
0,12,0,mañana
0,4,0,mañana
0,-4,0,mañana
0,35,1,mañana
0,2,0,mañana
0,7,0,mañana
0,-3,0,mañana
0,-3,0,mañana
0,1,0,mañana
0,0,0,mañana
0,-10,0,mañana
0,-12,0,mañana
0,-5,0,mañana
0,-9,0,mañana
0,-3,0,mañana
0,-12,0,mañana
0,-12,0,mañana
0,-11,0,mañana
0,-10,0,mañana
0,-3,0,mañana
0,-9,0,mañana
0,-8,0,mañana
0,-10,0,mañana
0,-7,0,mañana
0,-14,0,mañana
0,-3,0,mañana
0,123,1,mañana
0,-3,0,mañana
0,-2,0,tarde
0,8,0,tarde
0,6,0,tarde
0,5,0,tarde
0,6,0,tarde
0,9,0,tarde
0,19,1,tarde
0,9,0,tarde
0,-5,0,tarde
0,9,0,tarde
0,21,1,tarde
0,15,0,tarde
0,28,1,tarde
0,-8,0,mañana
0,-4,0,mañana
0,-5,0,mañana
0,-10,0,mañana
0,-1,0,mañana
0,1,0,mañana
0,-6,0,mañana
0,2,0,mañana
0,-3,0,mañana
0,4,0,mañana
0,-5,0,mañana
0,-2,0,mañana
0,6,0,mañana
0,17,1,mañana
0,15,0,mañana
0,-2,0,mañana
0,1,0,mañana
0,11,0,mañana
0,21,1,mañana
0,5,0,mañana
0,34,1,mañana
0,-6,0,mañana
0,-1,0,mañana
0,-5,0,mañana
0,-4,0,mañana
0,6,0,mañana
0,2,0,mañana
0,-7,0,mañana
0,3,0,mañana
0,-1,0,mañana
0,20,1,mañana
0,-6,0,noche
0,-9,0,noche
0,-10,0,noche
0,-9,0,noche
0,-7,0,noche
0,-9,0,noche
0,-9,0,noche
0,-13,0,noche
0,-13,0,noche
0,-13,0,noche
0,-12,0,noche
0,-5,0,noche
0,-9,0,noche
0,-9,0,noche
0,2,0,noche
0,-14,0,noche
0,14,0,noche
0,0,0,noche
0,-4,0,noche
0,-10,0,noche
0,-6,0,noche
0,-12,0,noche
0,-10,0,noche
0,-10,0,noche
0,-10,0,noche
0,-5,0,noche
0,-14,0,noche
0,-7,0,noche
0,-6,0,noche
0,-6,0,tarde
0,-7,0,tarde
0,9,0,tarde
0,0,0,tarde
0,10,0,tarde
0,0,0,tarde
0,60,1,tarde
0,21,1,tarde
0,24,1,tarde
0,-3,0,tarde
0,41,1,tarde
0,23,1,tarde
0,-1,0,tarde
0,9,0,tarde
0,8,0,tarde
0,38,1,tarde
0,12,0,tarde
0,109,1,tarde
0,-1,0,tarde
0,-3,0,tarde
0,-3,0,tarde
0,12,0,tarde
0,19,1,mañana
0,10,0,mañana
0,-1,0,mañana
0,5,0,mañana
0,8,0,mañana
0,-2,0,tarde
0,-3,0,tarde
0,6,0,tarde
0,14,0,tarde
0,7,0,tarde
0,7,0,tarde
0,15,0,tarde
0,12,0,tarde
0,-4,0,tarde
0,14,0,tarde
0,1,0,tarde
0,15,0,tarde
0,2,0,tarde
0,4,0,tarde
0,25,1,tarde
0,-4,0,tarde
0,40,1,tarde
0,37,1,tarde
0,21,1,tarde
0,5,0,tarde
0,10,0,tarde
0,6,0,tarde
0,-2,0,tarde
0,8,0,tarde
0,0,0,tarde
0,7,0,tarde
0,-1,0,tarde
0,-3,0,tarde
0,5,0,tarde
0,5,0,mañana
0,-4,0,mañana
0,-5,0,mañana
0,2,0,mañana
0,3,0,mañana
0,13,0,mañana
0,6,0,mañana
0,5,0,mañana
0,-3,0,mañana
0,31,1,mañana
0,6,0,mañana
0,-4,0,mañana
0,-1,0,mañana
0,49,1,noche
0,13,0,noche
0,-1,0,noche
0,2,0,noche
0,21,1,noche
0,0,0,noche
0,16,1,noche
0,8,0,noche
0,18,1,noche
0,13,0,noche
0,13,0,noche
0,106,1,noche
0,7,0,noche
0,12,0,noche
0,5,0,noche
0,10,0,noche
0,-1,0,noche
0,10,0,noche
0,58,1,noche
0,46,1,noche
0,9,0,noche
0,7,0,noche
0,23,1,noche
0,-1,0,noche
0,6,0,noche
0,55,1,noche
0,23,1,noche
0,50,1,noche
0,32,1,noche
0,24,1,noche
0,0,0,noche
0,5,0,tarde
0,9,0,tarde
0,17,1,tarde
0,16,1,tarde
0,11,0,tarde
0,22,1,tarde
0,27,1,tarde
0,74,1,tarde
0,17,1,tarde
0,8,0,tarde
0,9,0,tarde
0,11,0,tarde
0,12,0,tarde
0,-4,0,tarde
0,11,0,tarde
0,-5,0,tarde
0,0,0,tarde
0,22,1,tarde
0,-2,0,tarde
0,-2,0,tarde
0,-7,0,tarde
0,-5,0,tarde
0,3,0,tarde
0,-4,0,tarde
0,10,0,tarde
0,-1,0,tarde
0,0,0,tarde
0,2,0,tarde
0,7,0,tarde
0,-3,0,tarde
0,5,0,tarde
0,4,0,tarde
0,5,0,tarde
0,-2,0,tarde
0,13,0,tarde
0,0,0,tarde
0,4,0,tarde
0,8,0,tarde
0,10,0,tarde
0,13,0,tarde
0,6,0,mañana
0,5,0,mañana
0,2,0,mañana
0,8,0,mañana
0,0,0,mañana
0,22,1,mañana
0,9,0,mañana
0,-2,0,mañana
0,10,0,mañana
0,9,0,mañana
0,14,0,mañana
0,7,0,mañana
0,21,1,mañana
0,5,0,mañana
0,37,1,mañana
0,7,0,mañana
0,25,1,mañana
0,12,0,mañana
0,6,0,mañana
0,8,0,mañana
0,21,1,mañana
0,3,0,mañana
0,13,0,mañana
0,11,0,mañana
0,11,0,mañana
0,5,0,mañana
0,9,0,mañana
0,9,0,mañana
0,8,0,mañana
0,75,1,mañana
0,18,1,mañana
0,16,1,tarde
0,13,0,tarde
0,-1,0,tarde
0,4,0,tarde
0,17,1,tarde
0,24,1,tarde
0,5,0,tarde
0,10,0,tarde
0,15,0,tarde
0,23,1,tarde
0,19,1,tarde
0,26,1,tarde
0,16,1,tarde
0,13,0,tarde
0,12,0,tarde
0,-4,0,tarde
0,14,0,tarde
0,8,0,tarde
0,50,1,tarde
0,84,1,tarde
0,19,1,tarde
0,23,1,tarde
0,27,1,tarde
0,75,1,tarde
0,60,1,tarde
0,3,0,tarde
0,20,1,tarde
0,44,1,tarde
0,10,0,tarde
0,6,0,tarde
0,8,0,mañana
0,-4,0,mañana
0,-1,0,mañana
0,5,0,mañana
0,0,0,mañana
0,-3,0,mañana
0,4,0,mañana
0,0,0,mañana
0,1,0,mañana
0,6,0,mañana
0,13,0,mañana
0,13,0,mañana
0,3,0,mañana
0,11,0,mañana
0,27,1,mañana
0,-6,0,mañana
0,2,0,mañana
0,29,1,mañana
0,16,1,mañana
0,2,0,mañana
0,5,0,mañana
0,8,0,mañana
0,26,1,mañana
0,3,0,mañana
0,22,1,mañana
0,-3,0,mañana
0,4,0,mañana
0,6,0,mañana
0,14,0,mañana
0,2,0,mañana
0,19,1,mañana
0,3,0,tarde
0,49,1,tarde
0,0,0,mañana
0,-3,0,mañana
0,-2,0,mañana
0,-1,0,mañana
0,2,0,mañana
0,13,0,mañana
0,3,0,mañana
0,61,1,mañana
0,-3,0,mañana
0,9,0,mañana
0,12,0,mañana
0,31,1,mañana
0,0,0,mañana
0,-2,0,mañana
0,1,0,mañana
0,-4,0,mañana
0,-2,0,mañana
0,21,1,mañana
0,0,0,mañana
0,6,0,mañana
0,-2,0,mañana
0,6,0,mañana
0,7,0,mañana
0,32,1,mañana
0,-2,0,mañana
0,43,1,mañana
0,21,1,mañana
0,-2,0,mañana
0,-5,0,mañana
0,9,0,mañana
0,6,0,mañana
0,1,0,mañana
0,6,0,mañana
0,4,0,mañana
0,13,0,mañana
0,26,1,mañana
0,7,0,mañana
0,1,0,mañana
0,59,1,mañana
0,0,0,mañana
0,29,1,mañana
0,56,1,mañana
0,14,0,mañana
0,1,0,mañana
0,1,0,mañana
0,19,1,mañana
0,6,0,mañana
0,4,0,mañana
0,6,0,mañana
0,20,1,mañana
0,5,0,mañana
0,-3,0,mañana
0,3,0,mañana
0,0,0,mañana
0,-1,0,mañana
0,12,0,mañana
0,3,0,mañana
0,0,0,mañana
0,3,0,mañana
0,1,0,mañana
0,2,0,mañana
0,15,0,mañana
0,-8,0,mañana
0,-2,0,mañana
0,17,1,mañana
0,9,0,mañana
0,1,0,mañana
0,-3,0,mañana
0,-2,0,mañana
0,38,1,mañana
0,8,0,mañana
0,14,0,mañana
0,7,0,mañana
0,6,0,mañana
0,-3,0,mañana
0,-6,0,mañana
0,11,0,mañana
0,5,0,mañana
0,7,0,mañana
0,15,0,mañana
0,13,0,mañana
0,-6,0,mañana
0,0,0,mañana
0,11,0,mañana
0,7,0,mañana
0,8,0,mañana
0,19,1,mañana
0,4,0,mañana
0,4,0,mañana
0,-3,0,mañana
0,1,0,mañana
0,8,0,mañana
0,8,0,mañana
0,-5,0,tarde
0,3,0,tarde
0,-1,0,tarde
0,4,0,tarde
0,5,0,tarde
0,7,0,tarde
0,2,0,tarde
0,-2,0,tarde
0,-1,0,tarde
0,0,0,tarde
0,24,1,tarde
0,-6,0,tarde
0,1,0,tarde
0,-3,0,tarde
0,-2,0,mañana
0,-1,0,mañana
0,2,0,mañana
0,35,1,mañana
0,0,0,mañana
0,-1,0,mañana
0,-1,0,mañana
0,12,0,mañana
0,74,1,mañana
0,2,0,mañana
0,-1,0,mañana
0,4,0,mañana
0,7,0,mañana
0,-4,0,tarde
0,-2,0,tarde
0,7,0,tarde
0,9,0,tarde
0,6,0,tarde
0,19,1,tarde
0,43,1,tarde
0,13,0,tarde
0,5,0,tarde
0,10,0,tarde
0,59,1,tarde
0,0,0,tarde
0,18,1,tarde
0,44,1,tarde
0,-2,0,tarde
0,9,0,tarde
0,19,1,tarde
0,-3,0,tarde
0,-1,0,tarde
0,15,0,tarde
0,101,1,tarde
0,4,0,tarde
0,60,1,tarde
0,-2,0,tarde
0,-3,0,tarde
0,-1,0,tarde
0,13,0,tarde
0,-1,0,mañana
0,16,1,mañana
0,5,0,mañana
0,10,0,mañana
0,0,0,mañana
0,20,1,mañana
0,-2,0,mañana
0,83,1,mañana
0,-5,0,mañana
0,0,0,tarde
0,-2,0,tarde
0,7,0,tarde
0,5,0,tarde
0,8,0,tarde
0,-2,0,tarde
0,46,1,tarde
0,4,0,tarde
0,0,0,tarde
0,13,0,tarde
0,6,0,tarde
0,-2,0,tarde
0,22,1,tarde
0,34,1,tarde
0,5,0,tarde
0,11,0,tarde
0,7,0,tarde
0,-2,0,tarde
0,-1,0,tarde
0,4,0,tarde
0,50,1,tarde
0,44,1,tarde
0,6,0,tarde
0,1,0,tarde
0,3,0,tarde
0,5,0,tarde
0,-4,0,mañana
0,3,0,mañana
0,0,0,mañana
0,1,0,mañana
0,0,0,mañana
0,-3,0,mañana
0,0,0,mañana
0,54,1,mañana
0,-4,0,mañana
0,7,0,mañana
0,33,1,mañana
0,158,1,mañana
0,0,0,mañana
0,-3,0,mañana
0,15,0,mañana
0,2,0,mañana
0,0,0,mañana
0,-2,0,mañana
0,6,0,mañana
0,-3,0,mañana
0,-3,0,mañana
0,-2,0,mañana
0,5,0,mañana
0,-3,0,mañana
0,15,0,mañana
0,-1,0,mañana
0,3,0,mañana
0,2,0,mañana
0,8,0,mañana
0,12,0,mañana
0,-1,0,mañana
0,3,0,mañana
0,-1,0,tarde
0,5,0,tarde
0,3,0,tarde
0,-2,0,tarde
0,44,1,mañana
0,-3,0,tarde
0,3,0,tarde
0,-2,0,tarde
0,-4,0,tarde
0,10,0,mañana
0,100,1,tarde
0,4,0,tarde
0,3,0,tarde
0,-4,0,tarde
0,5,0,mañana
0,14,0,tarde
0,3,0,tarde
0,-1,0,tarde
0,-1,0,tarde
0,8,0,mañana
0,-5,0,tarde
0,1,0,tarde
0,1,0,tarde
0,17,1,tarde
0,12,0,tarde
0,9,0,tarde
0,27,1,tarde
0,15,0,tarde
0,6,0,tarde
0,16,1,tarde
0,120,1,tarde
0,12,0,tarde
0,4,0,tarde
0,0,0,tarde
0,11,0,tarde
0,19,1,tarde
0,22,1,tarde
0,17,1,tarde
0,-1,0,tarde
0,12,0,tarde
0,26,1,tarde
0,20,1,tarde
0,36,1,tarde
0,19,1,tarde
0,13,0,tarde
0,2,0,tarde
0,8,0,tarde
0,3,0,tarde
0,-3,0,mañana
0,21,1,mañana
0,12,0,mañana
0,17,1,mañana
0,-2,0,mañana
0,-2,0,mañana
0,32,1,mañana
0,0,0,mañana
0,13,0,mañana
0,0,0,mañana
0,21,1,mañana
0,-3,0,mañana
0,1,0,mañana
0,40,1,mañana
0,7,0,mañana
0,5,0,mañana
0,0,0,mañana
0,5,0,mañana
0,-1,0,mañana
0,-1,0,mañana
0,6,0,mañana
0,-1,0,mañana
0,-3,0,mañana
0,0,0,mañana
0,3,0,mañana
0,-3,0,mañana
0,-3,0,mañana
0,1,0,mañana
0,-2,0,mañana
0,7,0,mañana
0,5,0,mañana
0,-2,0,mañana
0,-1,0,mañana
0,32,1,mañana
0,14,0,mañana
0,-1,0,mañana
0,39,1,mañana
0,-4,0,mañana
0,16,1,mañana
0,3,0,mañana
0,-2,0,mañana
0,-4,0,mañana
0,10,0,mañana
0,-2,0,mañana
0,-6,0,mañana
0,26,1,mañana
0,3,0,mañana
0,3,0,mañana
0,12,0,mañana
0,-5,0,mañana
0,-8,0,mañana
0,48,1,mañana
0,-1,0,mañana
0,-3,0,mañana
0,8,0,mañana
0,25,1,mañana
0,-1,0,mañana
0,-6,0,tarde
0,3,0,tarde
0,0,0,tarde
0,3,0,tarde
0,4,0,tarde
0,-4,0,tarde
0,0,0,tarde
0,8,0,tarde
0,-2,0,tarde
0,-2,0,tarde
0,3,0,tarde
0,-1,0,tarde
0,-2,0,tarde
0,0,0,noche
0,5,0,noche
0,2,0,noche
0,-2,0,noche
0,106,1,noche
0,15,0,noche
0,5,0,noche
0,17,1,noche
0,13,0,noche
0,19,1,noche
0,12,0,noche
0,-3,0,noche
0,48,1,noche
0,-5,0,noche
0,-5,0,noche
0,3,0,noche
0,-3,0,noche
0,-5,0,noche
0,-5,0,noche
0,5,0,noche
0,11,0,noche
0,0,0,noche
0,-1,0,noche
0,-1,0,noche
0,5,0,noche
0,-4,0,noche
0,3,0,noche
0,-2,0,tarde
0,7,0,tarde
0,13,0,tarde
0,15,0,tarde
0,-2,0,mañana
0,-4,0,mañana
0,9,0,mañana
0,3,0,mañana
0,5,0,mañana
0,6,0,mañana
0,15,0,mañana
0,26,1,mañana
0,23,1,mañana
0,35,1,mañana
0,8,0,mañana
0,-5,0,mañana
0,88,1,mañana
0,31,1,mañana
0,-1,0,mañana
0,7,0,mañana
0,23,1,mañana
0,-5,0,mañana
0,6,0,mañana
0,-3,0,mañana
0,1,0,mañana
0,-3,0,mañana
0,28,1,mañana
0,-5,0,mañana
0,18,1,mañana
0,39,1,mañana
0,-1,0,mañana
0,5,0,tarde
0,-2,0,tarde
0,-2,0,tarde
0,3,0,tarde
0,-3,0,tarde
0,-2,0,tarde
0,1,0,tarde
0,1,0,tarde
0,4,0,tarde
0,49,1,tarde
0,54,1,tarde
0,-1,0,tarde
0,83,1,tarde
0,1,0,tarde
0,-3,0,tarde
0,1,0,tarde
0,9,0,tarde
0,0,0,tarde
0,0,0,tarde
0,2,0,tarde
0,2,0,tarde
0,-1,0,tarde
0,-1,0,tarde
0,-6,0,tarde
0,-2,0,tarde
0,4,0,tarde
0,1,0,tarde
0,0,0,mañana
0,11,0,mañana
0,0,0,mañana
0,-6,0,tarde
0,17,1,mañana
0,30,1,mañana
0,30,1,mañana
0,0,0,mañana
0,2,0,tarde
0,43,1,mañana
0,28,1,mañana
0,0,0,mañana
0,0,0,mañana
0,3,0,mañana
0,1,0,mañana
0,1,0,mañana
0,-4,0,mañana
0,3,0,mañana
0,16,1,mañana
0,0,0,mañana
0,20,1,mañana
0,3,0,mañana
0,-1,0,noche
0,7,0,noche
0,41,1,noche
0,8,0,noche
0,-2,0,noche
0,6,0,noche
0,6,0,noche
0,3,0,noche
0,-6,0,noche
0,7,0,noche
0,0,0,noche
0,-2,0,noche
0,3,0,noche
0,148,1,noche
0,-3,0,noche
0,1,0,noche
0,9,0,noche
0,5,0,noche
0,-1,0,noche
0,-3,0,noche
0,-4,0,noche
0,9,0,noche
0,-3,0,noche
0,-7,0,noche
0,-4,0,noche
0,-3,0,noche
0,6,0,noche
0,-2,0,mañana
0,-3,0,mañana
0,16,1,mañana
0,13,0,mañana
0,3,0,mañana
0,-5,0,mañana
0,-4,0,mañana
0,44,1,mañana
0,14,0,mañana
0,30,1,mañana
0,36,1,mañana
0,16,1,mañana
0,0,0,mañana
0,-1,0,mañana
0,32,1,mañana
0,22,1,mañana
0,11,0,mañana
0,3,0,mañana
0,8,0,mañana
0,-2,0,mañana
0,-1,0,mañana
0,6,0,mañana
0,9,0,mañana
0,3,0,mañana
0,-2,0,mañana
0,22,1,mañana
0,-1,0,mañana
0,2,0,mañana
0,1,0,mañana
0,1,0,mañana
0,8,0,mañana
0,-2,0,tarde
0,-3,0,tarde
0,-8,0,tarde
0,4,0,tarde
0,-2,0,tarde
0,3,0,tarde
0,8,0,tarde
0,1,0,tarde
0,-1,0,tarde
0,12,0,tarde
0,3,0,tarde
0,-2,0,tarde
0,-4,0,tarde
0,-2,0,tarde
0,-1,0,tarde
0,0,0,tarde
0,0,0,tarde
0,-1,0,tarde
0,-1,0,tarde
0,10,0,tarde
0,4,0,tarde
0,3,0,tarde
0,16,1,tarde
0,-3,0,tarde
0,-4,0,tarde
0,-2,0,tarde
0,-2,0,tarde
0,-3,0,mañana
0,41,1,mañana
0,0,0,mañana
0,-2,0,mañana
0,-7,0,mañana
0,-8,0,tarde
0,-2,0,tarde
0,1,0,tarde
0,1,0,tarde
0,91,1,tarde
0,4,0,tarde
0,14,0,tarde
0,18,1,tarde
0,33,1,tarde
0,13,0,tarde
0,8,0,tarde
0,17,1,tarde
0,-3,0,tarde
0,-4,0,tarde
0,38,1,tarde
0,-1,0,tarde
0,-3,0,tarde
0,-7,0,tarde
0,1,0,tarde
0,-4,0,tarde
0,0,0,tarde
0,0,0,tarde
0,-1,0,tarde
0,-2,0,tarde
0,-3,0,tarde
0,4,0,tarde
0,15,0,tarde
0,-2,0,tarde
0,1,0,tarde
0,11,0,tarde
0,-3,0,tarde
0,14,0,tarde
0,-1,0,tarde
0,28,1,tarde
0,-2,0,tarde
0,-2,0,tarde
0,-2,0,tarde
0,6,0,tarde
0,-4,0,tarde
0,0,0,noche
0,-3,0,noche
0,16,1,noche
0,5,0,noche
0,128,1,noche
0,0,0,noche
0,114,1,noche
0,-1,0,noche
0,15,0,noche
0,15,0,noche
0,47,1,noche
0,14,0,noche
0,-3,0,noche
0,-2,0,mañana
0,-3,0,mañana
0,0,0,mañana
0,20,1,mañana
0,23,1,mañana
0,4,0,mañana
0,5,0,mañana
0,38,1,mañana
0,0,0,mañana
0,14,0,mañana
0,3,0,mañana
0,-1,0,mañana
0,2,0,mañana
0,-1,0,mañana
0,21,1,mañana
0,8,0,mañana
0,2,0,mañana
0,3,0,mañana
0,1,0,mañana
0,8,0,mañana
0,-7,0,mañana
0,2,0,mañana
0,0,0,mañana
0,2,0,mañana
0,1,0,mañana
0,6,0,mañana
0,-4,0,mañana
0,1,0,mañana
0,3,0,mañana
0,10,0,mañana
0,-1,0,mañana
0,-6,0,mañana
0,1,0,mañana
0,3,0,mañana
0,-1,0,mañana
0,0,0,mañana
0,6,0,mañana
0,19,1,mañana
0,12,0,mañana
0,15,0,mañana
0,-3,0,mañana
0,11,0,mañana
0,3,0,mañana
0,48,1,mañana
0,-4,0,mañana
0,0,0,mañana
0,-4,0,mañana
0,4,0,mañana
0,-3,0,mañana
0,2,0,mañana
0,0,0,mañana
0,-2,0,mañana
0,3,0,mañana
0,5,0,mañana
0,-1,0,mañana
0,-2,0,mañana
0,35,1,mañana
0,-2,0,mañana
0,-6,0,tarde
0,-3,0,tarde
0,13,0,tarde
0,7,0,tarde
0,5,0,tarde
0,0,0,tarde
0,0,0,tarde
0,21,1,tarde
0,0,0,tarde
0,-2,0,tarde
0,-2,0,tarde
0,-2,0,tarde
0,9,0,tarde
0,-4,0,tarde
0,0,0,tarde
0,137,1,tarde
0,54,1,tarde
0,0,0,tarde
0,0,0,tarde
0,1,0,tarde
0,15,0,tarde
0,1,0,tarde
0,-3,0,tarde
0,-3,0,tarde
0,55,1,tarde
0,-5,0,tarde
0,19,1,tarde
0,-6,0,tarde
0,1,0,tarde
0,-1,0,tarde
0,8,0,tarde
0,-2,0,tarde
0,4,0,tarde
0,-1,0,tarde
0,13,0,tarde
0,4,0,tarde
0,1,0,tarde
0,-6,0,tarde
0,-1,0,tarde
0,-4,0,tarde
0,-4,0,tarde
0,5,0,tarde
0,-5,0,tarde
0,0,0,tarde
0,-4,0,tarde
0,-4,0,tarde
0,2,0,tarde
0,12,0,tarde
0,17,1,tarde
0,-11,0,tarde
0,2,0,tarde
0,14,0,tarde
0,-2,0,tarde
0,91,1,tarde
0,4,0,tarde
0,-4,0,tarde
0,-3,0,tarde
0,1,0,tarde
0,-5,0,tarde
0,-5,0,tarde
0,-4,0,tarde
0,-3,0,mañana
0,-2,0,mañana
0,1,0,mañana
0,1,0,mañana
0,0,0,mañana
0,1,0,mañana
0,1,0,mañana
0,5,0,mañana
0,10,0,mañana
0,17,1,mañana
0,1,0,mañana
0,-2,0,mañana
0,-3,0,mañana
0,-4,0,mañana
0,-1,0,mañana
0,-3,0,mañana
0,1,0,mañana
0,10,0,mañana
0,-5,0,mañana
0,7,0,mañana
0,-3,0,mañana
0,-2,0,mañana
0,2,0,mañana
0,0,0,mañana
0,5,0,mañana
0,-6,0,mañana
0,0,0,mañana
0,2,0,mañana
0,0,0,mañana
0,0,0,mañana
0,-2,0,mañana
0,13,0,mañana
0,2,0,mañana
0,4,0,mañana
0,8,0,mañana
0,6,0,mañana
0,14,0,mañana
0,3,0,mañana
0,45,1,mañana
0,1,0,mañana
0,15,0,mañana
0,45,1,mañana
0,141,1,mañana
0,-2,0,mañana
0,-2,0,mañana
0,6,0,mañana
0,2,0,mañana
0,-1,0,mañana
0,38,1,mañana
0,19,1,mañana
0,1,0,mañana
0,1,0,mañana
0,11,0,mañana
0,7,0,mañana
0,14,0,mañana
0,21,1,mañana
0,1,0,mañana
0,2,0,mañana
0,0,0,mañana
0,5,0,mañana
0,14,0,mañana
0,0,0,mañana
0,-5,0,noche
0,-1,0,noche
0,0,0,noche
0,21,1,noche
0,22,1,noche
0,5,0,noche
0,7,0,noche
0,9,0,noche
0,1,0,noche
0,27,1,noche
0,26,1,noche
0,-3,0,noche
0,9,0,noche
0,23,1,noche
0,13,0,noche
0,16,1,noche
0,17,1,noche
0,-2,0,noche
0,5,0,noche
0,-3,0,noche
0,33,1,noche
0,15,0,noche
0,25,1,noche
0,2,0,noche
0,-2,0,noche
0,-4,0,noche
0,2,0,noche
0,17,1,tarde
0,4,0,tarde
0,4,0,tarde
0,18,1,tarde
0,0,0,noche
0,0,0,noche
0,-2,0,noche
0,-1,0,noche
0,5,0,noche
0,0,0,noche
0,-4,0,noche
0,15,0,noche
0,-1,0,mañana
0,1,0,mañana
0,-1,0,mañana
0,6,0,mañana
0,0,0,mañana
0,-5,0,mañana
0,0,0,mañana
0,16,1,mañana
0,13,0,mañana
0,1,0,mañana
0,5,0,mañana
0,0,0,mañana
0,-5,0,mañana
0,4,0,mañana
0,-2,0,mañana
0,-5,0,mañana
0,0,0,mañana
0,5,0,mañana
0,12,0,mañana
0,-4,0,mañana
0,5,0,mañana
0,-2,0,mañana
0,-4,0,mañana
0,2,0,mañana
0,-2,0,mañana
0,-3,0,mañana
0,0,0,mañana
0,-2,0,mañana
0,0,0,mañana
0,-3,0,mañana
0,-3,0,mañana
0,-1,0,tarde
0,4,0,tarde
0,22,1,tarde
0,21,1,tarde
0,40,1,tarde
0,0,0,tarde
0,8,0,tarde
0,-2,0,tarde
0,10,0,tarde
0,-1,0,tarde
0,1,0,tarde
0,2,0,tarde
0,-2,0,tarde
0,0,0,tarde
0,11,0,tarde
0,0,0,tarde
0,-1,0,tarde
0,-2,0,noche
0,-1,0,noche
0,-2,0,noche
0,3,0,noche
0,-6,0,noche
0,1,0,noche
0,-3,0,noche
0,10,0,noche
0,10,0,noche
0,61,1,noche
0,53,1,noche
0,4,0,noche
0,23,1,noche
0,-4,0,noche
0,10,0,noche
0,1,0,noche
0,11,0,noche
0,-1,0,noche
0,-1,0,noche
0,0,0,noche
0,1,0,noche
0,7,0,noche
0,0,0,noche
0,8,0,noche
0,1,0,noche
0,8,0,noche
0,-2,0,noche
0,47,1,tarde
0,75,1,tarde
0,-1,0,tarde
0,4,0,tarde
0,-2,0,mañana
0,-1,0,mañana
0,3,0,mañana
0,10,0,mañana
0,10,0,mañana
0,-4,0,mañana
0,5,0,mañana
0,29,1,mañana
0,23,1,mañana
0,30,1,mañana
0,4,0,mañana
0,18,1,mañana
0,0,0,mañana
0,4,0,mañana
0,40,1,mañana
0,32,1,mañana
0,1,0,mañana
0,-2,0,mañana
0,11,0,mañana
0,1,0,mañana
0,0,0,mañana
0,8,0,mañana
0,8,0,mañana
0,4,0,mañana
0,1,0,mañana
0,27,1,mañana
0,6,0,mañana
0,0,0,mañana
0,6,0,mañana
0,5,0,mañana
0,22,1,mañana
0,-7,0,tarde
0,-3,0,tarde
0,5,0,tarde
0,-4,0,tarde
0,-1,0,tarde
0,1,0,tarde
0,-7,0,tarde
0,5,0,tarde
0,45,1,tarde
0,23,1,tarde
0,27,1,tarde
0,2,0,tarde
0,-5,0,tarde
0,7,0,tarde
0,67,1,tarde
0,27,1,tarde
0,0,0,tarde
0,10,0,tarde
0,2,0,tarde
0,4,0,tarde
0,-6,0,tarde
0,18,1,tarde
0,11,0,tarde
0,2,0,tarde
0,27,1,tarde
0,16,1,tarde
0,1,0,tarde
0,15,0,tarde
0,12,0,tarde
0,32,1,tarde
0,8,0,tarde
0,-4,0,tarde
0,-4,0,tarde
0,-6,0,tarde
0,1,0,tarde
0,13,0,tarde
0,14,0,tarde
0,-1,0,tarde
0,-4,0,tarde
0,42,1,tarde
0,44,1,tarde
0,1,0,tarde
0,5,0,tarde
0,18,1,tarde
0,12,0,tarde
0,23,1,tarde
0,-1,0,tarde
0,3,0,tarde
0,5,0,tarde
0,18,1,tarde
0,4,0,tarde
0,-1,0,tarde
0,2,0,tarde
0,8,0,tarde
0,2,0,tarde
0,8,0,tarde
0,-1,0,tarde
0,1,0,noche
0,-4,0,tarde
0,7,0,tarde
0,10,0,tarde
0,8,0,tarde
0,9,0,tarde
0,13,0,tarde
0,5,0,tarde
0,56,1,tarde
0,26,1,tarde
0,47,1,tarde
0,11,0,tarde
0,9,0,tarde
0,79,1,tarde
0,41,1,tarde
0,7,0,tarde
0,11,0,tarde
0,13,0,tarde
0,24,1,tarde
0,45,1,tarde
0,10,0,tarde
0,12,0,tarde
0,19,1,tarde
0,17,1,tarde
0,21,1,tarde
0,8,0,tarde
0,21,1,tarde
0,-1,0,tarde
0,0,0,mañana
0,9,0,mañana
0,18,1,mañana
0,4,0,mañana
0,0,0,mañana
0,19,1,noche
0,1,0,mañana
0,3,0,mañana
0,7,0,mañana
0,3,0,mañana
0,-3,0,mañana
0,-4,0,noche
0,16,1,mañana
0,0,0,mañana
0,-1,0,mañana
0,0,0,mañana
0,-1,0,mañana
0,22,1,noche
0,0,0,mañana
0,22,1,mañana
0,7,0,mañana
0,11,0,mañana
0,7,0,mañana
0,17,1,noche
0,28,1,mañana
0,20,1,mañana
0,-4,0,tarde
0,-1,0,tarde
0,5,0,tarde
0,10,0,tarde
0,15,0,tarde
0,10,0,tarde
0,9,0,tarde
0,7,0,tarde
0,-2,0,tarde
0,21,1,tarde
0,16,1,tarde
0,0,0,tarde
0,0,0,tarde
0,8,0,tarde
0,17,1,tarde
0,11,0,tarde
0,-2,0,tarde
0,0,0,tarde
0,2,0,tarde
0,-6,0,tarde
0,5,0,tarde
0,6,0,tarde
0,-2,0,tarde
0,-2,0,tarde
0,35,1,tarde
0,3,0,tarde
0,-3,0,tarde
0,-2,0,tarde
0,-1,0,tarde
0,7,0,tarde
0,0,0,mañana
0,0,0,mañana
0,24,1,mañana
0,11,0,mañana
0,9,0,mañana
0,6,0,mañana
0,0,0,mañana
0,31,1,mañana
0,6,0,mañana
0,18,1,mañana
0,21,1,mañana
0,2,0,mañana
0,25,1,mañana
0,2,0,mañana
0,-1,0,mañana
0,0,0,mañana
0,2,0,mañana
0,12,0,mañana
0,3,0,mañana
0,5,0,mañana
0,5,0,mañana
0,8,0,mañana
0,-2,0,mañana
0,-3,0,mañana
0,35,1,mañana
0,-1,0,mañana
0,8,0,mañana
0,0,0,mañana
0,10,0,mañana
0,-1,0,mañana
0,-2,0,mañana
0,13,0,tarde
0,13,0,noche
0,36,1,mañana
0,-2,0,mañana
0,3,0,mañana
0,4,0,mañana
0,2,0,mañana
0,9,0,mañana
0,-1,0,mañana
0,20,1,mañana
0,3,0,mañana
0,2,0,mañana
0,4,0,mañana
0,-3,0,tarde
0,0,0,tarde
0,9,0,mañana
0,5,0,tarde
0,4,0,mañana
0,5,0,tarde
0,2,0,mañana
0,-5,0,tarde
0,4,0,tarde
0,-10,0,tarde
0,9,0,tarde
0,1,0,tarde
0,0,0,noche
0,-11,0,mañana
0,18,1,mañana
0,-4,0,tarde
0,4,0,tarde
0,1,0,mañana
0,-1,0,mañana
0,3,0,tarde
0,0,0,tarde
0,6,0,mañana
0,-4,0,mañana
0,1,0,tarde
0,14,0,tarde
0,51,1,mañana
0,3,0,mañana
0,3,0,tarde
0,0,0,tarde
0,4,0,mañana
0,0,0,mañana
0,5,0,tarde
0,2,0,tarde
0,2,0,tarde
0,0,0,tarde
0,15,0,tarde
0,-1,0,tarde
0,2,0,noche
0,1,0,noche
0,0,0,noche
0,0,0,noche
0,19,1,noche
0,14,0,noche
0,8,0,noche
0,17,1,noche
0,9,0,noche
0,5,0,noche
0,8,0,noche
0,12,0,noche
0,-3,0,noche
0,4,0,noche
0,-1,0,noche
0,12,0,noche
0,6,0,noche
0,-1,0,mañana
0,9,0,mañana
0,13,0,mañana
0,6,0,mañana
0,-4,0,mañana
0,5,0,mañana
0,5,0,mañana
0,1,0,mañana
0,21,1,mañana
0,18,1,mañana
0,-1,0,mañana
0,2,0,mañana
0,117,1,mañana
0,0,0,mañana
0,-1,0,mañana
0,0,0,mañana
0,0,0,mañana
0,9,0,mañana
0,2,0,mañana
0,0,0,mañana
0,2,0,mañana
0,1,0,mañana
0,0,0,mañana
0,0,0,mañana
0,-3,0,mañana
0,1,0,mañana
0,-3,0,mañana
0,3,0,mañana
0,20,1,mañana
0,9,0,mañana
0,10,0,noche
0,-6,0,tarde
0,12,0,tarde
0,0,0,tarde
0,0,0,tarde
0,-4,0,noche
0,1,0,tarde
0,7,0,tarde
0,3,0,tarde
0,13,0,tarde
0,-3,0,noche
0,30,1,tarde
0,7,0,tarde
0,12,0,tarde
0,4,0,tarde
0,0,0,noche
0,-6,0,tarde
0,0,0,tarde
0,2,0,tarde
0,1,0,tarde
0,15,0,noche
0,-1,0,tarde
0,3,0,tarde
0,1,0,mañana
0,-5,0,mañana
0,1,0,mañana
0,0,0,mañana
0,5,0,noche
0,-4,0,mañana
0,-5,0,mañana
0,4,0,mañana
0,2,0,mañana
0,5,0,noche
0,1,0,mañana
0,8,0,mañana
0,0,0,mañana
0,-3,0,mañana
0,6,0,mañana
0,0,0,noche
0,0,0,mañana
0,-3,0,mañana
0,6,0,mañana
0,1,0,mañana
0,4,0,noche
0,27,1,mañana
0,-4,0,mañana
0,-2,0,mañana
0,5,0,mañana
0,1,0,mañana
0,18,1,mañana
0,-3,0,mañana
0,2,0,mañana
0,-2,0,mañana
0,14,0,mañana
0,27,1,mañana
0,-4,0,tarde
0,0,0,tarde
0,2,0,mañana
0,0,0,mañana
0,0,0,mañana
0,-1,0,mañana
0,-1,0,tarde
0,3,0,tarde
0,18,1,mañana
0,2,0,mañana
0,5,0,mañana
0,-1,0,tarde
0,0,0,tarde
0,18,1,tarde
0,2,0,mañana
0,2,0,mañana
0,8,0,mañana
0,1,0,mañana
0,3,0,tarde
0,8,0,tarde
0,-1,0,mañana
0,8,0,mañana
0,1,0,mañana
0,-1,0,mañana
0,-2,0,tarde
0,0,0,tarde
0,-3,0,mañana
0,2,0,mañana
0,-2,0,mañana
0,-2,0,mañana
0,3,0,mañana
0,-4,0,mañana
0,2,0,mañana
0,4,0,mañana
0,13,0,mañana
0,3,0,mañana
0,16,1,mañana
0,0,0,mañana
0,0,0,mañana
0,-3,0,mañana
0,13,0,mañana
0,23,1,mañana
0,6,0,mañana
0,2,0,mañana
0,-2,0,mañana
0,2,0,mañana
0,4,0,mañana
0,1,0,mañana
0,0,0,mañana
0,10,0,mañana
0,0,0,mañana
0,11,0,mañana
0,13,0,mañana
0,-3,0,mañana
0,1,0,mañana
0,-3,0,mañana
0,41,1,mañana
0,16,1,mañana
0,-1,0,mañana
0,-2,0,mañana
0,8,0,mañana
0,-5,0,mañana
0,6,0,mañana
0,-2,0,mañana
0,5,0,mañana
0,-1,0,mañana
0,-1,0,mañana
0,7,0,mañana
0,-1,0,tarde
0,-6,0,tarde
0,-4,0,tarde
0,1,0,tarde
0,-2,0,tarde
0,6,0,tarde
0,3,0,tarde
0,2,0,tarde
0,-3,0,tarde
0,-4,0,mañana
0,0,0,tarde
0,3,0,tarde
0,13,0,mañana
0,1,0,tarde
0,9,0,tarde
0,-5,0,tarde
0,4,0,tarde
0,-2,0,mañana
0,2,0,tarde
0,5,0,mañana
0,4,0,tarde
0,0,0,tarde
0,2,0,mañana
0,-3,0,tarde
0,24,1,mañana
0,9,0,tarde
0,2,0,tarde
0,3,0,mañana
0,-1,0,mañana
0,34,1,tarde
0,12,0,mañana
0,11,0,tarde
0,2,0,tarde
0,1,0,mañana
0,-4,0,tarde
0,3,0,mañana
0,0,0,tarde
0,7,0,tarde
0,6,0,tarde
0,10,0,tarde
0,-4,0,tarde
0,10,0,tarde
0,-6,0,tarde
0,9,0,tarde
0,32,1,tarde
0,3,0,tarde
0,3,0,tarde
0,-1,0,tarde
0,6,0,tarde
0,6,0,tarde
0,10,0,tarde
0,10,0,tarde
0,0,0,tarde
0,-2,0,tarde
0,4,0,tarde
0,-1,0,tarde
0,9,0,tarde
0,11,0,tarde
0,-4,0,tarde
0,-1,0,tarde
0,7,0,tarde
0,1,0,tarde
0,-5,0,tarde
0,-1,0,tarde
0,-3,0,tarde
0,5,0,tarde
0,5,0,tarde
0,9,0,tarde
0,1,0,tarde
0,4,0,tarde
0,0,0,tarde
0,11,0,tarde
0,-2,0,tarde
0,1,0,tarde
0,22,1,tarde
0,0,0,tarde
0,8,0,tarde
0,5,0,tarde
0,-1,0,tarde
0,-3,0,tarde
0,8,0,tarde
0,3,0,tarde
0,-6,0,tarde
0,-1,0,tarde
0,2,0,tarde
0,-1,0,tarde
0,-4,0,tarde
0,5,0,tarde
0,2,0,tarde
0,4,0,tarde
0,5,0,tarde
0,2,0,tarde
0,4,0,tarde
0,0,0,tarde
0,4,0,noche
0,-2,0,noche
0,7,0,noche
0,0,0,noche
0,-1,0,noche
0,14,0,noche
0,-3,0,noche
0,0,0,noche
0,30,1,noche
0,2,0,noche
0,0,0,noche
0,0,0,noche
0,-2,0,noche
0,4,0,noche
0,11,0,mañana
0,0,0,mañana
0,15,0,mañana
0,0,0,mañana
0,12,0,mañana
0,1,0,mañana
0,2,0,mañana
0,0,0,mañana
0,21,1,mañana
0,2,0,mañana
0,-1,0,mañana
0,9,0,mañana
0,2,0,mañana
0,-1,0,mañana
0,-4,0,mañana
0,4,0,mañana
0,0,0,mañana
0,17,1,mañana
0,-2,0,mañana
0,11,0,mañana
0,5,0,tarde
0,-4,0,tarde
0,1,0,tarde
0,-3,0,tarde
0,84,1,tarde
0,1,0,tarde
0,-3,0,tarde
0,8,0,tarde
0,-3,0,tarde
0,-1,0,tarde
0,5,0,mañana
0,-1,0,mañana
0,-4,0,mañana
0,0,0,mañana
0,-1,0,mañana
0,2,0,mañana
0,-3,0,mañana
0,-4,0,mañana
0,1,0,mañana
0,3,0,mañana
0,-7,0,mañana
0,1,0,mañana
0,3,0,mañana
0,3,0,mañana
0,-1,0,mañana
0,1,0,mañana
0,19,1,mañana
0,23,1,mañana
0,0,0,mañana
0,5,0,mañana
0,3,0,mañana
0,2,0,mañana
0,0,0,mañana
0,-1,0,mañana
0,2,0,mañana
0,-2,0,mañana
0,49,1,mañana
0,-1,0,mañana
0,-6,0,mañana
0,-1,0,mañana
0,22,1,mañana
0,13,0,mañana
0,3,0,tarde
0,-1,0,tarde
0,-1,0,tarde
0,2,0,tarde
0,-3,0,tarde
0,3,0,tarde
0,0,0,tarde
0,10,0,tarde
0,4,0,tarde
0,-4,0,tarde
0,3,0,tarde
0,0,0,tarde
0,2,0,mañana
0,-2,0,tarde
0,5,0,tarde
0,-1,0,tarde
0,-2,0,tarde
0,-3,0,mañana
0,1,0,tarde
0,6,0,tarde
0,6,0,tarde
0,-1,0,mañana
0,1,0,tarde
0,-3,0,tarde
0,4,0,tarde
0,4,0,tarde
0,-3,0,mañana
0,4,0,tarde
0,5,0,tarde
0,2,0,tarde
0,4,0,tarde
0,2,0,tarde
0,0,0,tarde
0,-2,0,tarde
0,1,0,tarde
0,-3,0,tarde
0,-2,0,tarde
0,0,0,tarde
0,-1,0,tarde
0,5,0,tarde
0,3,0,tarde
0,-3,0,tarde
0,0,0,tarde
0,12,0,noche
0,5,0,tarde
0,-2,0,noche
0,-1,0,tarde
0,0,0,tarde
0,3,0,noche
0,-3,0,tarde
0,9,0,noche
0,-3,0,tarde
0,2,0,noche
0,0,0,tarde
0,0,0,tarde
0,-2,0,noche
0,8,0,tarde
0,0,0,noche
0,0,0,tarde
0,-1,0,noche
0,-2,0,tarde
0,-3,0,tarde
0,-1,0,noche
0,3,0,tarde
0,-2,0,noche
0,-1,0,tarde
0,0,0,noche
0,6,0,tarde
0,-3,0,tarde
0,-1,0,noche
0,2,0,tarde
0,0,0,noche
0,6,0,mañana
0,2,0,mañana
0,-1,0,mañana
0,4,0,noche
0,20,1,mañana
0,4,0,mañana
0,1,0,mañana
0,6,0,mañana
0,0,0,mañana
0,0,0,mañana
0,7,0,mañana
0,-1,0,mañana
0,12,0,mañana
0,2,0,mañana
0,5,0,mañana
0,23,1,mañana
0,3,0,mañana
0,3,0,mañana
0,1,0,mañana
0,47,1,mañana
0,9,0,mañana
0,3,0,mañana
0,3,0,mañana
0,2,0,mañana
0,2,0,mañana
0,1,0,mañana
0,10,0,mañana
0,12,0,mañana
0,13,0,mañana
0,12,0,mañana
0,-1,0,mañana
0,2,0,mañana
0,14,0,mañana
0,7,0,mañana
0,6,0,mañana
0,12,0,mañana
0,20,1,mañana
0,-1,0,mañana
0,3,0,mañana
0,2,0,mañana
0,41,1,mañana
0,5,0,mañana
0,2,0,mañana
0,4,0,mañana
0,4,0,mañana
0,12,0,mañana
0,2,0,mañana
0,16,1,mañana
0,4,0,mañana
0,0,0,mañana
0,11,0,mañana
0,1,0,mañana
0,18,1,mañana
0,-1,0,mañana
0,1,0,mañana
0,8,0,mañana
0,0,0,mañana
0,13,0,mañana
0,6,0,mañana
0,1,0,tarde
0,7,0,mañana
0,5,0,mañana
0,10,0,tarde
0,12,0,mañana
0,0,0,tarde
0,49,1,tarde
0,10,0,mañana
0,-2,0,tarde
0,7,0,tarde
0,6,0,mañana
0,3,0,mañana
0,-2,0,tarde
0,0,0,tarde
0,2,0,tarde
0,14,0,noche
0,1,0,mañana
0,3,0,tarde
0,12,0,tarde
0,7,0,tarde
0,6,0,noche
0,-6,0,mañana
0,28,1,tarde
0,11,0,tarde
0,7,0,tarde
0,4,0,noche
0,0,0,mañana
0,8,0,tarde
0,22,1,tarde
0,9,0,tarde
0,10,0,noche
0,-4,0,mañana
0,0,0,tarde
0,-2,0,tarde
0,64,1,tarde
0,11,0,noche
0,1,0,noche
0,7,0,noche
0,10,0,noche
0,16,1,noche
0,11,0,noche
0,-1,0,noche
0,0,0,noche
0,8,0,noche
0,3,0,tarde
0,10,0,tarde
0,3,0,tarde
0,7,0,tarde
0,-2,0,noche
0,2,0,tarde
0,-1,0,tarde
0,7,0,tarde
0,0,0,tarde
0,28,1,tarde
0,11,0,tarde
0,1,0,noche
0,2,0,tarde
0,0,0,tarde
0,33,1,tarde
0,1,0,tarde
0,7,0,tarde
0,11,0,tarde
0,-2,0,noche
0,9,0,tarde
0,9,0,tarde
0,17,1,tarde
0,10,0,tarde
0,22,1,tarde
0,11,0,tarde
0,-5,0,noche
0,8,0,tarde
0,-5,0,tarde
0,21,1,tarde
0,10,0,tarde
0,-3,0,noche
0,6,0,noche
0,-2,0,noche
0,4,0,noche
0,-1,0,noche
0,0,0,noche
0,8,0,noche
0,6,0,noche
0,15,0,noche
0,6,0,noche
0,3,0,noche
0,12,0,noche
0,2,0,noche
0,7,0,noche
0,1,0,noche
0,-3,0,mañana
0,1,0,mañana
0,2,0,mañana
0,3,0,mañana
0,2,0,mañana
0,-9,0,mañana
0,-2,0,mañana
0,6,0,mañana
0,16,1,mañana
0,13,0,mañana
0,20,1,noche
0,-1,0,tarde
0,2,0,mañana
0,1,0,tarde
0,3,0,noche
0,1,0,tarde
0,5,0,mañana
0,20,1,noche
0,-3,0,tarde
0,1,0,mañana
0,1,0,noche
0,11,0,noche
0,7,0,noche
0,4,0,noche
0,17,1,noche
0,15,0,noche
0,2,0,noche
0,6,0,tarde
0,3,0,noche
0,5,0,mañana
0,5,0,tarde
0,7,0,noche
0,6,0,mañana
0,-1,0,tarde
0,25,1,noche
0,5,0,mañana
0,3,0,tarde
0,4,0,noche
0,4,0,mañana
0,2,0,mañana
0,0,0,mañana
0,5,0,mañana
0,7,0,mañana
0,2,0,mañana
0,6,0,mañana
0,-1,0,mañana
0,10,0,mañana
0,6,0,mañana
0,9,0,mañana
0,17,1,mañana
0,27,1,mañana
0,8,0,mañana
0,8,0,mañana
0,2,0,mañana
0,0,0,mañana
0,25,1,mañana
0,18,1,mañana
0,23,1,mañana
0,13,0,mañana
0,-1,0,mañana
0,31,1,mañana
0,16,1,mañana
0,123,1,mañana
0,10,0,mañana
0,7,0,mañana
0,-1,0,mañana
0,2,0,mañana
0,-3,0,mañana
0,3,0,mañana
0,14,0,mañana
0,-2,0,mañana
0,34,1,mañana
0,1,0,mañana
0,-4,0,mañana
0,4,0,mañana
0,4,0,mañana
0,3,0,mañana
0,4,0,mañana
0,24,1,mañana
0,6,0,mañana
0,-3,0,mañana
0,1,0,mañana
0,12,0,mañana
0,-1,0,mañana
0,-2,0,mañana
0,-3,0,mañana
0,0,0,mañana
0,6,0,mañana
0,3,0,mañana
0,-2,0,mañana
0,5,0,mañana
0,21,1,mañana
0,13,0,mañana
0,3,0,mañana
0,0,0,mañana
0,-1,0,mañana
0,11,0,mañana
0,3,0,mañana
0,-4,0,mañana
0,-3,0,mañana
0,-3,0,mañana
0,-4,0,mañana
0,1,0,mañana
0,3,0,tarde
0,-2,0,tarde
0,-1,0,tarde
0,7,0,tarde
0,4,0,tarde
0,-3,0,tarde
0,5,0,tarde
0,-1,0,tarde
0,-4,0,tarde
0,10,0,tarde
0,1,0,tarde
0,4,0,tarde
0,-2,0,tarde
0,7,0,tarde
0,-2,0,tarde
0,1,0,tarde
0,4,0,tarde
0,4,0,tarde
0,0,0,tarde
0,0,0,tarde
0,-4,0,tarde
0,75,1,tarde
0,3,0,tarde
0,5,0,tarde
0,-5,0,tarde
0,1,0,tarde
0,8,0,tarde
0,-4,0,tarde
0,0,0,tarde
0,-5,0,tarde
0,-2,0,tarde
0,-4,0,tarde
0,3,0,tarde
0,-4,0,tarde
0,5,0,tarde
0,-4,0,tarde
0,0,0,tarde
0,-3,0,tarde
0,15,0,tarde
0,2,0,tarde
0,-3,0,tarde
0,-4,0,tarde
0,-8,0,tarde
0,-7,0,tarde
0,11,0,tarde
0,-2,0,tarde
0,4,0,tarde
0,3,0,tarde
0,-3,0,tarde
0,-5,0,tarde
0,-6,0,tarde
0,-3,0,tarde
0,-4,0,tarde
0,-3,0,tarde
0,-2,0,tarde
0,1,0,tarde
0,-6,0,tarde
0,6,0,tarde
0,0,0,tarde
0,-3,0,tarde
0,-1,0,tarde
0,2,0,tarde
0,-1,0,tarde
0,-2,0,tarde
0,1,0,tarde
0,1,0,tarde
0,9,0,tarde
0,-4,0,tarde
0,1,0,tarde
0,2,0,tarde
0,-3,0,tarde
0,4,0,tarde
0,7,0,tarde
0,6,0,tarde
0,-2,0,tarde
0,-3,0,tarde
0,1,0,tarde
0,-7,0,tarde
0,0,0,tarde
0,2,0,tarde
0,-6,0,tarde
0,-6,0,tarde
0,0,0,tarde
0,-2,0,tarde
0,-2,0,tarde
0,11,0,tarde
0,2,0,tarde
0,-3,0,tarde
0,-5,0,tarde
0,-2,0,tarde
0,10,0,tarde
0,4,0,tarde
0,1,0,tarde
0,3,0,tarde
0,0,0,tarde
0,-2,0,tarde
0,-2,0,tarde
0,4,0,tarde
0,4,0,tarde
0,-2,0,tarde
0,-5,0,tarde
0,-2,0,tarde
0,8,0,tarde
0,-9,0,tarde
0,0,0,tarde
0,14,0,tarde
0,-3,0,tarde
0,-2,0,tarde
0,11,0,tarde
0,-3,0,tarde
0,4,0,tarde
0,12,0,tarde
0,1,0,tarde
0,10,0,tarde
0,-5,0,tarde
0,8,0,tarde
0,-1,0,tarde
0,9,0,tarde
0,16,1,tarde
0,-4,0,tarde
0,4,0,tarde
0,4,0,tarde
0,-3,0,tarde
0,11,0,tarde
0,-3,0,tarde
0,-1,0,tarde
0,4,0,tarde
0,5,0,tarde
0,2,0,tarde
0,5,0,tarde
0,0,0,tarde
0,-1,0,tarde
0,1,0,tarde
0,4,0,tarde
0,5,0,tarde
0,42,1,tarde
0,4,0,tarde
0,22,1,tarde
0,5,0,tarde
0,10,0,tarde
0,8,0,tarde
0,3,0,tarde
0,5,0,tarde
0,10,0,tarde
0,2,0,tarde
0,10,0,tarde
0,7,0,tarde
0,3,0,tarde
0,7,0,tarde
0,3,0,mañana
0,7,0,mañana
0,9,0,mañana
0,-4,0,mañana
0,0,0,mañana
0,7,0,mañana
0,3,0,mañana
0,13,0,mañana
0,1,0,mañana
0,1,0,mañana
0,4,0,mañana
0,1,0,mañana
0,1,0,mañana
0,1,0,mañana
0,38,1,mañana
0,1,0,mañana
0,10,0,mañana
0,4,0,mañana
0,16,1,mañana
0,2,0,mañana
0,3,0,mañana
0,9,0,mañana
0,2,0,mañana
0,8,0,mañana
0,0,0,mañana
0,9,0,mañana
0,7,0,mañana
0,6,0,mañana
0,0,0,mañana
0,20,1,mañana
0,5,0,mañana
0,1,0,mañana
0,0,0,tarde
0,-2,0,mañana
0,8,0,tarde
0,1,0,mañana
0,-3,0,mañana
0,8,0,tarde
0,2,0,mañana
0,9,0,mañana
0,3,0,tarde
0,10,0,mañana
0,4,0,mañana
0,9,0,tarde
0,-3,0,tarde
0,11,0,tarde
0,-1,0,mañana
0,7,0,tarde
0,-4,0,tarde
0,14,0,tarde
0,-2,0,tarde
0,3,0,mañana
0,3,0,tarde
0,0,0,tarde
0,-1,0,tarde
0,12,0,mañana
0,6,0,tarde
0,1,0,tarde
0,-1,0,tarde
0,82,1,mañana
0,-7,0,tarde
0,14,0,tarde
0,-1,0,tarde
0,7,0,tarde
0,3,0,tarde
0,1,0,tarde
0,-5,0,tarde
0,0,0,tarde
0,-5,0,tarde
0,7,0,tarde
0,10,0,tarde
0,28,1,tarde
0,-4,0,tarde
0,10,0,tarde
0,4,0,tarde
0,-2,0,tarde
0,9,0,tarde
0,3,0,tarde
0,11,0,tarde
0,-2,0,tarde
0,-1,0,tarde
0,1,0,tarde
0,12,0,tarde
0,9,0,tarde
0,4,0,tarde
0,8,0,tarde
0,2,0,tarde
0,-1,0,tarde
0,25,1,tarde
0,1,0,tarde
0,6,0,tarde
0,26,1,tarde
0,11,0,tarde
0,1,0,tarde
0,0,0,tarde
0,-1,0,tarde
0,13,0,tarde
0,7,0,tarde
0,4,0,tarde
0,16,1,tarde
0,1,0,tarde
0,2,0,tarde
0,10,0,tarde
0,5,0,tarde
0,-3,0,tarde
0,-5,0,tarde
0,-3,0,tarde
0,-2,0,tarde
0,-1,0,tarde
0,31,1,tarde
0,-2,0,tarde
0,15,0,tarde
0,10,0,tarde
0,-1,0,tarde
0,8,0,tarde
0,0,0,tarde
0,9,0,tarde
0,0,0,tarde
0,-1,0,tarde
0,6,0,tarde
0,8,0,tarde
0,7,0,tarde
0,-7,0,tarde
0,-3,0,tarde
0,0,0,tarde
0,-2,0,tarde
0,-3,0,tarde
0,1,0,tarde
0,3,0,tarde
0,2,0,tarde
0,-1,0,tarde
0,93,1,tarde
0,3,0,tarde
0,37,1,tarde
0,2,0,tarde
0,17,1,tarde
0,-1,0,mañana
0,6,0,mañana
0,-1,0,mañana
0,1,0,mañana
0,0,0,mañana
0,-2,0,mañana
0,1,0,mañana
0,0,0,mañana
0,5,0,mañana
0,12,0,mañana
0,1,0,mañana
0,4,0,mañana
0,25,1,mañana
0,1,0,mañana
0,0,0,mañana
0,2,0,mañana
0,25,1,mañana
0,-1,0,mañana
0,4,0,mañana
0,12,0,mañana
0,14,0,mañana
0,7,0,mañana
0,64,1,mañana
0,2,0,mañana
0,0,0,mañana
0,8,0,mañana
0,-4,0,mañana
0,0,0,mañana
0,-1,0,mañana
0,0,0,mañana
0,3,0,mañana
0,0,0,mañana
0,-1,0,mañana
0,3,0,mañana
0,28,1,mañana
0,0,0,mañana
0,1,0,mañana
0,-1,0,mañana
0,8,0,mañana
0,0,0,mañana
0,6,0,mañana
0,-1,0,mañana
0,2,0,mañana
0,10,0,mañana
0,8,0,mañana
0,64,1,mañana
0,42,1,mañana
0,4,0,mañana
0,9,0,mañana
0,48,1,mañana
0,17,1,mañana
0,1,0,mañana
0,0,0,noche
0,1,0,mañana
0,0,0,noche
0,14,0,mañana
0,1,0,noche
0,8,0,mañana
0,1,0,noche
0,0,0,mañana
0,4,0,noche
0,-2,0,noche
0,-3,0,tarde
0,-4,0,tarde
0,4,0,tarde
0,5,0,noche
0,-5,0,tarde
0,-4,0,tarde
0,6,0,noche
0,-1,0,tarde
0,2,0,tarde
0,13,0,tarde
0,95,1,noche
0,6,0,tarde
0,-4,0,tarde
0,1,0,noche
0,3,0,tarde
0,0,0,tarde
0,2,0,noche
0,7,0,noche
0,38,1,tarde
0,0,0,noche
0,12,0,tarde
0,12,0,tarde
0,1,0,tarde
0,6,0,noche
0,-2,0,noche
0,-2,0,noche
0,0,0,noche
0,0,0,tarde
0,4,0,noche
0,8,0,noche
0,19,1,noche
0,-1,0,noche
0,2,0,noche
0,4,0,noche
0,11,0,noche
0,1,0,noche
0,16,1,noche
0,0,0,noche
0,7,0,noche
0,5,0,noche
0,5,0,tarde
0,8,0,noche
0,0,0,noche
0,15,0,noche
0,4,0,noche
0,11,0,noche
0,66,1,noche
0,-2,0,noche
0,17,1,noche
0,-2,0,mañana
0,4,0,mañana
0,5,0,mañana
0,4,0,mañana
0,-1,0,mañana
0,-2,0,mañana
0,-3,0,mañana
0,35,1,mañana
0,1,0,mañana
0,3,0,mañana
0,11,0,mañana
0,11,0,mañana
0,3,0,mañana
0,-3,0,mañana
0,11,0,mañana
0,0,0,mañana
0,7,0,mañana
0,16,1,mañana
0,0,0,mañana
0,9,0,mañana
0,4,0,mañana
0,-1,0,mañana
0,1,0,mañana
0,-3,0,mañana
0,4,0,mañana
0,5,0,mañana
0,10,0,mañana
0,1,0,mañana
0,2,0,mañana
0,33,1,mañana
0,12,0,mañana
0,6,0,tarde
0,6,0,tarde
0,1,0,tarde
0,5,0,tarde
0,0,0,tarde
0,6,0,tarde
0,5,0,tarde
0,-3,0,tarde
0,1,0,tarde
0,7,0,tarde
0,-2,0,tarde
0,8,0,tarde
0,22,1,tarde
0,-4,0,tarde
0,7,0,tarde
0,7,0,tarde
0,9,0,tarde
0,1,0,tarde
0,7,0,tarde
0,0,0,tarde
0,4,0,tarde
0,1,0,tarde
0,1,0,tarde
0,3,0,tarde
0,5,0,tarde
0,18,1,tarde
0,4,0,tarde
0,0,0,tarde
0,-1,0,tarde
0,6,0,tarde
0,15,0,tarde
0,10,0,tarde
0,1,0,mañana
0,-5,0,tarde
0,1,0,mañana
0,4,0,tarde
0,2,0,mañana
0,3,0,mañana
0,2,0,mañana
0,36,1,mañana
0,7,0,mañana
0,11,0,mañana
0,6,0,mañana
0,12,0,mañana
0,5,0,mañana
0,16,1,mañana
0,6,0,mañana
0,17,1,mañana
0,0,0,mañana
0,25,1,tarde
0,11,0,mañana
0,3,0,tarde
0,-2,0,tarde
0,-2,0,tarde
0,0,0,mañana
0,2,0,mañana
0,5,0,mañana
0,3,0,noche
0,48,1,noche
0,5,0,mañana
0,10,0,mañana
0,1,0,mañana
0,19,1,mañana
0,5,0,mañana
0,15,0,noche
0,7,0,noche
0,8,0,mañana
0,36,1,mañana
0,3,0,mañana
0,12,0,mañana
0,0,0,mañana
0,2,0,noche
0,4,0,noche
0,1,0,mañana
0,11,0,mañana
0,1,0,mañana
0,8,0,mañana
0,15,0,mañana
0,1,0,noche
0,8,0,noche
0,16,1,mañana
0,11,0,mañana
0,7,0,mañana
0,0,0,mañana
0,2,0,mañana
0,6,0,mañana
0,1,0,mañana
0,4,0,mañana
0,2,0,tarde
0,14,0,tarde
0,2,0,tarde
0,3,0,tarde
0,6,0,tarde
0,10,0,tarde
0,8,0,tarde
0,-2,0,tarde
0,0,0,tarde
0,12,0,tarde
0,4,0,tarde
0,11,0,tarde
0,11,0,tarde
0,5,0,tarde
0,1,0,tarde
0,38,1,tarde
0,0,0,tarde
0,10,0,tarde
0,18,1,tarde
0,5,0,tarde
0,13,0,tarde
0,7,0,tarde
0,4,0,tarde
0,4,0,tarde
0,8,0,tarde
0,12,0,tarde
0,1,0,tarde
0,7,0,tarde
0,-1,0,tarde
0,12,0,tarde
0,12,0,tarde
0,-1,0,noche
0,5,0,noche
0,6,0,noche
0,-2,0,mañana
0,3,0,mañana
0,18,1,mañana
0,12,0,mañana
0,19,1,mañana
0,0,0,mañana
0,-2,0,mañana
0,13,0,mañana
0,10,0,mañana
0,12,0,mañana
0,9,0,mañana
0,65,1,mañana
0,11,0,mañana
0,10,0,mañana
0,8,0,mañana
0,12,0,mañana
0,14,0,mañana
0,2,0,mañana
0,15,0,mañana
0,0,0,mañana
0,6,0,mañana
0,13,0,mañana
0,8,0,mañana
0,7,0,mañana
0,2,0,mañana
0,-2,0,mañana
0,5,0,mañana
0,0,0,mañana
0,7,0,mañana
0,-4,0,mañana
0,-1,0,mañana
0,-1,0,mañana
0,-3,0,mañana
0,-1,0,mañana
0,-4,0,mañana
0,14,0,mañana
0,1,0,mañana
0,2,0,mañana
0,-4,0,mañana
0,3,0,mañana
0,-2,0,mañana
0,-3,0,mañana
0,7,0,mañana
0,-2,0,mañana
0,1,0,mañana
0,4,0,mañana
0,1,0,mañana
0,0,0,mañana
0,23,1,mañana
0,-1,0,mañana
0,-1,0,mañana
0,4,0,mañana
0,-2,0,mañana
0,-3,0,mañana
0,-2,0,mañana
0,3,0,mañana
0,6,0,mañana
0,-2,0,mañana
0,0,0,tarde
0,75,1,tarde
0,3,0,tarde
0,-3,0,tarde
0,6,0,tarde
0,-1,0,tarde
0,2,0,tarde
0,-5,0,tarde
0,-9,0,tarde
0,-2,0,tarde
0,-2,0,tarde
0,1,0,tarde
0,-2,0,tarde
0,-2,0,tarde
0,21,1,tarde
0,-5,0,tarde
0,-7,0,tarde
0,-1,0,tarde
0,-4,0,tarde
0,5,0,tarde
0,-5,0,tarde
0,-6,0,tarde
0,-1,0,tarde
0,4,0,tarde
0,-1,0,tarde
0,-1,0,tarde
0,-3,0,tarde
0,-2,0,tarde
0,-7,0,tarde
0,8,0,tarde
0,1,0,tarde
0,4,0,tarde
0,2,0,tarde
0,-2,0,tarde
0,-3,0,tarde
0,-3,0,tarde
0,-2,0,tarde
0,-1,0,tarde
0,8,0,tarde
0,7,0,tarde
0,33,1,tarde
0,2,0,tarde
0,5,0,tarde
0,-1,0,tarde
0,2,0,tarde
0,-1,0,tarde
0,6,0,tarde
0,3,0,tarde
0,-2,0,tarde
0,1,0,tarde
0,-2,0,tarde
0,1,0,tarde
0,-2,0,tarde
0,0,0,mañana
0,7,0,noche
0,3,0,noche
0,3,0,noche
0,-5,0,noche
0,20,1,noche
0,5,0,noche
0,2,0,noche
0,3,0,noche
0,18,1,noche
0,4,0,noche
0,4,0,noche
0,-3,0,noche
0,3,0,noche
0,9,0,noche
0,3,0,noche
0,32,1,noche
0,0,0,noche
0,7,0,noche
0,-5,0,tarde
0,-2,0,mañana
0,20,1,mañana
0,4,0,mañana
0,3,0,mañana
0,-5,0,tarde
0,-1,0,tarde
0,39,1,tarde
0,4,0,tarde
0,16,1,tarde
0,13,0,tarde
0,0,0,tarde
0,7,0,tarde
0,9,0,tarde
0,-4,0,tarde
0,5,0,tarde
0,0,0,tarde
0,-5,0,noche
0,3,0,tarde
0,62,1,tarde
0,7,0,tarde
0,8,0,tarde
0,3,0,noche
0,1,0,tarde
0,7,0,tarde
0,4,0,tarde
0,3,0,tarde
0,0,0,noche
0,4,0,tarde
0,0,0,tarde
0,2,0,tarde
0,1,0,tarde
0,-10,0,noche
0,-2,0,tarde
0,7,0,noche
0,3,0,tarde
0,7,0,tarde
0,-1,0,tarde
0,-2,0,tarde
0,16,1,noche
0,0,0,tarde
0,-1,0,tarde
0,9,0,tarde
0,-1,0,tarde
0,-2,0,noche
0,6,0,tarde
0,0,0,tarde
0,29,1,tarde
0,-1,0,tarde
0,7,0,tarde
0,6,0,noche
0,18,1,tarde
0,1,0,tarde
0,2,0,tarde
0,1,0,tarde
0,4,0,noche
0,-3,0,tarde
0,2,0,tarde
0,-2,0,noche
0,-5,0,tarde
0,-2,0,noche
0,4,0,noche
0,-3,0,noche
0,6,0,noche
0,3,0,tarde
0,3,0,noche
0,18,1,noche
0,0,0,noche
0,50,1,noche
0,1,0,tarde
0,2,0,noche
0,4,0,noche
0,-4,0,noche
0,22,1,noche
0,4,0,tarde
0,3,0,noche
0,34,1,noche
0,0,0,noche
0,3,0,noche
0,20,1,tarde
0,7,0,noche
0,-2,0,noche
0,0,0,noche
0,-2,0,noche
0,15,0,noche
0,9,0,noche
0,12,0,noche
0,32,1,tarde
0,97,1,noche
0,7,0,noche
0,2,0,noche
0,-4,0,noche
0,22,1,noche
0,0,0,noche
0,-2,0,tarde
0,13,0,tarde
0,2,0,tarde
0,-1,0,tarde
0,6,0,tarde
0,10,0,tarde
0,-5,0,tarde
0,4,0,tarde
0,2,0,mañana
0,-3,0,mañana
0,-3,0,mañana
0,-6,0,tarde
0,2,0,mañana
0,-4,0,mañana
0,-2,0,mañana
0,1,0,tarde
0,5,0,mañana
0,3,0,mañana
0,2,0,mañana
0,0,0,tarde
0,2,0,mañana
0,-4,0,mañana
0,12,0,mañana
0,17,1,tarde
0,-1,0,mañana
0,-9,0,mañana
0,-1,0,mañana
0,1,0,tarde
0,1,0,tarde
0,3,0,mañana
0,2,0,mañana
0,-1,0,tarde
0,8,0,tarde
0,45,1,mañana
0,11,0,mañana
0,0,0,tarde
0,20,1,tarde
0,-2,0,mañana
0,-4,0,mañana
0,3,0,tarde
0,-2,0,tarde
0,-1,0,mañana
0,1,0,mañana
0,-3,0,tarde
0,1,0,noche
0,17,1,noche
0,0,0,noche
0,-4,0,noche
0,-2,0,noche
0,27,1,noche
0,-3,0,noche
0,11,0,noche
0,17,1,noche
0,20,1,noche
0,28,1,noche
0,-3,0,noche
0,3,0,noche
0,13,0,noche
0,11,0,noche
0,18,1,noche
0,2,0,noche
0,28,1,noche
0,1,0,noche
0,0,0,noche
0,-3,0,noche
0,1,0,noche
0,-2,0,noche
0,-2,0,noche
0,5,0,noche
0,4,0,noche
0,51,1,noche
0,1,0,noche
0,-3,0,noche
0,-2,0,noche
0,-1,0,noche
0,3,0,noche
0,25,1,tarde
0,0,0,tarde
0,0,0,tarde
0,-1,0,tarde
0,-5,0,tarde
0,5,0,mañana
0,-4,0,tarde
0,2,0,tarde
0,-2,0,tarde
0,-4,0,tarde
0,-2,0,tarde
0,-3,0,mañana
0,9,0,mañana
0,-2,0,tarde
0,42,1,tarde
0,15,0,tarde
0,0,0,tarde
0,16,1,mañana
0,9,0,mañana
0,0,0,mañana
0,-1,0,tarde
0,5,0,tarde
0,7,0,tarde
0,-2,0,tarde
0,-2,0,tarde
0,5,0,mañana
0,-4,0,mañana
0,1,0,tarde
0,1,0,mañana
0,0,0,tarde
0,0,0,tarde
0,3,0,mañana
0,9,0,mañana
0,-4,0,mañana
0,3,0,mañana
0,6,0,mañana
0,-1,0,mañana
0,17,1,mañana
0,0,0,mañana
0,-2,0,mañana
0,-3,0,mañana
0,3,0,mañana
0,6,0,mañana
0,13,0,mañana
0,9,0,mañana
0,27,1,mañana
0,11,0,mañana
0,-1,0,mañana
0,-4,0,mañana
0,2,0,mañana
0,-4,0,mañana
0,2,0,mañana
0,11,0,mañana
0,0,0,mañana
0,-2,0,mañana
0,7,0,mañana
0,10,0,mañana
0,2,0,mañana
0,4,0,tarde
0,-6,0,mañana
0,11,0,mañana
0,0,0,mañana
0,-1,0,noche
0,-2,0,mañana
0,24,1,mañana
0,-3,0,mañana
0,39,1,tarde
0,-2,0,mañana
0,-3,0,mañana
0,-4,0,mañana
0,5,0,mañana
0,1,0,tarde
0,-3,0,mañana
0,-3,0,mañana
0,2,0,mañana
0,9,0,tarde
0,0,0,tarde
0,-1,0,tarde
0,-2,0,tarde
0,-1,0,tarde
0,-1,0,tarde
0,-2,0,tarde
0,7,0,tarde
0,4,0,tarde
0,0,0,tarde
0,2,0,tarde
0,-2,0,tarde
0,15,0,tarde
0,0,0,tarde
0,-4,0,tarde
0,18,1,tarde
0,6,0,tarde
0,-3,0,tarde
0,0,0,tarde
0,0,0,tarde
0,3,0,tarde
0,1,0,tarde
0,5,0,tarde
0,8,0,tarde
0,0,0,tarde
0,0,0,tarde
0,10,0,tarde
0,-1,0,tarde
0,0,0,tarde
0,1,0,tarde
0,5,0,tarde
0,2,0,tarde
0,5,0,tarde
0,6,0,noche
0,9,0,noche
0,-1,0,tarde
0,-3,0,noche
0,-2,0,noche
0,-1,0,noche
0,3,0,noche
0,-5,0,noche
0,-2,0,noche
0,7,0,noche
0,7,0,noche
0,20,1,noche
0,-5,0,noche
0,23,1,noche
0,4,0,noche
0,11,0,noche
0,8,0,noche
0,0,0,noche
0,-6,0,noche
0,0,0,noche
0,3,0,noche
0,-3,0,tarde
0,-2,0,noche
0,120,1,noche
0,-1,0,noche
0,-1,0,noche
0,0,0,tarde
0,-12,0,noche
0,2,0,noche
0,45,1,noche
0,2,0,noche
0,135,1,noche
0,-3,0,tarde
0,-1,0,noche
0,-1,0,noche
0,-2,0,noche
0,-5,0,noche
0,13,0,tarde
0,36,1,noche
0,-5,0,noche
0,2,0,noche
0,-1,0,noche
0,0,0,noche
0,9,0,noche
0,7,0,noche
0,-3,0,noche
0,4,0,noche
0,-3,0,noche
0,-4,0,noche
0,9,0,noche
0,-1,0,noche
0,7,0,noche
0,0,0,noche
0,8,0,noche
0,0,0,noche
0,2,0,noche
0,0,0,noche
0,2,0,noche
0,6,0,noche
0,-3,0,noche
0,-4,0,noche
0,1,0,noche
0,5,0,noche
0,3,0,noche
0,1,0,noche
0,6,0,noche
0,8,0,noche
0,0,0,noche
0,2,0,noche
0,-1,0,noche
0,8,0,noche
0,7,0,noche
0,3,0,noche
0,2,0,noche
0,44,1,noche
0,2,0,noche
0,1,0,noche
0,0,0,noche
0,2,0,mañana
0,10,0,noche
0,1,0,mañana
0,4,0,mañana
0,2,0,noche
0,2,0,mañana
0,3,0,mañana
0,2,0,noche
0,-1,0,mañana
0,2,0,mañana
0,45,1,noche
0,1,0,mañana
0,4,0,tarde
0,7,0,mañana
0,8,0,tarde
0,3,0,tarde
0,5,0,mañana
0,1,0,tarde
0,0,0,tarde
0,5,0,mañana
0,1,0,tarde
0,3,0,tarde
0,6,0,mañana
0,5,0,tarde
0,8,0,tarde
0,6,0,mañana
0,24,1,noche
0,-5,0,noche
0,0,0,noche
0,2,0,noche
0,5,0,noche
0,-2,0,noche
0,5,0,noche
0,9,0,noche
0,-3,0,noche
0,7,0,noche
0,0,0,noche
0,7,0,noche
0,0,0,mañana
0,3,0,mañana
0,7,0,mañana
0,8,0,mañana
0,3,0,mañana
0,14,0,mañana
0,16,1,mañana
0,5,0,mañana
0,15,0,mañana
0,-2,0,mañana
0,10,0,mañana
0,9,0,mañana
0,15,0,mañana
0,19,1,mañana
0,-3,0,mañana
0,14,0,mañana
0,9,0,mañana
0,4,0,mañana
0,8,0,mañana
0,15,0,mañana
0,4,0,mañana
0,12,0,mañana
0,11,0,mañana
0,4,0,mañana
0,5,0,mañana
0,21,1,mañana
0,9,0,mañana
0,-3,0,mañana
0,-6,0,mañana
0,3,0,mañana
0,5,0,mañana
0,4,0,tarde
0,13,0,tarde
0,11,0,tarde
0,8,0,tarde
0,1,0,tarde
0,11,0,tarde
0,3,0,tarde
0,3,0,tarde
0,3,0,tarde
0,5,0,tarde
0,14,0,tarde
0,2,0,tarde
0,4,0,tarde
0,2,0,tarde
0,4,0,tarde
0,2,0,tarde
0,7,0,tarde
0,3,0,tarde
0,6,0,tarde
0,1,0,tarde
0,5,0,tarde
0,10,0,tarde
0,0,0,tarde
0,7,0,tarde
0,-3,0,tarde
0,1,0,tarde
0,6,0,tarde
0,3,0,tarde
0,4,0,tarde
0,3,0,tarde
0,14,0,tarde
0,1,0,mañana
0,5,0,mañana
0,-4,0,mañana
0,8,0,mañana
0,17,1,mañana
0,4,0,mañana
0,2,0,mañana
0,6,0,mañana
0,7,0,mañana
0,-1,0,mañana
0,4,0,mañana
0,7,0,mañana
0,1,0,mañana
0,1,0,mañana
0,28,1,mañana
0,18,1,mañana
0,13,0,mañana
0,2,0,mañana
0,12,0,mañana
0,17,1,mañana
0,5,0,mañana
0,27,1,mañana
0,14,0,mañana
0,7,0,mañana
0,25,1,mañana
0,6,0,mañana
0,20,1,mañana
0,0,0,mañana
0,8,0,mañana
0,37,1,mañana
0,7,0,mañana
0,9,0,tarde
0,1,0,tarde
0,7,0,tarde
0,0,0,tarde
0,3,0,tarde
0,6,0,tarde
0,9,0,tarde
0,2,0,tarde
0,0,0,tarde
0,-2,0,tarde
0,2,0,tarde
0,3,0,tarde
0,2,0,tarde
0,7,0,tarde
0,6,0,tarde
0,12,0,tarde
0,9,0,tarde
0,2,0,tarde
0,2,0,tarde
0,23,1,tarde
0,7,0,tarde
0,10,0,tarde
0,8,0,tarde
0,-1,0,tarde
0,9,0,tarde
0,2,0,tarde
0,4,0,tarde
0,8,0,tarde
0,2,0,tarde
0,10,0,tarde
0,11,0,tarde
0,7,0,mañana
0,1,0,mañana
0,0,0,mañana
0,-1,0,mañana
0,-1,0,mañana
0,-2,0,mañana
0,1,0,mañana
0,2,0,mañana
0,0,0,mañana
0,1,0,mañana
0,26,1,mañana
0,2,0,mañana
0,0,0,mañana
0,19,1,mañana
0,7,0,mañana
0,17,1,mañana
0,5,0,mañana
0,15,0,mañana
0,4,0,mañana
0,6,0,mañana
0,1,0,mañana
0,1,0,mañana
0,3,0,mañana
0,0,0,mañana
0,17,1,mañana
0,7,0,mañana
0,5,0,mañana
0,8,0,mañana
0,18,1,mañana
0,8,0,mañana
0,5,0,mañana
0,0,0,tarde
0,5,0,tarde
0,5,0,tarde
0,7,0,tarde
0,2,0,tarde
0,2,0,tarde
0,9,0,tarde
0,2,0,tarde
0,9,0,tarde
0,23,1,tarde
0,8,0,tarde
0,3,0,tarde
0,16,1,tarde
0,10,0,tarde
0,2,0,tarde
0,8,0,tarde
0,14,0,tarde
0,-5,0,tarde
0,0,0,tarde
0,1,0,tarde
0,144,1,tarde
0,0,0,tarde
0,30,1,tarde
0,-3,0,tarde
0,10,0,tarde
0,-2,0,tarde
0,12,0,tarde
0,-5,0,tarde
0,3,0,tarde
0,15,0,tarde
0,8,0,tarde
0,-4,0,tarde
0,-4,0,tarde
0,5,0,tarde
0,2,0,tarde
0,-6,0,tarde
0,-4,0,tarde
0,52,1,tarde
0,4,0,tarde
0,-6,0,tarde
0,-2,0,tarde
0,0,0,tarde
0,-1,0,tarde
0,10,0,tarde
0,1,0,mañana
0,-3,0,mañana
0,8,0,mañana
0,19,1,mañana
0,-3,0,mañana
0,16,1,mañana
0,19,1,mañana
0,11,0,mañana
0,7,0,mañana
0,1,0,mañana
0,5,0,mañana
0,12,0,mañana
0,0,0,mañana
0,-1,0,mañana
0,20,1,mañana
0,-2,0,mañana
0,31,1,mañana
0,2,0,mañana
0,14,0,tarde
0,6,0,tarde
0,11,0,tarde
0,6,0,tarde
0,10,0,tarde
0,2,0,tarde
0,15,0,tarde
0,10,0,tarde
0,8,0,tarde
0,10,0,tarde
0,33,1,tarde
0,17,1,tarde
0,2,0,tarde
0,11,0,tarde
0,12,0,tarde
0,3,0,tarde
0,8,0,tarde
0,9,0,tarde
0,15,0,tarde
0,1,0,tarde
0,7,0,tarde
0,80,1,tarde
0,7,0,tarde
0,20,1,tarde
0,3,0,tarde
0,17,1,tarde
0,13,0,tarde
0,5,0,tarde
0,8,0,tarde
0,3,0,tarde
0,20,1,tarde
0,17,1,mañana
0,19,1,mañana
0,47,1,mañana
0,20,1,mañana
0,18,1,mañana
0,5,0,mañana
0,5,0,mañana
0,3,0,mañana
0,19,1,mañana
0,1,0,mañana
0,11,0,mañana
0,7,0,mañana
0,27,1,mañana
0,15,0,mañana
0,29,1,mañana
0,19,1,mañana
0,5,0,mañana
0,15,0,mañana
0,26,1,mañana
0,13,0,mañana
0,38,1,mañana
0,71,1,mañana
0,30,1,mañana
0,39,1,mañana
0,24,1,mañana
0,3,0,mañana
0,28,1,mañana
0,23,1,mañana
0,24,1,mañana
0,57,1,mañana
0,22,1,mañana
0,11,0,mañana
0,26,1,mañana
0,-2,0,mañana
0,-3,0,mañana
0,6,0,mañana
0,3,0,mañana
0,15,0,mañana
0,0,0,mañana
0,11,0,mañana
0,-3,0,mañana
0,5,0,mañana
0,3,0,mañana
0,3,0,mañana
0,14,0,mañana
0,3,0,mañana
0,19,1,mañana
0,1,0,mañana
0,2,0,mañana
0,10,0,mañana
0,-2,0,mañana
0,8,0,mañana
0,1,0,mañana
0,14,0,mañana
0,5,0,mañana
0,16,1,mañana
0,8,0,mañana
0,1,0,mañana
0,1,0,mañana
0,-1,0,mañana
0,12,0,mañana
0,6,0,mañana
0,6,0,noche
0,3,0,noche
0,3,0,noche
0,2,0,noche
0,3,0,noche
0,-8,0,noche
0,-2,0,noche
0,4,0,noche
0,-2,0,noche
0,1,0,noche
0,12,0,noche
0,-3,0,noche
0,2,0,noche
0,6,0,noche
0,8,0,noche
0,1,0,noche
0,-2,0,noche
0,15,0,noche
0,-2,0,noche
0,-1,0,noche
0,30,1,noche
0,12,0,noche
0,6,0,noche
0,-2,0,noche
0,4,0,noche
0,5,0,noche
0,16,1,noche
0,11,0,noche
0,8,0,noche
0,14,0,noche
0,-1,0,noche
0,35,1,noche
0,1,0,noche
0,13,0,noche
0,28,1,noche
0,10,0,noche
0,1,0,noche
0,2,0,noche
0,21,1,noche
0,3,0,noche
0,30,1,noche
0,3,0,noche
0,14,0,noche
0,-5,0,noche
0,-1,0,noche
0,10,0,noche
0,13,0,noche
0,-1,0,noche
0,8,0,tarde
0,33,1,tarde
0,13,0,tarde
0,8,0,tarde
0,3,0,tarde
0,8,0,tarde
0,7,0,tarde
0,-1,0,tarde
0,15,0,tarde
0,15,0,tarde
0,2,0,tarde
0,3,0,tarde
0,6,0,tarde
0,-2,0,tarde
0,5,0,tarde
0,13,0,tarde
0,2,0,tarde
0,44,1,tarde
0,12,0,tarde
0,1,0,tarde
0,16,1,tarde
0,3,0,tarde
0,2,0,tarde
0,8,0,tarde
0,18,1,tarde
0,12,0,tarde
0,25,1,mañana
0,17,1,mañana
0,12,0,mañana
0,11,0,mañana
0,36,1,mañana
0,3,0,mañana
0,12,0,mañana
0,0,0,mañana
0,60,1,mañana
0,7,0,mañana
0,6,0,mañana
0,6,0,mañana
0,18,1,mañana
0,21,1,mañana
0,59,1,mañana
0,44,1,mañana
0,2,0,mañana
0,27,1,mañana
0,18,1,mañana
0,27,1,mañana
0,9,0,mañana
0,12,0,mañana
0,15,0,mañana
0,1,0,mañana
0,44,1,mañana
0,2,0,mañana
0,10,0,mañana
0,24,1,mañana
0,22,1,mañana
0,37,1,mañana
0,22,1,mañana
0,11,0,noche
0,-9,0,noche
0,2,0,noche
0,118,1,noche
0,7,0,noche
0,29,1,noche
0,22,1,noche
0,1,0,noche
0,-2,0,noche
0,8,0,noche
0,24,1,noche
0,16,1,noche
0,-3,0,noche
0,-2,0,noche
0,2,0,noche
0,11,0,noche
0,0,0,noche
0,41,1,noche
0,16,1,noche
0,12,0,noche
0,14,0,noche
0,5,0,noche
0,-2,0,noche
0,14,0,noche
0,4,0,noche
0,1,0,noche
0,1,0,noche
0,1,0,noche
0,6,0,noche
0,2,0,noche
0,7,0,noche
0,5,0,noche
0,6,0,noche
0,9,0,noche
0,60,1,noche
0,151,1,noche
0,110,1,noche
0,20,1,noche
0,-4,0,noche
0,9,0,noche
0,26,1,noche
0,9,0,noche
0,18,1,noche
0,41,1,noche
0,28,1,noche
0,-1,0,noche
0,9,0,noche
0,2,0,noche
0,-2,0,noche
0,11,0,noche
0,-2,0,noche
0,66,1,noche
0,1,0,noche
0,0,0,noche
0,2,0,noche
0,-7,0,noche
0,0,0,noche
0,4,0,noche
0,2,0,noche
0,40,1,noche
0,3,0,noche
0,1,0,noche
0,2,0,noche
0,0,0,noche
0,-2,0,noche
0,18,1,noche
0,6,0,noche
0,9,0,noche
0,-4,0,noche
0,0,0,noche
0,-3,0,noche
0,11,0,noche
0,1,0,noche
0,-3,0,noche
0,5,0,noche
0,5,0,noche
0,-5,0,noche
0,10,0,noche
0,32,1,noche
0,40,1,noche
0,0,0,noche
0,-3,0,noche
0,-2,0,noche
0,5,0,noche
0,0,0,noche
0,0,0,noche
0,115,1,noche
0,2,0,noche
0,-3,0,noche
0,2,0,noche
0,23,1,noche
0,64,1,noche
0,12,0,noche
0,-1,0,noche
0,15,0,noche
0,3,0,noche
0,0,0,noche
0,6,0,noche
0,24,1,noche
0,10,0,noche
0,1,0,noche
0,5,0,noche
0,4,0,noche
0,146,1,noche
0,12,0,noche
0,15,0,noche
0,10,0,noche
0,8,0,noche
0,0,0,noche
0,2,0,noche
0,7,0,noche
0,-7,0,mañana
0,-2,0,mañana
0,-1,0,mañana
0,5,0,mañana
0,18,1,mañana
0,5,0,mañana
0,-1,0,mañana
0,2,0,mañana
0,14,0,mañana
0,-7,0,noche
0,10,0,noche
0,8,0,noche
0,0,0,noche
0,1,0,noche
0,-1,0,noche
0,-2,0,noche
0,15,0,noche
0,0,0,noche
0,-4,0,noche
0,-2,0,noche
0,8,0,noche
0,0,0,noche
0,23,1,noche
0,15,0,noche
0,4,0,noche
0,-1,0,noche
0,20,1,noche
0,-1,0,noche
0,99,1,noche
0,3,0,noche
0,25,1,noche
0,43,1,noche
0,5,0,noche
0,-1,0,noche
0,-1,0,noche
0,16,1,noche
0,1,0,noche
0,0,0,noche
0,2,0,noche
0,-4,0,noche
0,2,0,noche
0,3,0,noche
0,1,0,noche
0,-4,0,noche
0,8,0,mañana
0,11,0,mañana
0,2,0,mañana
0,7,0,mañana
0,5,0,mañana
0,2,0,mañana
0,5,0,mañana
0,13,0,mañana
0,6,0,mañana
0,13,0,mañana
0,28,1,mañana
0,32,1,mañana
0,1,0,mañana
0,-9,0,tarde
0,-5,0,tarde
0,-2,0,tarde
0,11,0,tarde
0,-2,0,tarde
0,1,0,tarde
0,4,0,tarde
0,-6,0,tarde
0,5,0,tarde
0,0,0,tarde
0,7,0,tarde
0,16,1,tarde
0,8,0,tarde
0,-5,0,tarde
0,11,0,tarde
0,-2,0,tarde
0,104,1,tarde
0,-2,0,tarde
0,5,0,mañana
0,16,1,mañana
0,7,0,mañana
0,16,1,mañana
0,13,0,mañana
0,20,1,mañana
0,14,0,mañana
0,4,0,mañana
0,5,0,mañana
0,2,0,mañana
0,3,0,mañana
0,2,0,mañana
0,3,0,mañana
0,3,0,mañana
0,18,1,mañana
0,-6,0,mañana
0,-2,0,mañana
0,5,0,mañana
0,-4,0,mañana
0,-1,0,mañana
0,30,1,mañana
0,34,1,mañana
0,0,0,mañana
0,7,0,mañana
0,17,1,mañana
0,19,1,mañana
0,10,0,mañana
0,19,1,noche
0,-9,0,noche
0,10,0,noche
0,7,0,noche
0,7,0,noche
0,2,0,noche
0,10,0,noche
0,1,0,noche
0,22,1,noche
0,-2,0,noche
0,2,0,noche
0,7,0,noche
0,-3,0,noche
0,-1,0,noche
0,4,0,noche
0,6,0,noche
0,0,0,noche
0,-7,0,noche
0,1,0,noche
0,6,0,noche
0,6,0,noche
0,8,0,noche
0,11,0,noche
0,-2,0,noche
0,59,1,noche
0,7,0,noche
0,15,0,noche
0,1,0,noche
0,7,0,noche
0,19,1,noche
0,-3,0,noche
0,1,0,noche
0,3,0,noche
0,0,0,noche
0,13,0,noche
0,1,0,noche
0,4,0,noche
0,-2,0,noche
0,1,0,noche
0,55,1,noche
0,0,0,noche
0,-3,0,noche
0,10,0,tarde
0,0,0,tarde
0,1,0,tarde
0,4,0,tarde
0,-2,0,tarde
0,10,0,tarde
0,3,0,tarde
0,3,0,tarde
0,4,0,tarde
0,4,0,tarde
0,27,1,tarde
0,4,0,tarde
0,4,0,tarde
0,7,0,tarde
0,7,0,tarde
0,1,0,tarde
0,3,0,tarde
0,4,0,tarde
0,-2,0,tarde
0,1,0,tarde
0,4,0,tarde
0,-4,0,tarde
0,3,0,tarde
0,2,0,tarde
0,-5,0,tarde
0,1,0,tarde
0,16,1,tarde
0,6,0,noche
0,9,0,noche
0,3,0,tarde
0,-7,0,tarde
0,-10,0,tarde
0,4,0,noche
0,11,0,noche
0,3,0,noche
0,13,0,noche
0,1,0,noche
0,1,0,noche
0,0,0,noche
0,-1,0,noche
0,11,0,noche
0,-2,0,noche
0,9,0,noche
0,1,0,noche
0,5,0,noche
0,3,0,noche
0,-2,0,noche
0,9,0,noche
0,2,0,noche
0,58,1,noche
0,-1,0,noche
0,2,0,noche
0,44,1,noche
0,2,0,noche
0,9,0,noche
0,-6,0,noche
0,-1,0,noche
0,-1,0,noche
0,-3,0,noche
0,8,0,noche
0,-1,0,noche
0,-7,0,noche
0,-4,0,noche
0,11,0,tarde
0,9,0,tarde
0,2,0,tarde
0,12,0,tarde
0,1,0,tarde
0,9,0,tarde
0,3,0,tarde
0,13,0,tarde
0,15,0,tarde
0,11,0,tarde
0,11,0,tarde
0,5,0,tarde
0,0,0,tarde
0,8,0,tarde
0,0,0,tarde
0,27,1,tarde
0,36,1,tarde
0,1,0,tarde
0,4,0,tarde
0,8,0,tarde
0,2,0,tarde
0,7,0,tarde
0,14,0,tarde
0,0,0,tarde
0,-1,0,tarde
0,2,0,tarde
0,4,0,tarde
0,4,0,tarde
0,-1,0,tarde
0,6,0,tarde
0,3,0,tarde
0,-8,0,noche
0,10,0,noche
0,9,0,noche
0,48,1,noche
0,4,0,noche
0,2,0,noche
0,0,0,noche
0,1,0,noche
0,-1,0,tarde
0,4,0,tarde
0,-7,0,tarde
0,60,1,tarde
0,1,0,tarde
0,0,0,tarde
0,12,0,tarde
0,11,0,noche
0,0,0,noche
0,2,0,noche
0,8,0,noche
0,0,0,noche
0,1,0,noche
0,16,1,noche
0,55,1,noche
0,4,0,noche
0,-6,0,tarde
0,9,0,tarde
0,3,0,tarde
0,1,0,tarde
0,10,0,tarde
0,11,0,tarde
0,107,1,tarde
0,10,0,tarde
0,9,0,tarde
0,55,1,tarde
0,4,0,tarde
0,1,0,tarde
0,1,0,tarde
0,-1,0,tarde
0,-1,0,tarde
0,60,1,tarde
0,15,0,tarde
0,5,0,tarde
0,2,0,tarde
0,80,1,tarde
0,21,1,tarde
0,1,0,tarde
0,57,1,tarde
0,-5,0,mañana
0,-7,0,mañana
0,2,0,mañana
0,8,0,mañana
0,0,0,mañana
0,5,0,mañana
0,1,0,mañana
0,11,0,mañana
0,5,0,mañana
0,3,0,mañana
0,7,0,mañana
0,-2,0,mañana
0,1,0,mañana
0,10,0,mañana
0,18,1,mañana
0,-4,0,mañana
0,0,0,mañana
0,135,1,mañana
0,6,0,mañana
0,3,0,mañana
0,69,1,mañana
0,-1,0,mañana
0,-4,0,mañana
0,12,0,mañana
0,6,0,mañana
0,3,0,mañana
0,1,0,mañana
0,7,0,mañana
0,112,1,mañana
0,44,1,mañana
0,-5,0,mañana
0,-5,0,tarde
0,20,1,tarde
0,29,1,tarde
0,-1,0,tarde
0,14,0,tarde
0,0,0,tarde
0,3,0,tarde
0,14,0,tarde
0,6,0,tarde
0,-3,0,tarde
0,10,0,tarde
0,3,0,tarde
0,-2,0,tarde
0,6,0,mañana
0,15,0,mañana
0,4,0,mañana
0,-3,0,mañana
0,17,1,mañana
0,6,0,mañana
0,30,1,mañana
0,-2,0,mañana
0,-8,0,mañana
0,18,1,mañana
0,4,0,mañana
0,18,1,mañana
0,21,1,mañana
0,39,1,mañana
0,5,0,mañana
0,22,1,mañana
0,57,1,mañana
0,7,0,mañana
0,5,0,tarde
0,-3,0,noche
0,34,1,noche
0,49,1,noche
0,-3,0,noche
0,6,0,noche
0,4,0,noche
0,73,1,noche
0,43,1,noche
0,10,0,noche
0,2,0,noche
0,12,0,noche
0,0,0,noche
0,-4,0,noche
0,40,1,noche
0,1,0,noche
0,51,1,noche
0,10,0,noche
0,8,0,noche
0,4,0,noche
0,8,0,noche
0,30,1,noche
0,3,0,noche
0,124,1,noche
0,-1,0,noche
0,1,0,noche
0,2,0,noche
0,0,0,noche
0,55,1,noche
0,13,0,noche
0,2,0,noche
0,94,1,noche
0,5,0,tarde
0,4,0,tarde
0,5,0,tarde
0,13,0,tarde
0,-8,0,mañana
0,5,0,mañana
0,15,0,mañana
0,3,0,mañana
0,15,0,mañana
0,12,0,mañana
0,14,0,mañana
0,1,0,mañana
0,0,0,mañana
0,5,0,mañana
0,11,0,mañana
0,26,1,mañana
0,7,0,mañana
0,4,0,mañana
0,8,0,mañana
0,9,0,mañana
0,5,0,mañana
0,4,0,mañana
0,40,1,mañana
0,18,1,mañana
0,18,1,mañana
0,14,0,mañana
0,12,0,mañana
0,6,0,mañana
0,-1,0,mañana
0,7,0,mañana
0,20,1,mañana
0,13,0,mañana
0,3,0,mañana
0,9,0,mañana
0,4,0,mañana
0,7,0,mañana
0,46,1,mañana
0,9,0,mañana
0,0,0,mañana
0,11,0,mañana
0,1,0,mañana
0,6,0,mañana
0,15,0,mañana
0,7,0,mañana
0,23,1,mañana
0,-5,0,tarde
0,2,0,tarde
0,29,1,tarde
0,-1,0,tarde
0,18,1,tarde
0,7,0,tarde
0,9,0,tarde
0,4,0,tarde
0,23,1,tarde
0,14,0,tarde
0,10,0,tarde
0,6,0,tarde
0,3,0,tarde
0,-5,0,mañana
0,1,0,mañana
0,-2,0,mañana
0,4,0,mañana
0,-1,0,mañana
0,67,1,mañana
0,2,0,mañana
0,8,0,mañana
0,5,0,mañana
0,0,0,mañana
0,5,0,mañana
0,8,0,mañana
0,11,0,mañana
0,1,0,mañana
0,2,0,mañana
0,8,0,mañana
0,1,0,mañana
0,2,0,mañana
0,6,0,mañana
0,23,1,mañana
0,49,1,mañana
0,4,0,mañana
0,-1,0,noche
0,35,1,mañana
0,6,0,tarde
0,6,0,mañana
0,-3,0,tarde
0,13,0,tarde
0,0,0,mañana
0,-3,0,tarde
0,-6,0,noche
0,9,0,noche
0,2,0,mañana
0,5,0,tarde
0,6,0,noche
0,15,0,noche
0,-1,0,noche
0,1,0,noche
0,22,1,tarde
0,8,0,noche
0,1,0,noche
0,6,0,tarde
0,17,1,mañana
0,17,1,tarde
0,0,0,mañana
0,2,0,noche
0,12,0,noche
0,14,0,noche
0,0,0,noche
0,-6,0,noche
0,10,0,noche
0,7,0,noche
0,1,0,noche
0,-3,0,noche
0,6,0,noche
0,36,1,noche
0,-3,0,noche
0,22,1,noche
0,-11,0,noche
0,-4,0,noche
0,21,1,noche
0,0,0,noche
0,-4,0,noche
0,2,0,noche
0,50,1,noche
0,32,1,noche
0,4,0,noche
0,-3,0,noche
0,0,0,noche
0,13,0,noche
0,-4,0,noche
0,9,0,noche
0,-3,0,noche
0,-5,0,noche
0,-2,0,noche
0,5,0,mañana
0,0,0,mañana
0,1,0,mañana
0,8,0,mañana
0,7,0,mañana
0,8,0,mañana
0,23,1,mañana
0,12,0,noche
0,5,0,noche
0,1,0,noche
0,-3,0,noche
0,8,0,noche
0,4,0,noche
0,17,1,noche
0,-2,0,noche
0,19,1,noche
0,-6,0,noche
0,1,0,mañana
0,-1,0,mañana
0,4,0,mañana
0,9,0,mañana
0,7,0,mañana
0,9,0,mañana
0,6,0,mañana
0,24,1,mañana
0,3,0,mañana
0,-4,0,mañana
0,7,0,mañana
0,-4,0,mañana
0,9,0,mañana
0,31,1,mañana
0,0,0,mañana
0,1,0,mañana
0,-1,0,mañana
0,150,1,mañana
0,18,1,mañana
0,0,0,mañana
0,17,1,mañana
0,29,1,mañana
0,4,0,mañana
0,4,0,noche
0,6,0,noche
0,3,0,noche
0,4,0,noche
0,1,0,noche
0,8,0,noche
0,9,0,noche
0,27,1,noche
0,13,0,noche
0,11,0,noche
0,3,0,tarde
0,1,0,tarde
0,14,0,tarde
0,18,1,tarde
0,16,1,tarde
0,11,0,tarde
0,14,0,tarde
0,1,0,tarde
0,-2,0,tarde
0,11,0,tarde
0,17,1,tarde
0,-3,0,tarde
0,72,1,tarde
0,4,0,tarde
0,0,0,noche
0,16,1,noche
0,2,0,noche
0,0,0,noche
0,13,0,noche
0,2,0,noche
0,22,1,noche
0,6,0,noche
0,2,0,noche
0,102,1,noche
0,11,0,noche
0,8,0,noche
0,13,0,noche
0,13,0,noche
0,1,0,noche
0,-2,0,noche
0,0,0,noche
0,33,1,noche
0,8,0,noche
0,21,1,noche
0,5,0,noche
0,0,0,noche
0,0,0,noche
0,7,0,noche
0,4,0,noche
0,0,0,noche
0,4,0,noche
0,23,1,mañana
0,10,0,mañana
0,18,1,mañana
0,5,0,mañana
0,6,0,mañana
0,25,1,mañana
0,13,0,mañana
0,11,0,mañana
0,128,1,mañana
0,-2,0,mañana
0,36,1,mañana
0,11,0,mañana
0,1,0,mañana
0,19,1,mañana
0,44,1,mañana
0,16,1,mañana
0,8,0,mañana
0,16,1,mañana
0,27,1,mañana
0,20,1,mañana
0,5,0,mañana
0,11,0,mañana
0,26,1,mañana
0,-3,0,mañana
0,17,1,mañana
0,17,1,mañana
0,31,1,mañana
0,47,1,mañana
0,38,1,mañana
0,55,1,tarde
0,8,0,tarde
0,8,0,mañana
0,5,0,noche
0,41,1,tarde
0,49,1,tarde
0,1,0,tarde
0,9,0,tarde
0,12,0,noche
0,55,1,tarde
0,24,1,noche
0,62,1,mañana
0,59,1,tarde
0,30,1,tarde
0,7,0,mañana
0,16,1,mañana
0,2,0,mañana
0,7,0,mañana
0,-4,0,mañana
0,30,1,mañana
0,23,1,mañana
0,41,1,mañana
0,15,0,mañana
0,0,0,mañana
0,26,1,mañana
0,7,0,mañana
0,-8,0,tarde
0,-6,0,tarde
0,-1,0,tarde
0,-6,0,tarde
0,5,0,tarde
0,57,1,tarde
0,-5,0,tarde
0,-5,0,tarde
0,5,0,tarde
0,6,0,tarde
0,10,0,tarde
0,62,1,tarde
0,2,0,tarde
0,36,1,tarde
0,161,1,mañana
0,0,0,mañana
0,58,1,mañana
0,-2,0,mañana
0,0,0,mañana
0,8,0,mañana
0,-2,0,mañana
0,15,0,mañana
0,-1,0,mañana
0,11,0,mañana
0,7,0,mañana
0,-4,0,mañana
0,0,0,mañana
0,7,0,mañana
0,31,1,mañana
0,3,0,mañana
0,72,1,mañana
0,7,0,mañana
0,-9,0,mañana
0,7,0,mañana
0,51,1,mañana
0,5,0,mañana
0,3,0,tarde
0,1,0,tarde
0,-4,0,tarde
0,4,0,tarde
0,6,0,tarde
0,2,0,tarde
0,-6,0,tarde
0,-1,0,tarde
0,-9,0,tarde
0,3,0,tarde
0,4,0,tarde
0,-7,0,tarde
0,-6,0,tarde
0,3,0,tarde
0,0,0,tarde
0,0,0,tarde
0,11,0,tarde
0,-2,0,tarde
0,0,0,tarde
0,34,1,tarde
0,25,1,tarde
0,0,0,tarde
0,13,0,mañana
0,10,0,mañana
0,13,0,mañana
0,0,0,mañana
0,-2,0,mañana
0,1,0,mañana
0,-2,0,mañana
0,-9,0,mañana
0,21,1,mañana
0,4,0,mañana
0,-4,0,mañana
0,5,0,mañana
0,-5,0,mañana
0,0,0,mañana
0,20,1,mañana
0,22,1,mañana
0,2,0,mañana
0,21,1,mañana
0,-1,0,mañana
0,116,1,mañana
0,58,1,mañana
0,92,1,mañana
0,1,0,mañana
0,10,0,noche
0,-9,0,noche
0,-10,0,noche
0,53,1,tarde
0,30,1,noche
0,13,0,noche
0,38,1,noche
0,80,1,tarde
0,6,0,noche
0,2,0,noche
0,6,0,noche
0,5,0,tarde
0,72,1,noche
0,9,0,tarde
0,4,0,mañana
0,2,0,mañana
0,11,0,mañana
0,-7,0,noche
0,29,1,noche
0,17,1,noche
0,-10,0,noche
0,60,1,noche
0,61,1,noche
0,18,1,noche
0,0,0,noche
0,12,0,noche
0,-2,0,noche
0,3,0,noche
0,46,1,noche
0,-3,0,noche
0,6,0,noche
0,2,0,noche
0,5,0,noche
0,2,0,noche
0,28,1,noche
0,3,0,noche
0,2,0,noche
0,4,0,noche
0,2,0,noche
0,-8,0,noche
0,1,0,noche
0,31,1,noche
0,16,1,noche
0,0,0,noche
0,5,0,noche
0,41,1,noche
0,153,1,noche
0,93,1,noche
0,-8,0,noche
0,11,0,noche
0,-11,0,mañana
0,5,0,mañana
0,-10,0,mañana
0,127,1,mañana
0,19,1,mañana
0,25,1,noche
0,5,0,noche
0,0,0,noche
0,15,0,noche
0,-9,0,noche
0,-1,0,noche
0,7,0,noche
0,-2,0,noche
0,-3,0,noche
0,-4,0,noche
0,0,0,noche
0,-10,0,noche
0,-7,0,noche
0,-4,0,noche
0,-3,0,noche
0,3,0,noche
0,-10,0,noche
0,2,0,noche
0,-5,0,noche
0,-3,0,noche
0,-2,0,noche
0,-1,0,noche
0,-5,0,noche
0,-11,0,noche
0,-11,0,noche
0,-8,0,noche
0,0,0,noche
0,4,0,noche
0,10,0,noche
0,22,1,noche
0,-9,0,noche
0,-8,0,noche
0,-8,0,noche
0,-9,0,noche
0,-9,0,noche
0,-9,0,noche
0,-2,0,noche
0,90,1,noche
0,-12,0,noche
0,-5,0,noche
0,-10,0,noche
0,-6,0,noche
0,-7,0,noche
0,-5,0,noche
0,-6,0,noche
0,80,1,noche
0,4,0,noche
0,27,1,noche
0,-11,0,noche
0,-7,0,noche
0,-2,0,noche
0,-10,0,noche
0,-7,0,noche
0,-9,0,noche
0,-8,0,noche
0,110,1,noche
0,20,1,noche
0,-7,0,mañana
0,3,0,mañana
0,-3,0,mañana
0,0,0,mañana
0,19,1,mañana
0,2,0,mañana
0,13,0,mañana
0,-8,0,mañana
0,-9,0,mañana
0,-6,0,mañana
0,0,0,mañana
0,3,0,mañana
0,70,1,mañana
0,9,0,mañana
0,-1,0,mañana
0,54,1,mañana
0,-3,0,mañana
0,9,0,mañana
0,8,0,mañana
0,1,0,mañana
0,6,0,mañana
0,11,0,mañana
0,20,1,mañana
0,36,1,mañana
0,-2,0,tarde
0,8,0,tarde
0,0,0,tarde
0,-7,0,tarde
0,-7,0,tarde
0,4,0,tarde
0,6,0,tarde
0,3,0,tarde
0,5,0,tarde
0,-5,0,tarde
0,11,0,tarde
0,52,1,tarde
0,6,0,tarde
0,22,1,tarde
0,3,0,tarde
0,14,0,tarde
0,8,0,tarde
0,-5,0,tarde
0,-6,0,tarde
0,-5,0,tarde
0,-1,0,tarde
0,-3,0,tarde
0,18,1,tarde
0,15,0,tarde
0,-7,0,tarde
0,-1,0,tarde
0,-9,0,tarde
0,2,0,tarde
0,-2,0,tarde
0,-7,0,tarde
0,7,0,tarde
0,1,0,tarde
0,-6,0,tarde
0,-3,0,tarde
0,-1,0,tarde
0,-4,0,tarde
0,-4,0,tarde
0,1,0,tarde
0,14,0,tarde
0,-1,0,tarde
0,6,0,tarde
0,-1,0,tarde
0,-4,0,tarde
0,-1,0,tarde
0,0,0,tarde
0,-6,0,tarde
0,-3,0,tarde
0,-6,0,tarde
0,-13,0,tarde
0,1,0,tarde
0,-9,0,tarde
0,4,0,tarde
0,-6,0,tarde
0,-6,0,noche
0,-3,0,noche
0,-8,0,noche
0,-11,0,noche
0,-6,0,noche
0,-4,0,noche
0,1,0,noche
0,-4,0,noche
0,-10,0,noche
0,-6,0,noche
0,-11,0,noche
0,-3,0,noche
0,-11,0,noche
0,-14,0,noche
0,-8,0,noche
0,10,0,noche
0,-11,0,noche
0,-2,0,noche
0,-6,0,noche
0,10,0,noche
0,-8,0,noche
0,5,0,noche
0,7,0,noche
0,-7,0,noche
0,-12,0,noche
0,-7,0,noche
0,-10,0,noche
0,-3,0,noche
0,93,1,mañana
0,18,1,mañana
0,63,1,mañana
0,16,1,mañana
0,17,1,mañana
0,-3,0,mañana
0,33,1,mañana
0,1,0,mañana
0,5,0,mañana
0,-4,0,mañana
0,-5,0,mañana
0,46,1,mañana
0,7,0,mañana
0,8,0,mañana
0,12,0,mañana
0,23,1,mañana
0,29,1,mañana
0,6,0,mañana
0,15,0,mañana
0,-3,0,mañana
0,2,0,mañana
0,120,1,mañana
0,21,1,mañana
0,5,0,mañana
0,-2,0,mañana
0,3,0,mañana
0,54,1,mañana
0,17,1,mañana
0,1,0,mañana
0,47,1,mañana
0,5,0,mañana
0,2,0,mañana
0,2,0,mañana
0,63,1,mañana
0,13,0,mañana
0,-4,0,mañana
0,3,0,mañana
0,-14,0,mañana
0,98,1,mañana
0,9,0,mañana
0,-9,0,mañana
0,23,1,mañana
0,5,0,mañana
0,6,0,mañana
0,45,1,mañana
0,-10,0,mañana
0,15,0,mañana
0,7,0,mañana
0,21,1,mañana
0,7,0,mañana
0,4,0,mañana
0,1,0,mañana
0,-6,0,mañana
0,33,1,mañana
0,7,0,mañana
0,-7,0,mañana
0,10,0,mañana
0,1,0,tarde
0,52,1,tarde
0,-7,0,tarde
0,38,1,tarde
0,9,0,tarde
0,10,0,tarde
0,-1,0,tarde
0,5,0,tarde
0,32,1,tarde
0,-1,0,tarde
0,9,0,tarde
0,6,0,tarde
0,-14,0,tarde
0,-7,0,tarde
0,20,1,tarde
0,88,1,tarde
0,-1,0,tarde
0,6,0,tarde
0,-10,0,tarde
0,-3,0,tarde
0,1,0,tarde
0,43,1,tarde
0,5,0,tarde
0,-4,0,tarde
0,0,0,tarde
0,16,1,tarde
0,20,1,tarde
0,20,1,tarde
0,31,1,tarde
0,25,1,tarde
0,-4,0,tarde
0,-6,0,tarde
0,6,0,tarde
0,3,0,tarde
0,-2,0,tarde
0,13,0,tarde
0,-2,0,tarde
0,3,0,tarde
0,-14,0,tarde
0,-9,0,tarde
0,-5,0,tarde
0,-1,0,tarde
0,24,1,tarde
0,34,1,tarde
0,0,0,tarde
0,-2,0,tarde
0,10,0,tarde
0,-1,0,tarde
0,2,0,tarde
0,31,1,tarde
0,-5,0,tarde
0,6,0,tarde
0,5,0,tarde
0,3,0,tarde
0,-10,0,tarde
0,-9,0,tarde
0,10,0,tarde
0,-1,0,tarde
0,-8,0,mañana
0,-10,0,mañana
0,-5,0,mañana
0,16,1,mañana
0,17,1,mañana
0,56,1,mañana
0,1,0,mañana
0,-4,0,mañana
0,-3,0,mañana
0,-4,0,mañana
0,-4,0,mañana
0,1,0,mañana
0,-8,0,mañana
0,-6,0,mañana
0,0,0,mañana
0,4,0,mañana
0,-10,0,mañana
0,5,0,mañana
0,11,0,mañana
0,-3,0,mañana
0,-5,0,mañana
0,-4,0,mañana
0,1,0,mañana
0,10,0,mañana
0,-13,0,mañana
0,4,0,mañana
0,-10,0,mañana
0,-11,0,mañana
0,-9,0,mañana
0,2,0,mañana
0,22,1,noche
0,58,1,noche
0,31,1,noche
0,10,0,noche
0,2,0,noche
0,31,1,noche
0,14,0,noche
0,17,1,noche
0,7,0,noche
0,11,0,noche
0,-7,0,noche
0,35,1,noche
0,30,1,noche
0,52,1,noche
0,-2,0,noche
0,40,1,noche
0,15,0,noche
0,8,0,noche
0,54,1,noche
0,1,0,noche
0,-3,0,noche
0,12,0,noche
0,18,1,noche
0,22,1,noche
0,9,0,noche
0,55,1,noche
0,5,0,noche
0,2,0,noche
0,6,0,noche
0,-6,0,noche
0,24,1,mañana
0,16,1,mañana
0,16,1,mañana
0,15,0,mañana
0,-6,0,mañana
0,8,0,mañana
0,3,0,mañana
0,6,0,mañana
0,9,0,mañana
0,-4,0,mañana
0,-7,0,mañana
0,7,0,mañana
0,4,0,mañana
0,-2,0,mañana
0,31,1,mañana
0,18,1,mañana
0,0,0,mañana
0,-12,0,mañana
0,0,0,mañana
0,4,0,mañana
0,-3,0,mañana
0,0,0,mañana
0,2,0,mañana
0,-1,0,mañana
0,-6,0,mañana
0,-1,0,mañana
0,3,0,mañana
0,-8,0,mañana
0,14,0,tarde
0,11,0,tarde
0,9,0,tarde
0,13,0,tarde
0,13,0,tarde
0,82,1,tarde
0,1,0,tarde
0,16,1,tarde
0,11,0,tarde
0,-1,0,tarde
0,5,0,tarde
0,16,1,tarde
0,-1,0,tarde
0,26,1,tarde
0,7,0,tarde
0,21,1,tarde
0,18,1,tarde
0,0,0,tarde
0,2,0,tarde
0,27,1,tarde
0,25,1,tarde
0,26,1,tarde
0,41,1,tarde
0,-3,0,tarde
0,38,1,tarde
0,10,0,tarde
0,-11,0,tarde
0,7,0,tarde
0,5,0,tarde
0,61,1,tarde
0,-2,0,noche
0,-11,0,noche
0,-8,0,noche
0,8,0,noche
0,-7,0,noche
0,-1,0,noche
0,-8,0,noche
0,3,0,noche
0,9,0,noche
0,-5,0,noche
0,-10,0,noche
0,-3,0,noche
0,-9,0,noche
0,1,0,noche
0,-2,0,noche
0,-6,0,noche
0,5,0,noche
0,-13,0,noche
0,12,0,mañana
0,-2,0,mañana
0,3,0,mañana
0,16,1,mañana
0,-6,0,mañana
0,0,0,mañana
0,16,1,mañana
0,0,0,mañana
0,-8,0,mañana
0,-3,0,mañana
0,13,0,mañana
0,7,0,mañana
0,6,0,mañana
0,1,0,mañana
0,13,0,mañana
0,9,0,mañana
0,-7,0,mañana
0,-6,0,mañana
0,8,0,mañana
0,13,0,mañana
0,1,0,mañana
0,5,0,mañana
0,5,0,tarde
0,11,0,tarde
0,18,1,tarde
0,1,0,tarde
0,16,1,tarde
0,-2,0,tarde
0,-5,0,tarde
0,1,0,tarde
0,1,0,tarde
0,7,0,tarde
0,5,0,tarde
0,7,0,tarde
0,86,1,tarde
0,1,0,tarde
0,2,0,tarde
0,7,0,tarde
0,10,0,tarde
0,-10,0,mañana
0,-7,0,mañana
0,-5,0,mañana
0,-10,0,mañana
0,8,0,mañana
0,-1,0,mañana
0,1,0,mañana
0,-1,0,mañana
0,-1,0,mañana
0,-4,0,mañana
0,-7,0,mañana
0,5,0,mañana
0,0,0,mañana
0,-2,0,mañana
0,0,0,mañana
0,4,0,mañana
0,-2,0,mañana
0,-7,0,mañana
0,1,0,mañana
0,-5,0,mañana
0,45,1,mañana
0,-13,0,mañana
0,3,0,mañana
0,-4,0,mañana
0,1,0,mañana
0,-1,0,mañana
0,10,0,mañana
0,-11,0,mañana
0,-5,0,mañana
0,4,0,mañana
0,-1,0,mañana
0,0,0,mañana
0,-6,0,mañana
0,14,0,mañana
0,-10,0,mañana
0,4,0,mañana
0,-1,0,mañana
0,11,0,mañana
0,3,0,mañana
0,4,0,mañana
0,-3,0,mañana
0,6,0,mañana
0,13,0,mañana
0,-8,0,mañana
0,0,0,mañana
0,-11,0,mañana
0,-6,0,mañana
0,-9,0,mañana
0,-3,0,mañana
0,20,1,mañana
0,-3,0,mañana
0,-10,0,mañana
0,-2,0,mañana
0,-8,0,mañana
0,-3,0,mañana
0,-8,0,mañana
0,4,0,mañana
0,76,1,noche
0,3,0,noche
0,1,0,noche
0,-14,0,noche
0,-2,0,noche
0,3,0,noche
0,9,0,noche
0,21,1,noche
0,4,0,noche
0,-10,0,noche
0,-3,0,noche
0,-7,0,noche
0,1,0,noche
0,19,1,noche
0,-2,0,noche
0,-10,0,noche
0,7,0,noche
0,-3,0,noche
0,-8,0,noche
0,-6,0,noche
0,-1,0,noche
0,-1,0,noche
0,-4,0,noche
0,-5,0,noche
0,-4,0,noche
0,-2,0,noche
0,-5,0,noche
0,-5,0,noche
0,-9,0,noche
0,-12,0,noche
0,20,1,mañana
0,17,1,mañana
0,13,0,mañana
0,15,0,mañana
0,4,0,mañana
0,15,0,noche
0,-7,0,noche
0,-6,0,noche
0,3,0,noche
0,0,0,noche
0,-4,0,noche
0,1,0,noche
0,5,0,noche
0,18,1,noche
0,3,0,noche
0,9,0,noche
0,8,0,noche
0,5,0,noche
0,28,1,noche
0,5,0,noche
0,-3,0,noche
0,49,1,noche
0,12,0,noche
0,11,0,noche
0,-6,0,noche
0,-1,0,noche
0,1,0,noche
0,8,0,noche
0,-1,0,noche
0,-11,0,noche
0,4,0,noche
0,4,0,noche
0,2,0,noche
0,13,0,noche
0,0,0,noche
0,7,0,noche
0,-5,0,noche
0,10,0,noche
0,2,0,noche
0,-7,0,noche
0,-8,0,noche
0,24,1,noche
0,17,1,noche
0,12,0,noche
0,-5,0,noche
0,6,0,noche
0,-7,0,noche
0,4,0,noche
0,-1,0,noche
0,-5,0,noche
0,13,0,noche
0,-6,0,noche
0,-9,0,noche
0,-2,0,noche
0,-3,0,noche
0,-7,0,noche
0,-3,0,noche
0,-6,0,noche
0,-6,0,noche
0,-13,0,noche
0,-6,0,noche
0,-10,0,noche
0,2,0,noche
0,-1,0,noche
0,-9,0,noche
0,0,0,noche
0,-14,0,noche
0,-8,0,noche
0,5,0,noche
0,-7,0,noche
0,0,0,noche
0,1,0,noche
0,-12,0,noche
0,0,0,noche
0,-6,0,noche
0,-2,0,noche
0,5,0,noche
0,0,0,noche
0,-7,0,noche
0,-7,0,noche
0,-10,0,noche
0,45,1,noche
0,3,0,noche
0,1,0,noche
0,28,1,noche
0,0,0,noche
0,-11,0,noche
0,-6,0,noche
0,-3,0,noche
0,4,0,noche
0,-2,0,noche
0,-4,0,noche
0,-9,0,mañana
0,-11,0,mañana
0,-5,0,mañana
0,1,0,mañana
0,-10,0,mañana
0,-1,0,mañana
0,-7,0,mañana
0,-10,0,mañana
0,3,0,mañana
0,-12,0,mañana
0,-12,0,mañana
0,1,0,mañana
0,1,0,mañana
0,-2,0,mañana
0,-9,0,mañana
0,-7,0,mañana
0,-11,0,mañana
0,-1,0,mañana
0,12,0,tarde
0,31,1,tarde
0,30,1,tarde
0,90,1,tarde
0,37,1,tarde
0,53,1,tarde
0,10,0,tarde
0,30,1,tarde
0,13,0,tarde
0,6,0,tarde
0,15,0,tarde
0,15,0,tarde
0,27,1,tarde
0,31,1,tarde
0,73,1,tarde
0,50,1,tarde
0,42,1,tarde
0,12,0,tarde
0,18,1,tarde
0,17,1,tarde
0,31,1,tarde
0,51,1,tarde
0,24,1,tarde
0,30,1,tarde
0,57,1,tarde
0,25,1,tarde
0,7,0,tarde
0,20,1,tarde
0,44,1,tarde
0,32,1,tarde
0,7,0,mañana
0,2,0,mañana
0,-5,0,mañana
0,5,0,mañana
0,127,1,mañana
0,10,0,mañana
0,4,0,mañana
0,4,0,mañana
0,-1,0,mañana
0,1,0,mañana
0,6,0,mañana
0,-4,0,mañana
0,0,0,mañana
0,-1,0,mañana
0,-4,0,mañana
0,3,0,mañana
0,12,0,mañana
0,-8,0,mañana
0,-13,0,mañana
0,1,0,mañana
0,5,0,mañana
0,2,0,mañana
0,-2,0,mañana
0,0,0,mañana
0,7,0,mañana
0,3,0,mañana
0,-2,0,mañana
0,60,1,mañana
0,4,0,mañana
0,-12,0,mañana
0,-9,0,mañana
0,3,0,mañana
0,-10,0,mañana
0,-11,0,mañana
0,-12,0,mañana
0,-10,0,mañana
0,9,0,mañana
0,-8,0,mañana
0,-1,0,mañana
0,-9,0,mañana
0,-5,0,mañana
0,-6,0,mañana
0,-7,0,mañana
0,-2,0,mañana
0,-2,0,mañana
0,-6,0,mañana
0,-3,0,mañana
0,-8,0,mañana
0,-12,0,mañana
0,-11,0,mañana
0,73,1,tarde
0,15,0,tarde
0,32,1,tarde
0,19,1,tarde
0,6,0,tarde
0,11,0,tarde
0,7,0,tarde
0,62,1,tarde
0,-6,0,tarde
0,11,0,tarde
0,26,1,tarde
0,26,1,tarde
0,2,0,mañana
0,-1,0,mañana
0,0,0,mañana
0,-1,0,mañana
0,1,0,mañana
0,-5,0,mañana
0,0,0,mañana
0,25,1,mañana
0,-12,0,mañana
0,-1,0,mañana
0,-9,0,mañana
0,5,0,mañana
0,0,0,mañana
0,9,0,mañana
0,12,0,mañana
0,9,0,mañana
0,0,0,mañana
0,-2,0,mañana
0,-8,0,mañana
0,-1,0,mañana
0,3,0,mañana
0,-10,0,mañana
0,-9,0,mañana
0,-3,0,mañana
0,1,0,mañana
0,-4,0,mañana
0,-2,0,mañana
0,-1,0,mañana
0,-4,0,mañana
0,1,0,noche
0,-5,0,noche
0,-7,0,noche
0,-13,0,noche
0,-7,0,noche
0,11,0,noche
0,-11,0,noche
0,-14,0,noche
0,-11,0,noche
0,-9,0,noche
0,-12,0,noche
0,-1,0,noche
0,-1,0,noche
0,-6,0,noche
0,5,0,noche
0,-3,0,noche
0,-12,0,noche
0,-7,0,noche
0,-5,0,noche
0,-5,0,noche
0,23,1,noche
0,-8,0,noche
0,-11,0,noche
0,4,0,noche
0,1,0,noche
0,-3,0,tarde
0,9,0,tarde
0,39,1,tarde
0,9,0,tarde
0,-2,0,tarde
0,-2,0,tarde
0,82,1,tarde
0,5,0,tarde
0,53,1,tarde
0,5,0,tarde
0,2,0,tarde
0,5,0,tarde
0,2,0,tarde
0,-5,0,tarde
0,2,0,tarde
0,-2,0,tarde
0,-2,0,tarde
0,1,0,mañana
0,-3,0,mañana
0,6,0,mañana
0,-1,0,mañana
0,42,1,mañana
0,1,0,mañana
0,18,1,mañana
0,24,1,mañana
0,4,0,mañana
0,0,0,tarde
0,15,0,tarde
0,18,1,tarde
0,-2,0,tarde
0,1,0,tarde
0,19,1,tarde
0,49,1,tarde
0,40,1,tarde
0,-1,0,tarde
0,-3,0,tarde
0,-2,0,tarde
0,11,0,tarde
0,-4,0,tarde
0,44,1,tarde
0,37,1,tarde
0,10,0,tarde
0,12,0,tarde
0,3,0,tarde
0,9,0,tarde
0,4,0,tarde
0,2,0,tarde
0,8,0,tarde
0,-3,0,tarde
0,1,0,tarde
0,-3,0,tarde
0,16,1,tarde
0,0,0,tarde
0,-2,0,tarde
0,1,0,tarde
0,-5,0,tarde
0,-8,0,noche
0,-3,0,noche
0,-10,0,noche
0,6,0,noche
0,-9,0,noche
0,-10,0,noche
0,11,0,noche
0,103,1,noche
0,-12,0,noche
0,-9,0,noche
0,3,0,noche
0,11,0,noche
0,-7,0,noche
0,-8,0,noche
0,-1,0,noche
0,85,1,noche
0,1,0,noche
0,-3,0,noche
0,5,0,noche
0,6,0,noche
0,-6,0,noche
0,-1,0,noche
0,3,0,noche
0,-5,0,noche
0,-10,0,noche
0,-10,0,noche
0,-12,0,noche
0,-14,0,noche
0,-11,0,noche
0,4,0,tarde
0,41,1,tarde
0,22,1,tarde
0,2,0,tarde
0,5,0,tarde
0,8,0,tarde
0,11,0,tarde
0,19,1,tarde
0,0,0,tarde
0,5,0,tarde
0,8,0,tarde
0,-3,0,tarde
0,10,0,tarde
0,13,0,tarde
0,33,1,tarde
0,12,0,tarde
0,12,0,tarde
0,0,0,tarde
0,10,0,tarde
0,8,0,tarde
0,92,1,tarde
0,9,0,tarde
0,-7,0,tarde
0,6,0,tarde
0,1,0,tarde
0,11,0,tarde
0,2,0,tarde
0,16,1,tarde
0,70,1,tarde
0,4,0,tarde
0,6,0,tarde
0,-3,0,tarde
0,58,1,tarde
0,7,0,tarde
0,-4,0,tarde
0,0,0,tarde
0,17,1,tarde
0,-3,0,tarde
0,22,1,tarde
0,7,0,tarde
0,10,0,tarde
0,-2,0,tarde
0,18,1,tarde
0,6,0,tarde
0,101,1,tarde
0,8,0,tarde
0,0,0,tarde
0,2,0,tarde
0,6,0,tarde
0,-3,0,tarde
0,0,0,mañana
0,-1,0,mañana
0,38,1,mañana
0,19,1,mañana
0,12,0,mañana
0,13,0,mañana
0,3,0,mañana
0,10,0,mañana
0,27,1,mañana
0,9,0,mañana
0,17,1,mañana
0,-1,0,mañana
0,40,1,mañana
0,21,1,mañana
0,28,1,mañana
0,4,0,mañana
0,11,0,mañana
0,11,0,mañana
0,35,1,mañana
0,10,0,mañana
0,2,0,mañana
0,7,0,mañana
0,5,0,mañana
0,32,1,mañana
0,0,0,mañana
0,12,0,mañana
0,4,0,mañana
0,17,1,mañana
0,4,0,mañana
0,8,0,mañana
0,10,0,tarde
0,28,1,tarde
0,42,1,tarde
0,0,0,tarde
0,19,1,tarde
0,6,0,tarde
0,10,0,tarde
0,82,1,tarde
0,18,1,tarde
0,-1,0,tarde
0,-3,0,tarde
0,6,0,tarde
0,21,1,tarde
0,57,1,tarde
0,35,1,tarde
0,39,1,tarde
0,8,0,tarde
0,-2,0,tarde
0,12,0,tarde
0,9,0,tarde
0,20,1,tarde
0,61,1,tarde
0,9,0,tarde
0,9,0,tarde
0,2,0,tarde
0,34,1,tarde
0,5,0,tarde
0,12,0,tarde
0,69,1,tarde
0,1,0,tarde
0,1,0,mañana
0,1,0,mañana
0,6,0,mañana
0,9,0,mañana
0,-3,0,mañana
0,6,0,mañana
0,95,1,mañana
0,16,1,mañana
0,8,0,mañana
0,21,1,mañana
0,-5,0,mañana
0,7,0,mañana
0,16,1,mañana
0,30,1,mañana
0,11,0,mañana
0,0,0,mañana
0,123,1,mañana
0,0,0,mañana
0,16,1,mañana
0,-5,0,mañana
0,1,0,mañana
0,13,0,mañana
0,39,1,mañana
0,15,0,mañana
0,10,0,mañana
0,12,0,mañana
0,11,0,mañana
0,4,0,mañana
0,-5,0,mañana
0,13,0,mañana
0,0,0,mañana
0,1,0,tarde
0,11,0,mañana
0,23,1,noche
0,5,0,mañana
0,-3,0,mañana
0,-2,0,mañana
0,-2,0,mañana
0,8,0,mañana
0,0,0,mañana
0,-1,0,mañana
0,51,1,mañana
0,-1,0,mañana
0,9,0,mañana
0,-1,0,mañana
0,-1,0,mañana
0,3,0,mañana
0,5,0,mañana
0,-3,0,mañana
0,-1,0,mañana
0,4,0,mañana
0,5,0,mañana
0,-2,0,mañana
0,2,0,mañana
0,5,0,mañana
0,2,0,mañana
0,-2,0,mañana
0,3,0,mañana
0,50,1,mañana
0,1,0,mañana
0,-1,0,mañana
0,5,0,mañana
0,2,0,mañana
0,-4,0,mañana
0,1,0,mañana
0,13,0,mañana
0,1,0,mañana
0,7,0,mañana
0,0,0,mañana
0,85,1,mañana
0,-12,0,mañana
0,11,0,mañana
0,0,0,mañana
0,0,0,mañana
0,0,0,mañana
0,2,0,mañana
0,94,1,mañana
0,3,0,mañana
0,3,0,mañana
0,1,0,mañana
0,5,0,mañana
0,0,0,mañana
0,1,0,mañana
0,4,0,mañana
0,1,0,mañana
0,-6,0,mañana
0,14,0,mañana
0,5,0,mañana
0,0,0,mañana
0,4,0,mañana
0,20,1,mañana
0,-1,0,mañana
0,-2,0,mañana
0,-2,0,mañana
0,1,0,mañana
0,4,0,mañana
0,-3,0,mañana
0,3,0,mañana
0,8,0,mañana
0,17,1,mañana
0,5,0,mañana
0,-2,0,mañana
0,-3,0,mañana
0,4,0,mañana
0,10,0,mañana
0,4,0,mañana
0,6,0,mañana
0,3,0,mañana
0,-2,0,mañana
0,-1,0,mañana
0,3,0,mañana
0,2,0,mañana
0,1,0,mañana
0,3,0,mañana
0,11,0,mañana
0,-4,0,mañana
0,1,0,mañana
0,10,0,mañana
0,2,0,mañana
0,23,1,mañana
0,2,0,mañana
0,-1,0,tarde
0,4,0,tarde
0,15,0,tarde
0,17,1,tarde
0,1,0,tarde
0,44,1,tarde
0,8,0,tarde
0,-2,0,tarde
0,1,0,tarde
0,16,1,tarde
0,22,1,tarde
0,7,0,tarde
0,-2,0,mañana
0,16,1,mañana
0,9,0,mañana
0,-2,0,mañana
0,9,0,mañana
0,9,0,mañana
0,-3,0,mañana
0,-3,0,mañana
0,-3,0,mañana
0,0,0,mañana
0,-6,0,mañana
0,2,0,mañana
0,1,0,mañana
0,0,0,mañana
0,0,0,tarde
0,12,0,tarde
0,-1,0,tarde
0,2,0,tarde
0,8,0,tarde
0,10,0,tarde
0,4,0,tarde
0,45,1,tarde
0,-2,0,tarde
0,35,1,tarde
0,0,0,tarde
0,-1,0,tarde
0,31,1,tarde
0,15,0,tarde
0,54,1,tarde
0,-3,0,tarde
0,-2,0,tarde
0,-2,0,tarde
0,26,1,tarde
0,5,0,tarde
0,-7,0,tarde
0,5,0,tarde
0,0,0,tarde
0,1,0,tarde
0,3,0,tarde
0,-3,0,tarde
0,1,0,mañana
0,8,0,mañana
0,3,0,mañana
0,1,0,mañana
0,5,0,mañana
0,3,0,mañana
0,9,0,mañana
0,47,1,mañana
0,24,1,mañana
0,0,0,tarde
0,11,0,tarde
0,-3,0,tarde
0,19,1,tarde
0,13,0,tarde
0,13,0,tarde
0,-2,0,tarde
0,67,1,tarde
0,-1,0,tarde
0,44,1,tarde
0,-3,0,tarde
0,0,0,tarde
0,-1,0,tarde
0,6,0,tarde
0,72,1,tarde
0,-2,0,tarde
0,0,0,tarde
0,-1,0,tarde
0,-3,0,tarde
0,-2,0,tarde
0,-3,0,tarde
0,0,0,tarde
0,5,0,tarde
0,7,0,tarde
0,4,0,tarde
0,4,0,mañana
0,2,0,mañana
0,-1,0,mañana
0,-2,0,mañana
0,6,0,mañana
0,-1,0,mañana
0,-2,0,mañana
0,0,0,mañana
0,150,1,mañana
0,2,0,mañana
0,-1,0,mañana
0,66,1,mañana
0,7,0,mañana
0,26,1,mañana
0,17,1,mañana
0,-2,0,mañana
0,-2,0,mañana
0,-4,0,mañana
0,-3,0,mañana
0,-3,0,mañana
0,3,0,mañana
0,-3,0,mañana
0,4,0,mañana
0,1,0,mañana
0,4,0,mañana
0,9,0,mañana
0,-2,0,mañana
0,1,0,mañana
0,5,0,mañana
0,2,0,tarde
0,-2,0,tarde
0,-2,0,tarde
0,20,1,mañana
0,5,0,tarde
0,14,0,tarde
0,1,0,tarde
0,11,0,mañana
0,-2,0,tarde
0,5,0,tarde
0,2,0,tarde
0,-2,0,tarde
0,1,0,mañana
0,-3,0,tarde
0,3,0,mañana
0,18,1,tarde
0,20,1,mañana
0,35,1,tarde
0,6,0,mañana
0,27,1,tarde
0,0,0,tarde
0,8,0,tarde
0,12,0,tarde
0,12,0,tarde
0,23,1,tarde
0,2,0,tarde
0,29,1,tarde
0,54,1,tarde
0,8,0,tarde
0,100,1,tarde
0,-1,0,tarde
0,21,1,tarde
0,36,1,tarde
0,3,0,tarde
0,8,0,tarde
0,14,0,tarde
0,3,0,tarde
0,53,1,tarde
0,10,0,tarde
0,8,0,tarde
0,40,1,tarde
0,16,1,tarde
0,47,1,tarde
0,9,0,tarde
0,2,0,tarde
0,158,1,mañana
0,-2,0,mañana
0,24,1,mañana
0,77,1,mañana
0,1,0,mañana
0,-7,0,mañana
0,-7,0,mañana
0,4,0,mañana
0,12,0,mañana
0,156,1,mañana
0,0,0,mañana
0,-1,0,mañana
0,1,0,mañana
0,-1,0,mañana
0,7,0,mañana
0,0,0,mañana
0,1,0,mañana
0,-3,0,mañana
0,0,0,mañana
0,-2,0,mañana
0,0,0,mañana
0,-1,0,mañana
0,1,0,mañana
0,-2,0,mañana
0,-3,0,mañana
0,-2,0,mañana
0,-2,0,mañana
0,4,0,mañana
0,-1,0,mañana
0,-1,0,mañana
0,1,0,mañana
0,6,0,mañana
0,-3,0,mañana
0,38,1,mañana
0,9,0,mañana
0,2,0,mañana
0,34,1,mañana
0,5,0,mañana
0,10,0,mañana
0,18,1,mañana
0,17,1,mañana
0,-3,0,mañana
0,-4,0,mañana
0,-2,0,mañana
0,0,0,mañana
0,10,0,mañana
0,-3,0,mañana
0,4,0,mañana
0,4,0,mañana
0,7,0,mañana
0,6,0,mañana
0,1,0,mañana
0,1,0,mañana
0,6,0,tarde
0,-2,0,tarde
0,3,0,tarde
0,-1,0,tarde
0,128,1,tarde
0,10,0,tarde
0,-7,0,tarde
0,-3,0,tarde
0,7,0,tarde
0,4,0,tarde
0,4,0,tarde
0,14,0,tarde
0,0,0,noche
0,16,1,noche
0,-4,0,noche
0,-4,0,noche
0,18,1,noche
0,47,1,noche
0,17,1,noche
0,113,1,noche
0,-2,0,noche
0,-1,0,noche
0,-2,0,noche
0,-5,0,noche
0,8,0,noche
0,22,1,noche
0,-1,0,noche
0,-4,0,noche
0,6,0,noche
0,9,0,noche
0,40,1,noche
0,9,0,noche
0,4,0,noche
0,8,0,noche
0,32,1,noche
0,43,1,noche
0,-5,0,noche
0,0,0,noche
0,3,0,tarde
0,8,0,tarde
0,-6,0,tarde
0,85,1,tarde
0,-4,0,tarde
0,0,0,tarde
0,-1,0,tarde
0,46,1,mañana
0,13,0,mañana
0,-3,0,mañana
0,14,0,mañana
0,7,0,mañana
0,3,0,mañana
0,-1,0,mañana
0,80,1,mañana
0,41,1,mañana
0,10,0,mañana
0,3,0,mañana
0,56,1,mañana
0,14,0,mañana
0,20,1,mañana
0,-6,0,mañana
0,21,1,mañana
0,3,0,mañana
0,0,0,mañana
0,-2,0,mañana
0,28,1,mañana
0,-1,0,mañana
0,-3,0,mañana
0,21,1,mañana
0,11,0,mañana
0,-1,0,mañana
0,33,1,mañana
0,1,0,tarde
0,2,0,tarde
0,-2,0,tarde
0,5,0,tarde
0,-1,0,tarde
0,2,0,tarde
0,-8,0,tarde
0,83,1,tarde
0,7,0,tarde
0,-3,0,tarde
0,-6,0,tarde
0,7,0,tarde
0,120,1,tarde
0,66,1,tarde
0,-3,0,tarde
0,-1,0,tarde
0,-5,0,tarde
0,11,0,tarde
0,-1,0,tarde
0,23,1,tarde
0,9,0,tarde
0,-3,0,tarde
0,1,0,tarde
0,-4,0,tarde
0,3,0,tarde
0,15,0,tarde
0,12,0,mañana
0,-1,0,mañana
0,-2,0,mañana
0,13,0,mañana
0,-2,0,mañana
0,70,1,mañana
0,-3,0,mañana
0,-2,0,mañana
0,4,0,mañana
0,0,0,mañana
0,1,0,mañana
0,2,0,mañana
0,9,0,mañana
0,-3,0,mañana
0,-4,0,mañana
0,0,0,mañana
0,-1,0,mañana
0,-3,0,mañana
0,4,0,mañana
0,-4,0,mañana
0,-1,0,mañana
0,-1,0,noche
0,-5,0,noche
0,12,0,noche
0,-3,0,noche
0,15,0,noche
0,16,1,noche
0,5,0,noche
0,73,1,noche
0,26,1,noche
0,10,0,noche
0,35,1,noche
0,9,0,noche
0,24,1,noche
0,21,1,noche
0,-2,0,noche
0,-5,0,noche
0,-2,0,noche
0,114,1,noche
0,1,0,noche
0,18,1,noche
0,2,0,noche
0,-6,0,noche
0,0,0,noche
0,16,1,noche
0,-1,0,noche
0,34,1,mañana
0,5,0,mañana
0,-5,0,mañana
0,0,0,mañana
0,4,0,mañana
0,0,0,mañana
0,1,0,mañana
0,-2,0,mañana
0,46,1,mañana
0,4,0,mañana
0,-2,0,mañana
0,7,0,mañana
0,-4,0,mañana
0,11,0,mañana
0,8,0,mañana
0,2,0,mañana
0,-4,0,mañana
0,-2,0,mañana
0,-1,0,mañana
0,0,0,mañana
0,3,0,mañana
0,9,0,mañana
0,6,0,mañana
0,-1,0,mañana
0,5,0,mañana
0,21,1,mañana
0,-1,0,mañana
0,-1,0,mañana
0,7,0,mañana
0,4,0,mañana
0,7,0,tarde
0,0,0,tarde
0,-3,0,tarde
0,20,1,tarde
0,1,0,tarde
0,-5,0,tarde
0,-5,0,tarde
0,28,1,tarde
0,6,0,tarde
0,98,1,tarde
0,10,0,tarde
0,-1,0,tarde
0,-5,0,tarde
0,4,0,tarde
0,7,0,tarde
0,-3,0,tarde
0,0,0,tarde
0,-3,0,tarde
0,-2,0,tarde
0,1,0,tarde
0,-3,0,tarde
0,-1,0,tarde
0,-1,0,tarde
0,50,1,tarde
0,0,0,tarde
0,-1,0,tarde
0,-1,0,mañana
0,4,0,mañana
0,2,0,mañana
0,10,0,mañana
0,-3,0,tarde
0,-4,0,tarde
0,-5,0,tarde
0,-4,0,tarde
0,4,0,tarde
0,-5,0,tarde
0,14,0,tarde
0,-3,0,tarde
0,97,1,tarde
0,-2,0,tarde
0,1,0,tarde
0,-2,0,tarde
0,9,0,tarde
0,-6,0,tarde
0,-2,0,tarde
0,0,0,tarde
0,2,0,tarde
0,1,0,tarde
0,2,0,tarde
0,1,0,tarde
0,17,1,tarde
0,-2,0,tarde
0,2,0,tarde
0,-1,0,tarde
0,-2,0,tarde
0,17,1,tarde
0,31,1,tarde
0,17,1,tarde
0,0,0,tarde
0,4,0,tarde
0,19,1,tarde
0,-5,0,tarde
0,18,1,tarde
0,6,0,tarde
0,1,0,tarde
0,-2,0,tarde
0,12,0,tarde
0,23,1,tarde
0,-4,0,tarde
0,-2,0,noche
0,2,0,noche
0,-1,0,noche
0,40,1,noche
0,46,1,noche
0,-2,0,noche
0,6,0,noche
0,7,0,noche
0,-1,0,noche
0,0,0,noche
0,-4,0,noche
0,19,1,noche
0,-6,0,noche
0,2,0,mañana
0,1,0,mañana
0,0,0,mañana
0,-6,0,mañana
0,9,0,mañana
0,6,0,mañana
0,0,0,mañana
0,-1,0,mañana
0,19,1,mañana
0,141,1,mañana
0,-5,0,mañana
0,18,1,mañana
0,1,0,mañana
0,7,0,mañana
0,21,1,mañana
0,4,0,mañana
0,8,0,mañana
0,1,0,mañana
0,5,0,mañana
0,-4,0,mañana
0,-1,0,mañana
0,0,0,mañana
0,1,0,mañana
0,1,0,mañana
0,-4,0,mañana
0,4,0,mañana
0,1,0,mañana
0,-2,0,mañana
0,-1,0,mañana
0,1,0,mañana
0,6,0,mañana
0,-2,0,mañana
0,-11,0,mañana
0,8,0,mañana
0,-3,0,mañana
0,1,0,mañana
0,10,0,mañana
0,20,1,mañana
0,-3,0,mañana
0,13,0,mañana
0,18,1,mañana
0,-3,0,mañana
0,13,0,mañana
0,2,0,mañana
0,0,0,mañana
0,11,0,mañana
0,-2,0,mañana
0,-1,0,mañana
0,-2,0,mañana
0,2,0,mañana
0,-3,0,mañana
0,0,0,mañana
0,44,1,mañana
0,43,1,mañana
0,-1,0,mañana
0,-3,0,mañana
0,-3,0,tarde
0,1,0,tarde
0,3,0,tarde
0,-5,0,tarde
0,-3,0,tarde
0,5,0,tarde
0,2,0,tarde
0,-4,0,tarde
0,43,1,tarde
0,3,0,tarde
0,31,1,tarde
0,17,1,tarde
0,16,1,tarde
0,19,1,tarde
0,0,0,tarde
0,20,1,tarde
0,-4,0,tarde
0,-4,0,tarde
0,-7,0,tarde
0,-1,0,tarde
0,5,0,tarde
0,2,0,tarde
0,-5,0,tarde
0,-5,0,tarde
0,-4,0,tarde
0,-1,0,tarde
0,-2,0,tarde
0,5,0,tarde
0,8,0,tarde
0,8,0,tarde
0,-1,0,tarde
0,-2,0,tarde
0,-6,0,tarde
0,2,0,tarde
0,-1,0,tarde
0,0,0,tarde
0,2,0,tarde
0,121,1,tarde
0,0,0,tarde
0,95,1,tarde
0,-5,0,tarde
0,-1,0,tarde
0,33,1,tarde
0,23,1,tarde
0,-3,0,tarde
0,-2,0,tarde
0,-3,0,tarde
0,-1,0,tarde
0,-2,0,tarde
0,30,1,tarde
0,0,0,tarde
0,0,0,tarde
0,-4,0,tarde
0,-2,0,tarde
0,-4,0,tarde
0,28,1,tarde
0,0,0,tarde
0,0,0,mañana
0,-2,0,mañana
0,4,0,mañana
0,3,0,mañana
0,4,0,mañana
0,-3,0,mañana
0,5,0,mañana
0,6,0,mañana
0,6,0,mañana
0,1,0,mañana
0,-7,0,mañana
0,2,0,mañana
0,-2,0,mañana
0,6,0,mañana
0,3,0,mañana
0,-5,0,mañana
0,-3,0,mañana
0,0,0,mañana
0,-5,0,mañana
0,1,0,mañana
0,2,0,mañana
0,12,0,mañana
0,6,0,mañana
0,83,1,mañana
0,0,0,mañana
0,37,1,mañana
0,-1,0,mañana
0,11,0,mañana
0,4,0,mañana
0,11,0,mañana
0,22,1,mañana
0,-3,0,mañana
0,-4,0,mañana
0,-3,0,mañana
0,16,1,mañana
0,2,0,mañana
0,14,0,mañana
0,3,0,mañana
0,80,1,mañana
0,1,0,mañana
0,-3,0,mañana
0,38,1,mañana
0,68,1,mañana
0,7,0,mañana
0,25,1,mañana
0,27,1,mañana
0,-3,0,mañana
0,-1,0,mañana
0,15,0,mañana
0,-2,0,mañana
0,11,0,mañana
0,6,0,mañana
0,21,1,mañana
0,6,0,mañana
0,12,0,mañana
0,3,0,mañana
0,13,0,mañana
0,10,0,mañana
0,3,0,mañana
0,15,0,mañana
0,3,0,noche
0,14,0,noche
0,-2,0,noche
0,0,0,noche
0,1,0,noche
0,2,0,noche
0,32,1,noche
0,23,1,noche
0,16,1,noche
0,17,1,noche
0,13,0,noche
0,7,0,noche
0,17,1,noche
0,60,1,noche
0,-6,0,noche
0,-4,0,noche
0,2,0,noche
0,10,0,noche
0,26,1,noche
0,2,0,noche
0,-4,0,noche
0,-3,0,noche
0,19,1,noche
0,34,1,noche
0,1,0,noche
0,1,0,noche
0,-3,0,tarde
0,111,1,tarde
0,0,0,tarde
0,0,0,tarde
0,-4,0,noche
0,-1,0,noche
0,64,1,noche
0,120,1,noche
0,7,0,noche
0,-4,0,noche
0,2,0,noche
0,0,0,noche
0,3,0,noche
0,2,0,mañana
0,0,0,mañana
0,-9,0,mañana
0,-3,0,mañana
0,1,0,mañana
0,-1,0,mañana
0,-1,0,mañana
0,12,0,mañana
0,8,0,mañana
0,-4,0,mañana
0,-5,0,mañana
0,2,0,mañana
0,2,0,mañana
0,6,0,mañana
0,1,0,mañana
0,4,0,mañana
0,-2,0,mañana
0,-1,0,mañana
0,-3,0,mañana
0,-1,0,mañana
0,-2,0,mañana
0,-4,0,mañana
0,1,0,mañana
0,0,0,mañana
0,0,0,mañana
0,-2,0,mañana
0,-1,0,mañana
0,-1,0,mañana
0,6,0,mañana
0,6,0,mañana
0,0,0,tarde
0,1,0,tarde
0,0,0,tarde
0,7,0,tarde
0,116,1,tarde
0,0,0,tarde
0,0,0,tarde
0,113,1,tarde
0,-2,0,tarde
0,4,0,tarde
0,0,0,tarde
0,5,0,tarde
0,10,0,tarde
0,-1,0,tarde
0,-2,0,tarde
0,16,1,tarde
0,-2,0,noche
0,14,0,noche
0,6,0,noche
0,-4,0,noche
0,-4,0,noche
0,21,1,noche
0,1,0,noche
0,76,1,noche
0,21,1,noche
0,3,0,noche
0,-1,0,noche
0,-1,0,noche
0,92,1,noche
0,5,0,noche
0,-5,0,noche
0,-3,0,noche
0,-2,0,noche
0,0,0,noche
0,32,1,noche
0,4,0,noche
0,17,1,noche
0,-3,0,noche
0,0,0,noche
0,-4,0,noche
0,7,0,noche
0,0,0,tarde
0,0,0,tarde
0,129,1,tarde
0,91,1,tarde
0,3,0,tarde
0,6,0,mañana
0,12,0,mañana
0,1,0,mañana
0,12,0,mañana
0,10,0,mañana
0,5,0,mañana
0,2,0,mañana
0,15,0,mañana
0,15,0,mañana
0,-3,0,mañana
0,5,0,mañana
0,3,0,mañana
0,-3,0,mañana
0,14,0,mañana
0,11,0,mañana
0,7,0,mañana
0,4,0,mañana
0,-3,0,mañana
0,8,0,mañana
0,-7,0,mañana
0,8,0,mañana
0,15,0,mañana
0,-1,0,mañana
0,3,0,mañana
0,-2,0,mañana
0,7,0,mañana
0,-1,0,mañana
0,10,0,mañana
0,13,0,mañana
0,-2,0,mañana
0,13,0,tarde
0,2,0,tarde
0,3,0,tarde
0,15,0,tarde
0,21,1,tarde
0,0,0,tarde
0,4,0,tarde
0,6,0,tarde
0,23,1,tarde
0,-3,0,tarde
0,-1,0,tarde
0,2,0,tarde
0,0,0,tarde
0,4,0,tarde
0,32,1,tarde
0,14,0,tarde
0,1,0,tarde
0,-2,0,tarde
0,4,0,tarde
0,1,0,tarde
0,-1,0,tarde
0,19,1,tarde
0,10,0,tarde
0,-3,0,tarde
0,8,0,tarde
0,9,0,tarde
0,26,1,tarde
0,7,0,tarde
0,24,1,tarde
0,-2,0,tarde
0,-2,0,tarde
0,-1,0,tarde
0,9,0,tarde
0,-2,0,tarde
0,16,1,tarde
0,0,0,tarde
0,19,1,tarde
0,101,1,tarde
0,21,1,tarde
0,10,0,tarde
0,27,1,tarde
0,-3,0,tarde
0,10,0,tarde
0,31,1,tarde
0,3,0,tarde
0,-4,0,tarde
0,19,1,tarde
0,18,1,tarde
0,25,1,tarde
0,24,1,tarde
0,96,1,tarde
0,11,0,tarde
0,1,0,tarde
0,-1,0,tarde
0,3,0,tarde
0,3,0,tarde
0,2,0,tarde
0,17,1,tarde
0,21,1,tarde
0,24,1,tarde
0,21,1,tarde
0,-1,0,tarde
0,1,0,tarde
0,14,0,tarde
0,17,1,tarde
0,12,0,tarde
0,7,0,tarde
0,0,0,tarde
0,53,1,tarde
0,33,1,tarde
0,4,0,tarde
0,11,0,tarde
0,4,0,tarde
0,4,0,tarde
0,52,1,tarde
0,22,1,tarde
0,43,1,tarde
0,4,0,tarde
0,27,1,tarde
0,-4,0,tarde
0,2,0,tarde
0,7,0,tarde
0,0,0,mañana
0,2,0,mañana
0,2,0,mañana
0,144,1,mañana
0,-2,0,mañana
0,64,1,mañana
0,1,0,mañana
0,18,1,noche
0,1,0,mañana
0,9,0,mañana
0,23,1,mañana
0,1,0,mañana
0,-5,0,mañana
0,2,0,noche
0,-6,0,mañana
0,-1,0,mañana
0,4,0,mañana
0,3,0,mañana
0,3,0,mañana
0,7,0,noche
0,-5,0,mañana
0,-2,0,mañana
0,-1,0,mañana
0,-1,0,mañana
0,10,0,tarde
0,-6,0,tarde
0,-2,0,tarde
0,-5,0,tarde
0,0,0,tarde
0,7,0,tarde
0,-3,0,tarde
0,0,0,tarde
0,8,0,tarde
0,-5,0,tarde
0,-1,0,tarde
0,-1,0,tarde
0,2,0,tarde
0,-3,0,tarde
0,0,0,tarde
0,1,0,tarde
0,5,0,tarde
0,-2,0,tarde
0,-6,0,tarde
0,0,0,tarde
0,9,0,tarde
0,-2,0,tarde
0,5,0,tarde
0,1,0,tarde
0,-4,0,tarde
0,2,0,tarde
0,14,0,tarde
0,97,1,tarde
0,-3,0,tarde
0,-7,0,mañana
0,-3,0,mañana
0,7,0,mañana
0,0,0,mañana
0,-1,0,mañana
0,-2,0,mañana
0,3,0,mañana
0,-1,0,mañana
0,7,0,mañana
0,-2,0,mañana
0,13,0,mañana
0,0,0,mañana
0,-3,0,mañana
0,-1,0,mañana
0,3,0,mañana
0,7,0,mañana
0,4,0,mañana
0,-2,0,mañana
0,2,0,mañana
0,-4,0,mañana
0,4,0,mañana
0,-3,0,mañana
0,0,0,mañana
0,30,1,mañana
0,6,0,mañana
0,1,0,mañana
0,-2,0,mañana
0,5,0,mañana
0,-1,0,mañana
0,2,0,mañana
0,1,0,mañana
0,15,0,mañana
0,3,0,mañana
0,-2,0,mañana
0,6,0,mañana
0,10,0,mañana
0,0,0,mañana
0,9,0,mañana
0,3,0,mañana
0,3,0,mañana
0,-1,0,mañana
0,1,0,mañana
0,7,0,mañana
0,1,0,mañana
0,1,0,tarde
0,-1,0,tarde
0,34,1,tarde
0,18,1,tarde
0,7,0,tarde
0,7,0,noche
0,0,0,tarde
0,10,0,mañana
0,-3,0,mañana
0,14,0,tarde
0,0,0,tarde
0,-2,0,mañana
0,0,0,mañana
0,2,0,tarde
0,89,1,tarde
0,8,0,mañana
0,-3,0,mañana
0,8,0,tarde
0,-2,0,tarde
0,-3,0,mañana
0,2,0,mañana
0,0,0,tarde
0,1,0,tarde
0,7,0,tarde
0,-4,0,tarde
0,11,0,tarde
0,0,0,noche
0,3,0,noche
0,13,0,noche
0,4,0,noche
0,9,0,noche
0,3,0,noche
0,2,0,noche
0,9,0,noche
0,-1,0,noche
0,4,0,noche
0,-2,0,noche
0,2,0,noche
0,-1,0,noche
0,90,1,noche
0,-4,0,noche
0,1,0,noche
0,2,0,noche
0,5,0,mañana
0,-1,0,mañana
0,-1,0,mañana
0,8,0,mañana
0,10,0,mañana
0,2,0,mañana
0,-1,0,mañana
0,7,0,mañana
0,1,0,mañana
0,15,0,mañana
0,6,0,mañana
0,11,0,mañana
0,128,1,mañana
0,25,1,mañana
0,-2,0,mañana
0,1,0,mañana
0,6,0,mañana
0,17,1,mañana
0,2,0,mañana
0,4,0,mañana
0,-1,0,mañana
0,1,0,mañana
0,-4,0,mañana
0,4,0,mañana
0,0,0,mañana
0,3,0,mañana
0,0,0,mañana
0,-3,0,tarde
0,0,0,tarde
0,-2,0,tarde
0,-2,0,tarde
0,-4,0,tarde
0,7,0,tarde
0,0,0,tarde
0,2,0,tarde
0,1,0,tarde
0,-1,0,tarde
0,2,0,tarde
0,11,0,tarde
0,3,0,tarde
0,6,0,tarde
0,-4,0,tarde
0,12,0,tarde
0,3,0,tarde
0,3,0,tarde
0,0,0,tarde
0,0,0,tarde
0,12,0,tarde
0,6,0,tarde
0,4,0,tarde
0,8,0,tarde
0,-1,0,tarde
0,-3,0,mañana
0,-7,0,mañana
0,2,0,noche
0,1,0,mañana
0,0,0,mañana
0,-2,0,mañana
0,4,0,mañana
0,-1,0,noche
0,4,0,mañana
0,1,0,mañana
0,12,0,mañana
0,1,0,noche
0,8,0,mañana
0,5,0,mañana
0,-1,0,mañana
0,7,0,mañana
0,1,0,mañana
0,-1,0,mañana
0,-5,0,mañana
0,-3,0,mañana
0,1,0,mañana
0,5,0,mañana
0,3,0,mañana
0,7,0,mañana
0,-3,0,mañana
0,-4,0,mañana
0,-1,0,mañana
0,-1,0,mañana
0,0,0,tarde
0,-5,0,tarde
0,9,0,mañana
0,-1,0,mañana
0,1,0,mañana
0,-2,0,tarde
0,2,0,tarde
0,9,0,mañana
0,-2,0,mañana
0,5,0,mañana
0,-3,0,tarde
0,32,1,tarde
0,2,0,mañana
0,3,0,mañana
0,9,0,mañana
0,-3,0,tarde
0,-1,0,tarde
0,-3,0,mañana
0,0,0,mañana
0,-1,0,mañana
0,-1,0,mañana
0,-3,0,mañana
0,17,1,mañana
0,13,0,mañana
0,10,0,mañana
0,2,0,mañana
0,0,0,mañana
0,22,1,mañana
0,-1,0,mañana
0,3,0,mañana
0,-2,0,mañana
0,34,1,mañana
0,0,0,mañana
0,1,0,mañana
0,6,0,mañana
0,15,0,mañana
0,37,1,mañana
0,0,0,mañana
0,-1,0,mañana
0,-4,0,mañana
0,6,0,mañana
0,-1,0,mañana
0,-3,0,mañana
0,-5,0,mañana
0,4,0,mañana
0,0,0,mañana
0,2,0,mañana
0,-5,0,mañana
0,1,0,mañana
0,10,0,mañana
0,-3,0,mañana
0,-2,0,mañana
0,10,0,mañana
0,-1,0,mañana
0,3,0,mañana
0,1,0,mañana
0,101,1,tarde
0,4,0,tarde
0,15,0,tarde
0,-1,0,tarde
0,-3,0,tarde
0,2,0,tarde
0,1,0,tarde
0,-6,0,tarde
0,-4,0,mañana
0,-1,0,tarde
0,1,0,mañana
0,-1,0,tarde
0,2,0,mañana
0,2,0,tarde
0,-1,0,mañana
0,0,0,tarde
0,-3,0,mañana
0,-9,0,mañana
0,11,0,tarde
0,-2,0,tarde
0,2,0,mañana
0,6,0,tarde
0,-4,0,mañana
0,-1,0,tarde
0,3,0,tarde
0,-8,0,mañana
0,111,1,tarde
0,-5,0,mañana
0,-3,0,tarde
0,-1,0,tarde
0,3,0,mañana
0,0,0,tarde
0,2,0,mañana
0,-3,0,tarde
0,1,0,tarde
0,3,0,mañana
0,-5,0,tarde
0,1,0,tarde
0,-2,0,mañana
0,-2,0,tarde
0,1,0,tarde
0,-2,0,tarde
0,-3,0,tarde
0,0,0,tarde
0,0,0,tarde
0,5,0,tarde
0,6,0,tarde
0,-4,0,tarde
0,3,0,tarde
0,-1,0,tarde
0,-2,0,tarde
0,-1,0,tarde
0,0,0,tarde
0,-5,0,tarde
0,5,0,tarde
0,1,0,tarde
0,3,0,tarde
0,-3,0,tarde
0,3,0,tarde
0,-5,0,tarde
0,1,0,tarde
0,10,0,tarde
0,-1,0,tarde
0,-11,0,tarde
0,2,0,tarde
0,0,0,tarde
0,-4,0,tarde
0,-4,0,tarde
0,0,0,tarde
0,-2,0,tarde
0,10,0,tarde
0,11,0,tarde
0,27,1,tarde
0,10,0,tarde
0,-6,0,tarde
0,1,0,tarde
0,-4,0,tarde
0,12,0,tarde
0,3,0,tarde
0,75,1,tarde
0,90,1,tarde
0,3,0,tarde
0,-2,0,tarde
0,8,0,tarde
0,-2,0,tarde
0,7,0,tarde
0,34,1,tarde
0,0,0,tarde
0,-2,0,tarde
0,5,0,tarde
0,5,0,tarde
0,0,0,tarde
0,-3,0,tarde
0,7,0,tarde
0,-2,0,tarde
0,-3,0,noche
0,-3,0,noche
0,6,0,noche
0,-2,0,noche
0,4,0,noche
0,-1,0,noche
0,-1,0,noche
0,0,0,noche
0,-1,0,noche
0,4,0,noche
0,-1,0,noche
0,8,0,mañana
0,7,0,mañana
0,10,0,mañana
0,2,0,mañana
0,0,0,mañana
0,-2,0,mañana
0,-4,0,mañana
0,0,0,mañana
0,-7,0,mañana
0,0,0,mañana
0,0,0,mañana
0,8,0,mañana
0,12,0,mañana
0,2,0,mañana
0,14,0,mañana
0,11,0,mañana
0,-4,0,mañana
0,8,0,mañana
0,3,0,tarde
0,7,0,tarde
0,7,0,tarde
0,-2,0,tarde
0,3,0,tarde
0,12,0,tarde
0,-1,0,tarde
0,5,0,tarde
0,1,0,mañana
0,-4,0,mañana
0,-1,0,mañana
0,-8,0,mañana
0,-1,0,mañana
0,0,0,mañana
0,17,1,mañana
0,9,0,mañana
0,1,0,mañana
0,3,0,mañana
0,11,0,mañana
0,4,0,mañana
0,32,1,mañana
0,1,0,mañana
0,3,0,mañana
0,-3,0,mañana
0,-1,0,mañana
0,-2,0,mañana
0,-2,0,mañana
0,2,0,mañana
0,1,0,mañana
0,53,1,mañana
0,-1,0,mañana
0,2,0,mañana
0,5,0,mañana
0,33,1,mañana
0,0,0,mañana
0,-5,0,mañana
0,1,0,mañana
0,4,0,tarde
0,70,1,tarde
0,11,0,tarde
0,-4,0,tarde
0,8,0,tarde
0,-1,0,tarde
0,57,1,tarde
0,8,0,tarde
0,77,1,tarde
0,-3,0,tarde
0,2,0,tarde
0,6,0,tarde
0,5,0,tarde
0,2,0,tarde
0,2,0,tarde
0,-2,0,tarde
0,5,0,tarde
0,2,0,tarde
0,36,1,tarde
0,10,0,tarde
0,1,0,tarde
0,12,0,tarde
0,0,0,tarde
0,0,0,tarde
0,-2,0,tarde
0,3,0,tarde
0,2,0,tarde
0,-2,0,tarde
0,0,0,tarde
0,0,0,tarde
0,2,0,tarde
0,3,0,tarde
0,7,0,tarde
0,15,0,tarde
0,4,0,tarde
0,0,0,tarde
0,-4,0,tarde
0,5,0,tarde
0,76,1,tarde
0,-1,0,tarde
0,30,1,tarde
0,-2,0,tarde
0,11,0,noche
0,-3,0,tarde
0,1,0,tarde
0,-1,0,noche
0,8,0,tarde
0,5,0,noche
0,-1,0,tarde
0,2,0,noche
0,0,0,tarde
0,27,1,tarde
0,0,0,noche
0,6,0,tarde
0,12,0,noche
0,12,0,tarde
0,0,0,noche
0,-1,0,noche
0,-1,0,tarde
0,0,0,noche
0,-3,0,tarde
0,1,0,noche
0,-1,0,tarde
0,-1,0,noche
0,1,0,noche
0,12,0,tarde
0,-1,0,noche
0,2,0,tarde
0,4,0,noche
0,7,0,mañana
0,-2,0,mañana
0,1,0,mañana
0,3,0,mañana
0,-1,0,mañana
0,0,0,mañana
0,-1,0,mañana
0,4,0,mañana
0,2,0,mañana
0,11,0,mañana
0,0,0,mañana
0,4,0,mañana
0,18,1,mañana
0,-3,0,mañana
0,4,0,mañana
0,-3,0,mañana
0,5,0,mañana
0,-2,0,mañana
0,8,0,mañana
0,10,0,mañana
0,16,1,mañana
0,1,0,mañana
0,3,0,mañana
0,14,0,mañana
0,6,0,mañana
0,-2,0,mañana
0,10,0,mañana
0,10,0,mañana
0,2,0,mañana
0,3,0,mañana
0,-2,0,mañana
0,11,0,noche
0,6,0,mañana
0,6,0,mañana
0,25,1,noche
0,3,0,mañana
0,-1,0,noche
0,6,0,mañana
0,-1,0,tarde
0,26,1,noche
0,7,0,mañana
0,2,0,mañana
0,7,0,mañana
0,3,0,mañana
0,2,0,mañana
0,11,0,mañana
0,16,1,mañana
0,23,1,mañana
0,3,0,mañana
0,3,0,mañana
0,9,0,tarde
0,20,1,tarde
0,26,1,tarde
0,12,0,tarde
0,2,0,noche
0,14,0,mañana
0,3,0,mañana
0,-1,0,noche
0,8,0,mañana
0,2,0,mañana
0,7,0,noche
0,18,1,mañana
0,3,0,mañana
0,9,0,mañana
0,7,0,noche
0,3,0,noche
0,2,0,tarde
0,0,0,tarde
0,3,0,tarde
0,-3,0,tarde
0,12,0,noche
0,3,0,tarde
0,24,1,tarde
0,28,1,tarde
0,33,1,tarde
0,31,1,noche
0,11,0,tarde
0,17,1,tarde
0,6,0,tarde
0,6,0,tarde
0,0,0,noche
0,4,0,tarde
0,6,0,tarde
0,7,0,tarde
0,4,0,tarde
0,15,0,noche
0,-1,0,noche
0,8,0,noche
0,5,0,noche
0,8,0,tarde
0,4,0,tarde
0,10,0,tarde
0,-1,0,noche
0,3,0,tarde
0,7,0,tarde
0,0,0,tarde
0,0,0,tarde
0,11,0,tarde
0,6,0,tarde
0,-3,0,noche
0,7,0,tarde
0,24,1,tarde
0,4,0,tarde
0,1,0,tarde
0,4,0,tarde
0,3,0,tarde
0,2,0,noche
0,0,0,tarde
0,1,0,tarde
0,18,1,tarde
0,0,0,tarde
0,23,1,tarde
0,5,0,tarde
0,47,1,tarde
0,28,1,tarde
0,0,0,tarde
0,16,1,tarde
0,17,1,tarde
0,0,0,noche
0,3,0,noche
0,88,1,noche
0,2,0,noche
0,0,0,mañana
0,1,0,noche
0,1,0,noche
0,17,1,noche
0,1,0,noche
0,2,0,noche
0,1,0,mañana
0,0,0,mañana
0,6,0,mañana
0,15,0,mañana
0,2,0,mañana
0,-1,0,mañana
0,7,0,mañana
0,-1,0,mañana
0,2,0,mañana
0,-1,0,mañana
0,3,0,noche
0,10,0,tarde
0,18,1,mañana
0,4,0,noche
0,1,0,tarde
0,-1,0,mañana
0,0,0,noche
0,1,0,tarde
0,2,0,mañana
0,-2,0,tarde
0,-1,0,tarde
0,10,0,tarde
0,7,0,mañana
0,-2,0,tarde
0,5,0,noche
0,6,0,tarde
0,1,0,noche
0,-1,0,tarde
0,32,1,noche
0,-1,0,tarde
0,-1,0,noche
0,5,0,noche
0,3,0,noche
0,4,0,noche
0,12,0,noche
0,3,0,noche
0,26,1,noche
0,28,1,noche
0,10,0,noche
0,86,1,noche
0,4,0,noche
0,5,0,noche
0,5,0,noche
0,28,1,noche
0,-3,0,mañana
0,1,0,mañana
0,7,0,mañana
0,3,0,mañana
0,25,1,mañana
0,2,0,mañana
0,-1,0,mañana
0,21,1,mañana
0,1,0,mañana
0,7,0,mañana
0,2,0,mañana
0,-2,0,mañana
0,3,0,mañana
0,0,0,mañana
0,4,0,mañana
0,102,1,mañana
0,4,0,mañana
0,-2,0,mañana
0,-1,0,mañana
0,6,0,mañana
0,9,0,mañana
0,4,0,mañana
0,2,0,mañana
0,20,1,mañana
0,6,0,mañana
0,18,1,mañana
0,11,0,mañana
0,-4,0,mañana
0,9,0,mañana
0,-1,0,mañana
0,5,0,mañana
0,-2,0,mañana
0,160,1,mañana
0,156,1,mañana
0,7,0,mañana
0,0,0,mañana
0,2,0,mañana
0,4,0,mañana
0,1,0,tarde
0,-2,0,mañana
0,12,0,mañana
0,0,0,mañana
0,1,0,tarde
0,11,0,mañana
0,3,0,mañana
0,1,0,mañana
0,-4,0,tarde
0,-1,0,mañana
0,8,0,mañana
0,-3,0,mañana
0,-4,0,tarde
0,-1,0,mañana
0,4,0,mañana
0,-2,0,mañana
0,0,0,tarde
0,1,0,mañana
0,-5,0,tarde
0,5,0,mañana
0,-3,0,tarde
0,6,0,mañana
0,-1,0,tarde
0,-1,0,tarde
0,-2,0,tarde
0,-2,0,tarde
0,-3,0,tarde
0,2,0,tarde
0,4,0,tarde
0,-4,0,tarde
0,16,1,tarde
0,-1,0,tarde
0,-3,0,tarde
0,5,0,tarde
0,1,0,tarde
0,10,0,tarde
0,-2,0,tarde
0,13,0,tarde
0,9,0,tarde
0,16,1,tarde
0,8,0,tarde
0,13,0,tarde
0,12,0,tarde
0,3,0,tarde
0,0,0,tarde
0,15,0,tarde
0,-2,0,tarde
0,-3,0,tarde
0,6,0,tarde
0,-1,0,tarde
0,1,0,tarde
0,0,0,tarde
0,35,1,tarde
0,-3,0,tarde
0,1,0,tarde
0,-5,0,tarde
0,23,1,tarde
0,10,0,tarde
0,-6,0,tarde
0,1,0,tarde
0,-3,0,tarde
0,10,0,tarde
0,0,0,tarde
0,-3,0,tarde
0,6,0,tarde
0,4,0,tarde
0,3,0,tarde
0,7,0,tarde
0,24,1,tarde
0,6,0,tarde
0,-1,0,tarde
0,-9,0,tarde
0,7,0,tarde
0,-4,0,tarde
0,-1,0,tarde
0,-4,0,tarde
0,-4,0,tarde
0,0,0,tarde
0,-2,0,tarde
0,-2,0,tarde
0,-12,0,tarde
0,-3,0,tarde
0,-3,0,tarde
0,9,0,tarde
0,24,1,tarde
0,0,0,tarde
0,6,0,tarde
0,-5,0,tarde
0,0,0,tarde
0,-3,0,tarde
0,1,0,tarde
0,0,0,tarde
0,-1,0,tarde
0,-5,0,tarde
0,-1,0,tarde
0,-1,0,tarde
0,4,0,tarde
0,-3,0,tarde
0,-2,0,tarde
0,-3,0,tarde
0,-4,0,tarde
0,2,0,tarde
0,2,0,tarde
0,-2,0,tarde
0,-3,0,tarde
0,0,0,tarde
0,3,0,tarde
0,1,0,tarde
0,-4,0,tarde
0,2,0,tarde
0,-5,0,tarde
0,2,0,tarde
0,-5,0,tarde
0,7,0,tarde
0,17,1,tarde
0,-2,0,tarde
0,28,1,tarde
0,11,0,tarde
0,0,0,tarde
0,5,0,tarde
0,14,0,tarde
0,0,0,tarde
0,-3,0,tarde
0,7,0,tarde
0,-4,0,tarde
0,-3,0,tarde
0,12,0,tarde
0,-5,0,tarde
0,0,0,tarde
0,5,0,tarde
0,0,0,tarde
0,4,0,tarde
0,2,0,tarde
0,-2,0,tarde
0,5,0,tarde
0,39,1,tarde
0,2,0,tarde
0,-1,0,tarde
0,3,0,tarde
0,6,0,tarde
0,78,1,tarde
0,-1,0,tarde
0,1,0,tarde
0,-4,0,tarde
0,0,0,tarde
0,39,1,tarde
0,7,0,tarde
0,15,0,tarde
0,0,0,tarde
0,4,0,tarde
0,2,0,tarde
0,40,1,tarde
0,0,0,tarde
0,0,0,tarde
0,2,0,tarde
0,2,0,tarde
0,-4,0,tarde
0,-1,0,tarde
0,11,0,tarde
0,1,0,tarde
0,10,0,tarde
0,1,0,tarde
0,17,1,tarde
0,12,0,mañana
0,0,0,mañana
0,22,1,mañana
0,-1,0,mañana
0,12,0,mañana
0,13,0,mañana
0,-1,0,mañana
0,6,0,mañana
0,8,0,mañana
0,9,0,mañana
0,2,0,mañana
0,17,1,mañana
0,4,0,mañana
0,4,0,mañana
0,13,0,mañana
0,30,1,mañana
0,147,1,mañana
0,17,1,mañana
0,-2,0,mañana
0,11,0,mañana
0,8,0,mañana
0,-2,0,mañana
0,11,0,mañana
0,2,0,mañana
0,8,0,mañana
0,5,0,mañana
0,9,0,mañana
0,-4,0,mañana
0,7,0,tarde
0,7,0,mañana
0,-1,0,mañana
0,2,0,tarde
0,24,1,mañana
0,129,1,mañana
0,5,0,tarde
0,-3,0,mañana
0,0,0,mañana
0,8,0,tarde
0,6,0,mañana
0,-1,0,tarde
0,-2,0,tarde
0,0,0,mañana
0,10,0,tarde
0,6,0,tarde
0,19,1,tarde
0,11,0,tarde
0,8,0,mañana
0,18,1,tarde
0,1,0,tarde
0,6,0,tarde
0,19,1,tarde
0,1,0,mañana
0,8,0,tarde
0,8,0,tarde
0,1,0,tarde
0,2,0,tarde
0,20,1,tarde
0,-2,0,tarde
0,-6,0,tarde
0,2,0,tarde
0,4,0,tarde
0,6,0,tarde
0,4,0,tarde
0,-3,0,tarde
0,-2,0,tarde
0,7,0,tarde
0,10,0,tarde
0,4,0,tarde
0,-3,0,tarde
0,1,0,tarde
0,1,0,tarde
0,10,0,tarde
0,4,0,tarde
0,1,0,tarde
0,2,0,tarde
0,7,0,tarde
0,-1,0,tarde
0,-7,0,tarde
0,-2,0,tarde
0,5,0,tarde
0,84,1,tarde
0,11,0,tarde
0,-3,0,tarde
0,8,0,tarde
0,7,0,tarde
0,13,0,tarde
0,28,1,tarde
0,25,1,tarde
0,14,0,tarde
0,0,0,tarde
0,-4,0,tarde
0,5,0,tarde
0,5,0,tarde
0,15,0,tarde
0,-2,0,tarde
0,3,0,tarde
0,14,0,tarde
0,0,0,tarde
0,6,0,tarde
0,-3,0,tarde
0,12,0,tarde
0,4,0,tarde
0,-3,0,tarde
0,-6,0,tarde
0,2,0,tarde
0,7,0,tarde
0,4,0,tarde
0,-5,0,tarde
0,23,1,tarde
0,52,1,tarde
0,-8,0,tarde
0,11,0,tarde
0,-1,0,tarde
0,15,0,tarde
0,1,0,tarde
0,4,0,tarde
0,1,0,tarde
0,-2,0,tarde
0,5,0,tarde
0,0,0,tarde
0,-1,0,tarde
0,6,0,tarde
0,4,0,tarde
0,8,0,tarde
0,10,0,tarde
0,-2,0,tarde
0,14,0,tarde
0,9,0,tarde
0,10,0,mañana
0,-2,0,mañana
0,6,0,mañana
0,0,0,mañana
0,24,1,mañana
0,21,1,mañana
0,1,0,mañana
0,-6,0,mañana
0,3,0,mañana
0,5,0,mañana
0,9,0,mañana
0,18,1,mañana
0,10,0,mañana
0,0,0,mañana
0,2,0,mañana
0,15,0,mañana
0,6,0,mañana
0,0,0,mañana
0,0,0,mañana
0,-1,0,mañana
0,1,0,mañana
0,14,0,mañana
0,10,0,mañana
0,17,1,mañana
0,-1,0,mañana
0,1,0,mañana
0,3,0,mañana
0,2,0,mañana
0,0,0,mañana
0,2,0,mañana
0,41,1,mañana
0,3,0,mañana
0,2,0,mañana
0,3,0,mañana
0,16,1,mañana
0,34,1,mañana
0,-1,0,mañana
0,15,0,mañana
0,24,1,mañana
0,2,0,mañana
0,69,1,mañana
0,3,0,mañana
0,2,0,mañana
0,3,0,mañana
0,6,0,mañana
0,3,0,noche
0,2,0,mañana
0,2,0,noche
0,58,1,mañana
0,1,0,noche
0,1,0,mañana
0,1,0,noche
0,21,1,tarde
0,15,0,noche
0,5,0,tarde
0,0,0,noche
0,3,0,tarde
0,5,0,noche
0,3,0,tarde
0,2,0,noche
0,34,1,tarde
0,2,0,noche
0,2,0,tarde
0,36,1,noche
0,76,1,tarde
0,12,0,noche
0,15,0,noche
0,19,1,tarde
0,5,0,noche
0,-1,0,noche
0,3,0,noche
0,0,0,noche
0,-4,0,noche
0,-1,0,noche
0,-2,0,noche
0,3,0,noche
0,9,0,noche
0,16,1,noche
0,6,0,noche
0,-4,0,noche
0,4,0,noche
0,29,1,noche
0,16,1,noche
0,4,0,noche
0,-5,0,noche
0,-3,0,noche
0,77,1,noche
0,3,0,noche
0,-1,0,noche
0,22,1,noche
0,4,0,mañana
0,4,0,mañana
0,-3,0,mañana
0,-2,0,mañana
0,11,0,mañana
0,3,0,mañana
0,5,0,mañana
0,32,1,mañana
0,7,0,mañana
0,6,0,mañana
0,29,1,mañana
0,32,1,mañana
0,7,0,mañana
0,4,0,mañana
0,0,0,mañana
0,17,1,mañana
0,7,0,mañana
0,2,0,mañana
0,-1,0,mañana
0,4,0,mañana
0,5,0,mañana
0,3,0,tarde
0,15,0,tarde
0,3,0,tarde
0,-1,0,tarde
0,-1,0,tarde
0,-2,0,tarde
0,6,0,tarde
0,2,0,tarde
0,15,0,tarde
0,2,0,tarde
0,2,0,tarde
0,-2,0,tarde
0,-2,0,tarde
0,15,0,tarde
0,21,1,tarde
0,-1,0,tarde
0,7,0,tarde
0,1,0,tarde
0,5,0,tarde
0,-5,0,tarde
0,17,1,tarde
0,13,0,tarde
0,13,0,tarde
0,17,1,tarde
0,-4,0,tarde
0,29,1,tarde
0,0,0,tarde
0,0,0,tarde
0,2,0,tarde
0,6,0,tarde
0,4,0,mañana
0,6,0,mañana
0,-1,0,mañana
0,7,0,mañana
0,2,0,mañana
0,1,0,mañana
0,7,0,mañana
0,7,0,mañana
0,7,0,mañana
0,2,0,mañana
0,2,0,mañana
0,4,0,tarde
0,1,0,mañana
0,-2,0,tarde
0,5,0,tarde
0,7,0,tarde
0,1,0,noche
0,2,0,noche
0,1,0,mañana
0,5,0,mañana
0,1,0,mañana
0,27,1,mañana
0,0,0,mañana
0,3,0,noche
0,15,0,noche
0,4,0,mañana
0,10,0,mañana
0,11,0,mañana
0,145,1,mañana
0,4,0,mañana
0,64,1,noche
0,10,0,mañana
0,2,0,mañana
0,21,1,mañana
0,1,0,mañana
0,0,0,mañana
0,4,0,noche
0,77,1,noche
0,9,0,mañana
0,4,0,mañana
0,5,0,mañana
0,11,0,mañana
0,8,0,mañana
0,3,0,noche
0,9,0,noche
0,9,0,tarde
0,8,0,tarde
0,1,0,tarde
0,49,1,tarde
0,19,1,tarde
0,3,0,tarde
0,10,0,tarde
0,31,1,tarde
0,10,0,tarde
0,1,0,tarde
0,-2,0,tarde
0,-1,0,tarde
0,-1,0,tarde
0,9,0,tarde
0,10,0,tarde
0,3,0,tarde
0,5,0,tarde
0,0,0,tarde
0,5,0,tarde
0,2,0,tarde
0,16,1,tarde
0,16,1,tarde
0,3,0,tarde
0,10,0,tarde
0,10,0,tarde
0,5,0,tarde
0,5,0,tarde
0,7,0,tarde
0,7,0,tarde
0,13,0,mañana
0,37,1,mañana
0,8,0,mañana
0,10,0,mañana
0,1,0,mañana
0,9,0,mañana
0,3,0,mañana
0,22,1,mañana
0,2,0,mañana
0,13,0,mañana
0,3,0,mañana
0,15,0,mañana
0,11,0,mañana
0,6,0,mañana
0,26,1,mañana
0,-2,0,mañana
0,16,1,mañana
0,8,0,mañana
0,9,0,mañana
0,2,0,mañana
0,6,0,mañana
0,22,1,mañana
0,0,0,mañana
0,5,0,mañana
0,2,0,mañana
0,89,1,mañana
0,-4,0,mañana
0,-3,0,mañana
0,10,0,mañana
0,3,0,mañana
0,17,1,mañana
0,5,0,mañana
0,7,0,mañana
0,-1,0,mañana
0,-4,0,mañana
0,-2,0,mañana
0,0,0,mañana
0,13,0,mañana
0,3,0,mañana
0,-1,0,mañana
0,0,0,mañana
0,1,0,mañana
0,69,1,mañana
0,-1,0,mañana
0,-1,0,mañana
0,6,0,mañana
0,-2,0,mañana
0,2,0,mañana
0,1,0,mañana
0,-1,0,mañana
0,-1,0,mañana
0,2,0,mañana
0,1,0,mañana
0,4,0,mañana
0,0,0,tarde
0,28,1,tarde
0,20,1,tarde
0,-1,0,tarde
0,14,0,tarde
0,1,0,tarde
0,1,0,tarde
0,-4,0,tarde
0,7,0,tarde
0,3,0,tarde
0,0,0,tarde
0,-1,0,tarde
0,3,0,tarde
0,-4,0,tarde
0,2,0,tarde
0,4,0,tarde
0,-2,0,tarde
0,6,0,tarde
0,-3,0,tarde
0,7,0,tarde
0,1,0,tarde
0,12,0,tarde
0,1,0,tarde
0,-5,0,tarde
0,-1,0,tarde
0,-1,0,tarde
0,-1,0,tarde
0,-6,0,tarde
0,14,0,tarde
0,5,0,tarde
0,0,0,tarde
0,36,1,tarde
0,0,0,tarde
0,-3,0,tarde
0,-1,0,tarde
0,5,0,tarde
0,4,0,tarde
0,2,0,tarde
0,2,0,tarde
0,22,1,tarde
0,-3,0,tarde
0,-1,0,tarde
0,10,0,tarde
0,-1,0,noche
0,5,0,noche
0,16,1,noche
0,7,0,noche
0,22,1,noche
0,-5,0,noche
0,2,0,noche
0,10,0,noche
0,-6,0,noche
0,64,1,noche
0,12,0,noche
0,14,0,noche
0,12,0,noche
0,11,0,noche
0,1,0,noche
0,4,0,noche
0,5,0,tarde
0,1,0,noche
0,5,0,noche
0,1,0,noche
0,0,0,noche
0,-7,0,tarde
0,-2,0,mañana
0,-3,0,mañana
0,50,1,mañana
0,-7,0,mañana
0,-2,0,mañana
0,16,1,tarde
0,15,0,tarde
0,20,1,tarde
0,-2,0,tarde
0,6,0,tarde
0,16,1,tarde
0,2,0,tarde
0,-1,0,tarde
0,-1,0,noche
0,4,0,tarde
0,7,0,tarde
0,-1,0,tarde
0,2,0,tarde
0,8,0,noche
0,-2,0,tarde
0,7,0,tarde
0,2,0,tarde
0,5,0,tarde
0,11,0,noche
0,3,0,tarde
0,25,1,tarde
0,5,0,tarde
0,1,0,noche
0,5,0,tarde
0,10,0,tarde
0,4,0,tarde
0,-2,0,tarde
0,5,0,tarde
0,2,0,tarde
0,2,0,noche
0,-1,0,tarde
0,11,0,tarde
0,7,0,tarde
0,3,0,tarde
0,-1,0,tarde
0,0,0,noche
0,-6,0,tarde
0,0,0,tarde
0,25,1,tarde
0,4,0,tarde
0,38,1,noche
0,4,0,tarde
0,5,0,tarde
0,12,0,tarde
0,5,0,tarde
0,0,0,noche
0,1,0,tarde
0,-2,0,tarde
0,-5,0,tarde
0,-3,0,tarde
0,3,0,noche
0,9,0,noche
0,6,0,noche
0,0,0,noche
0,1,0,tarde
0,9,0,noche
0,5,0,noche
0,-2,0,noche
0,1,0,tarde
0,9,0,noche
0,-4,0,noche
0,4,0,noche
0,4,0,tarde
0,-4,0,noche
0,1,0,noche
0,0,0,tarde
0,1,0,noche
0,-3,0,noche
0,5,0,noche
0,2,0,noche
0,2,0,noche
0,15,0,noche
0,16,1,noche
0,2,0,noche
0,-2,0,noche
0,1,0,tarde
0,5,0,tarde
0,3,0,tarde
0,3,0,tarde
0,10,0,tarde
0,0,0,tarde
0,0,0,tarde
0,30,1,tarde
0,-3,0,tarde
0,-2,0,tarde
0,1,0,mañana
0,12,0,tarde
0,9,0,mañana
0,14,0,mañana
0,4,0,mañana
0,-2,0,tarde
0,4,0,mañana
0,1,0,mañana
0,24,1,mañana
0,19,1,tarde
0,6,0,mañana
0,-3,0,mañana
0,-4,0,mañana
0,9,0,tarde
0,-2,0,mañana
0,-4,0,mañana
0,-3,0,mañana
0,-1,0,tarde
0,-10,0,tarde
0,0,0,mañana
0,8,0,mañana
0,4,0,tarde
0,4,0,tarde
0,9,0,mañana
0,3,0,mañana
0,0,0,tarde
0,0,0,tarde
0,-2,0,mañana
0,0,0,mañana
0,2,0,tarde
0,-3,0,tarde
0,-4,0,mañana
0,-1,0,tarde
0,8,0,noche
0,-3,0,noche
0,-1,0,noche
0,-2,0,noche
0,5,0,noche
0,-3,0,noche
0,-2,0,noche
0,4,0,noche
0,-4,0,noche
0,24,1,noche
0,2,0,noche
0,-4,0,noche
0,-5,0,noche
0,2,0,noche
0,-3,0,noche
0,2,0,noche
0,-1,0,noche
0,11,0,noche
0,-1,0,noche
0,3,0,noche
0,31,1,noche
0,63,1,noche
0,39,1,noche
0,34,1,noche
0,36,1,noche
0,96,1,noche
0,-9,0,noche
0,1,0,noche
0,-1,0,noche
0,2,0,mañana
0,3,0,mañana
0,-4,0,mañana
0,-1,0,tarde
0,-1,0,mañana
0,-2,0,tarde
0,4,0,tarde
0,8,0,mañana
0,2,0,mañana
0,6,0,mañana
0,11,0,tarde
0,4,0,mañana
0,0,0,tarde
0,-2,0,tarde
0,4,0,mañana
0,-1,0,mañana
0,0,0,tarde
0,24,1,mañana
0,-3,0,tarde
0,2,0,tarde
0,3,0,mañana
0,12,0,mañana
0,3,0,mañana
0,1,0,tarde
0,-1,0,mañana
0,-4,0,tarde
0,1,0,tarde
0,-1,0,mañana
0,0,0,mañana
0,5,0,mañana
0,-2,0,mañana
0,9,0,mañana
0,-5,0,mañana
0,0,0,mañana
0,19,1,mañana
0,1,0,mañana
0,8,0,mañana
0,-4,0,mañana
0,6,0,mañana
0,1,0,mañana
0,2,0,mañana
0,7,0,mañana
0,2,0,mañana
0,12,0,mañana
0,14,0,mañana
0,1,0,mañana
0,6,0,mañana
0,0,0,mañana
0,-4,0,mañana
0,-1,0,mañana
0,5,0,mañana
0,3,0,mañana
0,-1,0,mañana
0,54,1,mañana
0,1,0,noche
0,2,0,mañana
0,-3,0,mañana
0,0,0,mañana
0,-2,0,noche
0,13,0,mañana
0,20,1,tarde
0,1,0,mañana
0,0,0,mañana
0,7,0,mañana
0,14,0,noche
0,-3,0,mañana
0,-2,0,mañana
0,-2,0,tarde
0,2,0,mañana
0,14,0,mañana
0,-1,0,noche
0,1,0,mañana
0,4,0,tarde
0,10,0,tarde
0,9,0,tarde
0,-4,0,tarde
0,6,0,tarde
0,4,0,tarde
0,2,0,tarde
0,-9,0,tarde
0,-1,0,tarde
0,1,0,tarde
0,0,0,tarde
0,9,0,tarde
0,2,0,tarde
0,12,0,tarde
0,-2,0,tarde
0,7,0,tarde
0,9,0,tarde
0,70,1,tarde
0,12,0,tarde
0,-3,0,tarde
0,1,0,tarde
0,3,0,tarde
0,-4,0,tarde
0,6,0,tarde
0,-3,0,tarde
0,5,0,tarde
0,7,0,tarde
0,-10,0,tarde
0,-3,0,tarde
0,4,0,tarde
0,-2,0,noche
0,81,1,tarde
0,0,0,noche
0,-2,0,noche
0,-1,0,noche
0,-1,0,noche
0,-1,0,noche
0,-5,0,noche
0,0,0,noche
0,-1,0,noche
0,0,0,noche
0,14,0,noche
0,-1,0,noche
0,3,0,noche
0,118,1,noche
0,11,0,noche
0,-2,0,noche
0,3,0,noche
0,-12,0,noche
0,1,0,noche
0,11,0,noche
0,0,0,noche
0,3,0,tarde
0,2,0,noche
0,2,0,noche
0,-3,0,noche
0,3,0,tarde
0,0,0,noche
0,0,0,noche
0,18,1,noche
0,-3,0,tarde
0,-5,0,noche
0,0,0,noche
0,-1,0,noche
0,-6,0,tarde
0,-11,0,noche
0,31,1,noche
0,-8,0,noche
0,3,0,noche
0,6,0,noche
0,-4,0,noche
0,11,0,noche
0,2,0,noche
0,3,0,noche
0,0,0,noche
0,1,0,noche
0,-4,0,noche
0,11,0,noche
0,8,0,noche
0,6,0,noche
0,44,1,noche
0,-1,0,noche
0,0,0,noche
0,9,0,noche
0,13,0,noche
0,2,0,noche
0,11,0,noche
0,2,0,noche
0,1,0,noche
0,8,0,noche
0,0,0,noche
0,-4,0,noche
0,8,0,noche
0,11,0,noche
0,24,1,noche
0,5,0,noche
0,2,0,noche
0,0,0,noche
0,10,0,noche
0,1,0,noche
0,-1,0,noche
0,0,0,noche
0,-4,0,noche
0,3,0,noche
0,3,0,noche
0,4,0,mañana
0,5,0,noche
0,22,1,mañana
0,3,0,mañana
0,5,0,mañana
0,11,0,mañana
0,0,0,noche
0,3,0,mañana
0,-7,0,mañana
0,10,0,tarde
0,19,1,mañana
0,8,0,tarde
0,9,0,mañana
0,6,0,tarde
0,5,0,mañana
0,-6,0,tarde
0,20,1,mañana
0,0,0,noche
0,7,0,noche
0,4,0,noche
0,-3,0,noche
0,19,1,noche
0,39,1,noche
0,1,0,tarde
0,1,0,noche
0,14,0,mañana
0,3,0,mañana
0,-2,0,mañana
0,1,0,mañana
0,16,1,mañana
0,6,0,mañana
0,6,0,mañana
0,18,1,mañana
0,13,0,mañana
0,11,0,mañana
0,8,0,mañana
0,13,0,mañana
0,15,0,mañana
0,7,0,mañana
0,11,0,mañana
0,41,1,mañana
0,5,0,mañana
0,0,0,mañana
0,13,0,mañana
0,9,0,mañana
0,14,0,mañana
0,-2,0,mañana
0,13,0,mañana
0,5,0,mañana
0,2,0,mañana
0,2,0,mañana
0,49,1,mañana
0,26,1,mañana
0,70,1,mañana
0,-3,0,mañana
0,5,0,tarde
0,5,0,tarde
0,2,0,tarde
0,-1,0,tarde
0,-1,0,tarde
0,8,0,tarde
0,-2,0,tarde
0,5,0,tarde
0,-5,0,tarde
0,-4,0,tarde
0,118,1,tarde
0,5,0,tarde
0,4,0,tarde
0,0,0,tarde
0,9,0,tarde
0,1,0,tarde
0,12,0,tarde
0,9,0,tarde
0,-1,0,tarde
0,6,0,tarde
0,0,0,tarde
0,3,0,tarde
0,5,0,tarde
0,1,0,tarde
0,-4,0,tarde
0,2,0,tarde
0,4,0,tarde
0,11,0,tarde
0,2,0,tarde
0,4,0,tarde
0,10,0,mañana
0,5,0,mañana
0,-3,0,mañana
0,7,0,mañana
0,1,0,mañana
0,17,1,mañana
0,8,0,mañana
0,26,1,mañana
0,46,1,mañana
0,16,1,mañana
0,9,0,mañana
0,7,0,mañana
0,32,1,mañana
0,16,1,mañana
0,19,1,mañana
0,15,0,mañana
0,17,1,mañana
0,5,0,mañana
0,33,1,mañana
0,4,0,mañana
0,3,0,mañana
0,12,0,mañana
0,2,0,mañana
0,10,0,mañana
0,12,0,mañana
0,26,1,mañana
0,-2,0,mañana
0,17,1,mañana
0,2,0,mañana
0,5,0,tarde
0,-1,0,tarde
0,0,0,tarde
0,6,0,tarde
0,-2,0,tarde
0,12,0,tarde
0,-1,0,tarde
0,6,0,tarde
0,15,0,tarde
0,0,0,tarde
0,-2,0,tarde
0,2,0,tarde
0,7,0,tarde
0,19,1,tarde
0,68,1,tarde
0,4,0,tarde
0,2,0,tarde
0,2,0,tarde
0,-1,0,tarde
0,29,1,tarde
0,13,0,tarde
0,-2,0,tarde
0,-6,0,tarde
0,6,0,tarde
0,3,0,tarde
0,-1,0,tarde
0,5,0,tarde
0,-3,0,tarde
0,-1,0,tarde
0,2,0,tarde
0,4,0,mañana
0,4,0,mañana
0,14,0,mañana
0,-1,0,mañana
0,12,0,mañana
0,15,0,mañana
0,3,0,mañana
0,12,0,mañana
0,27,1,mañana
0,12,0,mañana
0,0,0,mañana
0,39,1,mañana
0,5,0,mañana
0,3,0,mañana
0,17,1,mañana
0,17,1,mañana
0,91,1,mañana
0,11,0,mañana
0,5,0,mañana
0,8,0,mañana
0,5,0,mañana
0,-1,0,mañana
0,16,1,mañana
0,10,0,mañana
0,7,0,mañana
0,7,0,mañana
0,21,1,mañana
0,90,1,mañana
0,15,0,mañana
0,10,0,mañana
0,5,0,tarde
0,-1,0,tarde
0,20,1,tarde
0,3,0,tarde
0,7,0,tarde
0,13,0,tarde
0,-1,0,tarde
0,9,0,tarde
0,5,0,tarde
0,23,1,tarde
0,2,0,tarde
0,4,0,tarde
0,4,0,tarde
0,6,0,tarde
0,7,0,tarde
0,1,0,tarde
0,0,0,tarde
0,-1,0,tarde
0,71,1,tarde
0,-5,0,tarde
0,3,0,tarde
0,8,0,tarde
0,19,1,tarde
0,7,0,tarde
0,2,0,tarde
0,5,0,tarde
0,38,1,tarde
0,5,0,tarde
0,17,1,tarde
0,10,0,tarde
0,-2,0,tarde
0,4,0,tarde
0,0,0,tarde
0,3,0,tarde
0,-4,0,tarde
0,-6,0,tarde
0,2,0,tarde
0,12,0,tarde
0,7,0,tarde
0,-1,0,tarde
0,-1,0,tarde
0,3,0,tarde
0,3,0,tarde
0,10,0,mañana
0,9,0,mañana
0,10,0,mañana
0,24,1,mañana
0,0,0,mañana
0,23,1,mañana
0,0,0,mañana
0,0,0,mañana
0,2,0,mañana
0,48,1,mañana
0,33,1,mañana
0,32,1,mañana
0,2,0,mañana
0,18,1,mañana
0,14,0,mañana
0,11,0,mañana
0,1,0,mañana
0,-1,0,mañana
0,13,0,tarde
0,12,0,tarde
0,-1,0,tarde
0,8,0,tarde
0,3,0,tarde
0,8,0,tarde
0,13,0,tarde
0,11,0,tarde
0,15,0,tarde
0,17,1,tarde
0,19,1,tarde
0,18,1,tarde
0,11,0,tarde
0,14,0,tarde
0,13,0,tarde
0,45,1,tarde
0,7,0,tarde
0,18,1,tarde
0,10,0,tarde
0,10,0,tarde
0,36,1,tarde
0,79,1,tarde
0,44,1,tarde
0,10,0,tarde
0,24,1,tarde
0,14,0,tarde
0,7,0,tarde
0,4,0,tarde
0,9,0,tarde
0,5,0,tarde
0,13,0,mañana
0,16,1,mañana
0,13,0,mañana
0,18,1,mañana
0,19,1,mañana
0,23,1,mañana
0,6,0,mañana
0,13,0,mañana
0,39,1,mañana
0,20,1,mañana
0,13,0,mañana
0,13,0,mañana
0,31,1,mañana
0,10,0,mañana
0,13,0,mañana
0,19,1,mañana
0,24,1,mañana
0,20,1,mañana
0,11,0,mañana
0,8,0,mañana
0,13,0,mañana
0,11,0,mañana
0,17,1,mañana
0,5,0,mañana
0,22,1,mañana
0,13,0,mañana
0,18,1,mañana
0,9,0,mañana
0,14,0,mañana
0,15,0,mañana
0,13,0,mañana
0,23,1,mañana
0,-1,0,mañana
0,20,1,mañana
0,5,0,mañana
0,14,0,mañana
0,4,0,mañana
0,13,0,mañana
0,-1,0,mañana
0,3,0,mañana
0,-1,0,mañana
0,10,0,mañana
0,1,0,mañana
0,7,0,mañana
0,13,0,mañana
0,17,1,mañana
0,8,0,mañana
0,1,0,mañana
0,36,1,mañana
0,9,0,mañana
0,148,1,mañana
0,41,1,mañana
0,3,0,mañana
0,3,0,mañana
0,9,0,mañana
0,-1,0,mañana
0,-2,0,mañana
0,-8,0,mañana
0,2,0,mañana
0,7,0,noche
0,22,1,noche
0,6,0,noche
0,0,0,noche
0,6,0,noche
0,5,0,noche
0,-13,0,noche
0,-4,0,noche
0,1,0,noche
0,12,0,noche
0,3,0,noche
0,15,0,noche
0,-2,0,noche
0,-8,0,noche
0,-1,0,noche
0,3,0,noche
0,12,0,noche
0,9,0,noche
0,-2,0,noche
0,5,0,noche
0,5,0,noche
0,-2,0,noche
0,5,0,noche
0,12,0,noche
0,8,0,noche
0,6,0,noche
0,65,1,noche
0,-7,0,noche
0,-2,0,noche
0,2,0,noche
0,9,0,noche
0,2,0,noche
0,6,0,noche
0,-4,0,noche
0,2,0,noche
0,3,0,noche
0,0,0,noche
0,34,1,noche
0,10,0,noche
0,5,0,noche
0,95,1,noche
0,11,0,noche
0,6,0,noche
0,9,0,noche
0,11,0,noche
0,-7,0,noche
0,9,0,tarde
0,9,0,tarde
0,21,1,tarde
0,-1,0,tarde
0,11,0,tarde
0,5,0,tarde
0,49,1,tarde
0,1,0,tarde
0,2,0,tarde
0,12,0,tarde
0,15,0,tarde
0,-2,0,tarde
0,7,0,tarde
0,11,0,tarde
0,4,0,tarde
0,5,0,tarde
0,6,0,tarde
0,-1,0,tarde
0,41,1,tarde
0,1,0,tarde
0,3,0,tarde
0,-2,0,tarde
0,14,0,tarde
0,65,1,tarde
0,16,1,tarde
0,11,0,tarde
0,12,0,mañana
0,6,0,mañana
0,6,0,mañana
0,15,0,mañana
0,30,1,mañana
0,33,1,mañana
0,9,0,mañana
0,13,0,mañana
0,28,1,mañana
0,16,1,mañana
0,13,0,mañana
0,14,0,mañana
0,49,1,mañana
0,110,1,mañana
0,2,0,mañana
0,25,1,mañana
0,11,0,mañana
0,32,1,mañana
0,27,1,mañana
0,9,0,mañana
0,9,0,mañana
0,17,1,mañana
0,5,0,mañana
0,26,1,mañana
0,17,1,mañana
0,19,1,mañana
0,28,1,mañana
0,7,0,mañana
0,7,0,mañana
0,88,1,mañana
0,7,0,noche
0,12,0,noche
0,-3,0,noche
0,-6,0,noche
0,-3,0,noche
0,0,0,noche
0,11,0,noche
0,12,0,noche
0,-1,0,noche
0,1,0,noche
0,-7,0,noche
0,0,0,noche
0,10,0,noche
0,98,1,noche
0,15,0,noche
0,109,1,noche
0,61,1,noche
0,12,0,noche
0,6,0,noche
0,-9,0,noche
0,9,0,noche
0,18,1,noche
0,-1,0,noche
0,-3,0,noche
0,6,0,noche
0,4,0,noche
0,-2,0,noche
0,0,0,noche
0,25,1,noche
0,15,0,noche
0,6,0,noche
0,12,0,noche
0,27,1,noche
0,33,1,noche
0,21,1,noche
0,15,0,noche
0,1,0,noche
0,4,0,noche
0,-3,0,noche
0,10,0,noche
0,1,0,noche
0,17,1,noche
0,1,0,noche
0,18,1,noche
0,5,0,noche
0,41,1,noche
0,6,0,noche
0,3,0,noche
0,15,0,noche
0,6,0,noche
0,1,0,noche
0,2,0,noche
0,-3,0,noche
0,-4,0,noche
0,-2,0,noche
0,-6,0,noche
0,6,0,noche
0,10,0,noche
0,2,0,noche
0,12,0,noche
0,3,0,noche
0,1,0,noche
0,0,0,noche
0,-4,0,noche
0,60,1,noche
0,3,0,noche
0,19,1,noche
0,11,0,noche
0,-3,0,noche
0,6,0,noche
0,28,1,noche
0,2,0,noche
0,16,1,noche
0,3,0,noche
0,2,0,noche
0,10,0,noche
0,20,1,noche
0,10,0,noche
0,-1,0,noche
0,5,0,noche
0,151,1,noche
0,-2,0,noche
0,5,0,noche
0,24,1,noche
0,15,0,noche
0,6,0,noche
0,5,0,noche
0,49,1,noche
0,7,0,noche
0,-4,0,noche
0,2,0,noche
0,-5,0,noche
0,-2,0,noche
0,-7,0,noche
0,11,0,noche
0,0,0,noche
0,35,1,noche
0,140,1,noche
0,17,1,noche
0,9,0,noche
0,14,0,noche
0,1,0,noche
0,15,0,noche
0,48,1,noche
0,4,0,noche
0,8,0,noche
0,6,0,noche
0,6,0,noche
0,47,1,noche
0,10,0,noche
0,9,0,noche
0,19,1,mañana
0,2,0,mañana
0,2,0,mañana
0,22,1,mañana
0,7,0,mañana
0,4,0,mañana
0,0,0,mañana
0,2,0,mañana
0,-2,0,noche
0,-4,0,noche
0,9,0,noche
0,1,0,noche
0,2,0,noche
0,3,0,noche
0,11,0,noche
0,-4,0,noche
0,1,0,noche
0,-6,0,noche
0,-1,0,noche
0,9,0,noche
0,-5,0,noche
0,-11,0,noche
0,8,0,noche
0,-1,0,noche
0,5,0,noche
0,6,0,noche
0,18,1,noche
0,7,0,noche
0,18,1,noche
0,5,0,noche
0,9,0,noche
0,-2,0,noche
0,4,0,noche
0,-7,0,noche
0,5,0,noche
0,8,0,noche
0,4,0,noche
0,13,0,noche
0,12,0,noche
0,2,0,noche
0,-3,0,noche
0,87,1,noche
0,7,0,mañana
0,15,0,mañana
0,9,0,mañana
0,26,1,mañana
0,15,0,mañana
0,13,0,mañana
0,22,1,mañana
0,18,1,mañana
0,11,0,mañana
0,-2,0,mañana
0,5,0,mañana
0,8,0,mañana
0,8,0,tarde
0,27,1,tarde
0,6,0,tarde
0,0,0,tarde
0,8,0,tarde
0,-1,0,tarde
0,25,1,tarde
0,-4,0,tarde
0,39,1,tarde
0,3,0,tarde
0,1,0,tarde
0,-1,0,tarde
0,33,1,tarde
0,75,1,tarde
0,-4,0,tarde
0,8,0,tarde
0,37,1,tarde
0,0,0,mañana
0,20,1,mañana
0,23,1,mañana
0,-1,0,mañana
0,22,1,mañana
0,34,1,mañana
0,7,0,mañana
0,3,0,mañana
0,4,0,mañana
0,3,0,mañana
0,-10,0,mañana
0,18,1,mañana
0,-2,0,mañana
0,49,1,mañana
0,-4,0,mañana
0,7,0,mañana
0,-2,0,mañana
0,30,1,mañana
0,5,0,mañana
0,-4,0,mañana
0,5,0,mañana
0,4,0,mañana
0,52,1,mañana
0,-3,0,mañana
0,-1,0,mañana
0,-5,0,mañana
0,1,0,mañana
0,9,0,noche
0,72,1,noche
0,8,0,noche
0,4,0,noche
0,-1,0,noche
0,18,1,noche
0,28,1,noche
0,-1,0,noche
0,20,1,noche
0,1,0,noche
0,1,0,noche
0,3,0,noche
0,7,0,noche
0,79,1,noche
0,-4,0,noche
0,-3,0,noche
0,-4,0,noche
0,0,0,noche
0,-8,0,noche
0,6,0,noche
0,11,0,noche
0,-3,0,noche
0,-4,0,noche
0,5,0,noche
0,0,0,noche
0,-3,0,noche
0,2,0,noche
0,-7,0,noche
0,52,1,noche
0,17,1,noche
0,2,0,noche
0,6,0,noche
0,-6,0,noche
0,0,0,noche
0,10,0,noche
0,-1,0,noche
0,1,0,noche
0,-1,0,noche
0,-2,0,noche
0,1,0,noche
0,-2,0,noche
0,0,0,noche
0,8,0,noche
0,3,0,tarde
0,9,0,tarde
0,2,0,tarde
0,-4,0,tarde
0,1,0,tarde
0,-2,0,tarde
0,42,1,tarde
0,3,0,tarde
0,3,0,tarde
0,0,0,tarde
0,-1,0,tarde
0,2,0,tarde
0,2,0,tarde
0,-4,0,tarde
0,4,0,tarde
0,0,0,tarde
0,7,0,tarde
0,2,0,tarde
0,16,1,tarde
0,0,0,tarde
0,4,0,tarde
0,-4,0,tarde
0,2,0,tarde
0,-4,0,tarde
0,-11,0,tarde
0,4,0,tarde
0,-2,0,tarde
0,2,0,noche
0,4,0,noche
0,0,0,noche
0,2,0,noche
0,4,0,noche
0,3,0,noche
0,8,0,noche
0,7,0,noche
0,5,0,noche
0,1,0,noche
0,8,0,noche
0,-1,0,noche
0,2,0,noche
0,26,1,noche
0,65,1,noche
0,30,1,noche
0,7,0,noche
0,8,0,noche
0,6,0,noche
0,-5,0,noche
0,4,0,noche
0,104,1,noche
0,9,0,noche
0,3,0,noche
0,0,0,noche
0,13,0,noche
0,-1,0,noche
0,-1,0,noche
0,5,0,noche
0,5,0,noche
0,16,1,tarde
0,31,1,tarde
0,2,0,tarde
0,5,0,tarde
0,7,0,tarde
0,2,0,tarde
0,5,0,tarde
0,4,0,tarde
0,4,0,tarde
0,1,0,tarde
0,11,0,tarde
0,-3,0,tarde
0,-5,0,tarde
0,6,0,tarde
0,15,0,tarde
0,9,0,tarde
0,15,0,tarde
0,0,0,tarde
0,4,0,tarde
0,6,0,tarde
0,10,0,tarde
0,37,1,tarde
0,15,0,tarde
0,1,0,tarde
0,10,0,tarde
0,7,0,tarde
0,11,0,tarde
0,11,0,tarde
0,14,0,tarde
0,10,0,tarde
0,-3,0,noche
0,15,0,noche
0,0,0,noche
0,-1,0,noche
0,-1,0,noche
0,-8,0,tarde
0,-8,0,tarde
0,4,0,tarde
0,40,1,tarde
0,-1,0,tarde
0,3,0,tarde
0,34,1,tarde
0,-4,0,tarde
0,2,0,tarde
0,3,0,tarde
0,1,0,tarde
0,-9,0,tarde
0,26,1,tarde
0,29,1,tarde
0,30,1,tarde
0,27,1,tarde
0,11,0,tarde
0,34,1,tarde
0,-2,0,tarde
0,43,1,tarde
0,5,0,tarde
0,2,0,tarde
0,8,0,tarde
0,6,0,tarde
0,17,1,tarde
0,-5,0,tarde
0,14,0,tarde
0,5,0,tarde
0,3,0,tarde
0,10,0,tarde
0,2,0,tarde
0,8,0,tarde
0,6,0,tarde
0,0,0,tarde
0,14,0,tarde
0,-2,0,tarde
0,7,0,tarde
0,38,1,tarde
0,19,1,tarde
0,-1,0,tarde
0,9,0,tarde
0,-4,0,mañana
0,17,1,mañana
0,1,0,mañana
0,13,0,mañana
0,-5,0,mañana
0,-3,0,mañana
0,15,0,mañana
0,24,1,mañana
0,-5,0,mañana
0,6,0,mañana
0,8,0,mañana
0,0,0,mañana
0,-1,0,mañana
0,7,0,mañana
0,11,0,mañana
0,4,0,mañana
0,24,1,mañana
0,12,0,mañana
0,9,0,mañana
0,11,0,mañana
0,24,1,mañana
0,18,1,mañana
0,1,0,mañana
0,3,0,mañana
0,-5,0,mañana
0,9,0,mañana
0,17,1,mañana
0,-3,0,mañana
0,-5,0,mañana
0,-1,0,mañana
0,2,0,mañana
0,3,0,mañana
0,-1,0,mañana
0,1,0,mañana
0,13,0,mañana
0,12,0,mañana
0,99,1,mañana
0,11,0,mañana
0,-1,0,mañana
0,-5,0,mañana
0,4,0,mañana
0,5,0,mañana
0,50,1,mañana
0,9,0,mañana
0,1,0,mañana
0,6,0,mañana
0,24,1,mañana
0,35,1,mañana
0,-2,0,mañana
0,12,0,mañana
0,1,0,mañana
0,-2,0,mañana
0,4,0,mañana
0,-2,0,mañana
0,50,1,mañana
0,10,0,mañana
0,5,0,mañana
0,3,0,mañana
0,1,0,mañana
0,3,0,mañana
0,2,0,tarde
0,0,0,tarde
0,-4,0,noche
0,10,0,noche
0,0,0,noche
0,28,1,noche
0,4,0,noche
0,14,0,noche
0,-9,0,noche
0,9,0,noche
0,6,0,noche
0,-2,0,noche
0,34,1,noche
0,-1,0,noche
0,-2,0,noche
0,-2,0,noche
0,8,0,noche
0,29,1,noche
0,11,0,noche
0,58,1,noche
0,13,0,noche
0,4,0,noche
0,58,1,noche
0,6,0,noche
0,6,0,noche
0,48,1,noche
0,48,1,noche
0,21,1,noche
0,2,0,noche
0,5,0,noche
0,1,0,noche
0,-3,0,noche
0,8,0,tarde
0,13,0,tarde
0,0,0,tarde
0,5,0,mañana
0,5,0,mañana
0,13,0,mañana
0,29,1,mañana
0,156,1,mañana
0,3,0,mañana
0,20,1,mañana
0,21,1,mañana
0,6,0,mañana
0,6,0,mañana
0,1,0,mañana
0,10,0,mañana
0,16,1,mañana
0,46,1,mañana
0,5,0,mañana
0,10,0,mañana
0,10,0,mañana
0,20,1,mañana
0,2,0,mañana
0,13,0,mañana
0,7,0,mañana
0,18,1,mañana
0,-4,0,mañana
0,8,0,mañana
0,3,0,mañana
0,2,0,mañana
0,2,0,mañana
0,5,0,mañana
0,9,0,mañana
0,10,0,mañana
0,2,0,mañana
0,9,0,mañana
0,12,0,mañana
0,31,1,mañana
0,16,1,mañana
0,19,1,mañana
0,10,0,mañana
0,16,1,mañana
0,12,0,mañana
0,-4,0,mañana
0,24,1,mañana
0,13,0,mañana
0,16,1,mañana
0,24,1,mañana
0,0,0,tarde
0,1,0,tarde
0,6,0,tarde
0,0,0,tarde
0,8,0,mañana
0,2,0,tarde
0,21,1,mañana
0,3,0,tarde
0,22,1,mañana
0,25,1,tarde
0,4,0,mañana
0,21,1,tarde
0,21,1,mañana
0,6,0,mañana
0,3,0,mañana
0,22,1,mañana
0,5,0,mañana
0,-1,0,mañana
0,12,0,mañana
0,7,0,mañana
0,4,0,mañana
0,4,0,mañana
0,16,1,mañana
0,9,0,mañana
0,-2,0,mañana
0,8,0,mañana
0,13,0,mañana
0,10,0,mañana
0,3,0,mañana
0,10,0,mañana
0,2,0,mañana
0,4,0,mañana
0,12,0,mañana
0,2,0,mañana
0,7,0,tarde
0,0,0,tarde
0,1,0,tarde
0,-6,0,tarde
0,41,1,tarde
0,5,0,tarde
0,-3,0,tarde
0,-6,0,tarde
0,-2,0,tarde
0,3,0,tarde
0,8,0,noche
0,14,0,noche
0,-10,0,noche
0,0,0,noche
0,0,0,noche
0,-4,0,noche
0,-3,0,noche
0,-2,0,noche
0,156,1,noche
0,-9,0,noche
0,-8,0,noche
0,-6,0,noche
0,3,0,noche
0,-2,0,noche
0,145,1,noche
0,13,0,noche
0,3,0,noche
0,3,0,noche
0,-3,0,noche
0,-1,0,noche
0,2,0,noche
0,1,0,noche
0,-1,0,noche
0,-8,0,noche
0,-6,0,noche
0,7,0,noche
0,-2,0,noche
0,-4,0,noche
0,2,0,noche
0,0,0,noche
0,57,1,noche
0,7,0,noche
0,-3,0,noche
0,16,1,noche
0,0,0,noche
0,-3,0,noche
0,-4,0,noche
0,20,1,noche
0,3,0,noche
0,8,0,noche
0,5,0,noche
0,41,1,noche
0,-1,0,noche
0,10,0,noche
0,-3,0,noche
0,0,0,noche
0,16,1,mañana
0,10,0,mañana
0,-6,0,mañana
0,0,0,mañana
0,12,0,mañana
0,9,0,mañana
0,8,0,mañana
0,2,0,mañana
0,90,1,mañana
0,3,0,mañana
0,6,0,mañana
0,12,0,mañana
0,9,0,mañana
0,-3,0,mañana
0,84,1,mañana
0,-4,0,mañana
0,-5,0,mañana
0,35,1,mañana
0,0,0,mañana
0,16,1,mañana
0,8,0,mañana
0,1,0,tarde
0,9,0,tarde
0,3,0,tarde
0,6,0,tarde
0,2,0,tarde
0,3,0,tarde
0,10,0,tarde
0,8,0,tarde
0,4,0,tarde
0,1,0,tarde
0,6,0,tarde
0,1,0,tarde
0,9,0,tarde
0,17,1,tarde
0,7,0,tarde
0,161,1,tarde
0,8,0,tarde
0,10,0,tarde
0,54,1,tarde
0,0,0,tarde
0,17,1,tarde
0,0,0,tarde
0,3,0,tarde
0,7,0,tarde
0,17,1,tarde
0,9,0,tarde
0,1,0,noche
0,0,0,noche
0,9,0,noche
0,13,0,noche
0,6,0,noche
0,4,0,noche
0,0,0,noche
0,-4,0,noche
0,1,0,noche
0,-2,0,noche
0,-2,0,noche
0,12,0,noche
0,18,1,noche
0,2,0,noche
0,3,0,noche
0,1,0,noche
0,-3,0,noche
0,2,0,noche
0,2,0,noche
0,-8,0,noche
0,3,0,noche
0,-1,0,noche
0,5,0,noche
0,1,0,noche
0,-3,0,noche
0,8,0,mañana
0,9,0,mañana
0,17,1,mañana
0,12,0,mañana
0,38,1,mañana
0,14,0,mañana
0,0,0,mañana
0,15,0,mañana
0,25,1,mañana
0,11,0,mañana
0,13,0,mañana
0,25,1,mañana
0,2,0,mañana
0,21,1,mañana
0,10,0,mañana
0,6,0,mañana
0,7,0,mañana
0,18,1,mañana
0,9,0,mañana
0,24,1,mañana
0,19,1,mañana
0,15,0,mañana
0,13,0,mañana
0,6,0,mañana
0,17,1,mañana
0,9,0,mañana
0,16,1,mañana
0,-13,0,tarde
0,40,1,noche
0,11,0,tarde
0,34,1,mañana
0,12,0,noche
0,23,1,mañana
0,52,1,noche
0,1,0,mañana
0,127,1,noche
0,7,0,mañana
0,-11,0,mañana
0,11,0,mañana
0,16,1,mañana
0,5,0,mañana
0,6,0,mañana
0,17,1,mañana
0,-5,0,mañana
0,-7,0,mañana
0,21,1,mañana
0,3,0,mañana
0,12,0,mañana
0,12,0,mañana
0,7,0,mañana
0,10,0,mañana
0,14,0,mañana
0,0,0,mañana
0,13,0,mañana
0,37,1,mañana
0,-2,0,mañana
0,35,1,mañana
0,32,1,tarde
0,7,0,tarde
0,7,0,tarde
0,0,0,tarde
0,-1,0,tarde
0,-6,0,tarde
0,1,0,tarde
0,15,0,tarde
0,2,0,tarde
0,-7,0,tarde
0,3,0,tarde
0,-6,0,tarde
0,3,0,tarde
0,6,0,tarde
0,14,0,tarde
0,0,0,tarde
0,-6,0,tarde
0,3,0,tarde
0,2,0,tarde
0,17,1,tarde
0,-9,0,tarde
0,62,1,tarde
0,25,1,tarde
0,30,1,tarde
0,13,0,tarde
0,28,1,tarde
0,6,0,mañana
0,21,1,mañana
0,16,1,mañana
0,4,0,mañana
0,-1,0,mañana
0,8,0,mañana
0,3,0,mañana
0,-5,0,mañana
0,19,1,mañana
0,5,0,mañana
0,4,0,mañana
0,2,0,mañana
0,-3,0,mañana
0,3,0,mañana
0,6,0,mañana
0,1,0,mañana
0,1,0,mañana
0,3,0,mañana
0,-5,0,mañana
0,2,0,tarde
0,6,0,tarde
0,2,0,tarde
0,34,1,tarde
0,2,0,tarde
0,4,0,tarde
0,16,1,tarde
0,17,1,tarde
0,4,0,tarde
0,-2,0,tarde
0,157,1,tarde
0,-4,0,tarde
0,9,0,tarde
0,22,1,tarde
0,2,0,tarde
0,2,0,tarde
0,161,1,tarde
0,9,0,tarde
0,8,0,tarde
0,110,1,tarde
0,6,0,tarde
0,6,0,tarde
0,3,0,tarde
0,-2,0,tarde
0,2,0,tarde
0,5,0,tarde
0,13,0,mañana
0,15,0,mañana
0,18,1,mañana
0,1,0,mañana
0,12,0,mañana
0,10,0,mañana
0,4,0,mañana
0,108,1,mañana
0,66,1,mañana
0,25,1,mañana
0,52,1,mañana
0,4,0,mañana
0,7,0,mañana
0,46,1,mañana
0,5,0,mañana
0,74,1,mañana
0,7,0,mañana
0,17,1,mañana
0,34,1,mañana
0,17,1,mañana
0,14,0,noche
0,-6,0,tarde
0,18,1,noche
0,23,1,noche
0,40,1,noche
0,4,0,tarde
0,14,0,noche
0,13,0,noche
0,13,0,noche
0,15,0,tarde
0,79,1,noche
0,-6,0,noche
0,8,0,tarde
0,6,0,noche
0,-11,0,noche
0,-5,0,noche
0,140,1,tarde
0,-2,0,tarde
0,7,0,tarde
0,8,0,tarde
0,0,0,tarde
0,21,1,tarde
0,43,1,noche
0,9,0,noche
0,83,1,noche
0,-4,0,noche
0,52,1,noche
0,25,1,noche
0,11,0,noche
0,0,0,mañana
0,-2,0,mañana
0,0,0,mañana
0,-11,0,mañana
0,17,1,noche
0,14,0,noche
0,6,0,noche
0,19,1,noche
0,16,1,noche
0,9,0,noche
0,2,0,noche
0,-8,0,noche
0,5,0,noche
0,4,0,noche
0,-3,0,noche
0,8,0,noche
0,0,0,noche
0,6,0,noche
0,-2,0,noche
0,7,0,noche
0,-13,0,noche
0,4,0,noche
0,-6,0,noche
0,2,0,noche
0,18,1,noche
0,59,1,noche
0,12,0,noche
0,15,0,noche
0,-10,0,noche
0,1,0,noche
0,6,0,noche
0,-2,0,noche
0,5,0,noche
0,20,1,noche
0,52,1,noche
0,0,0,noche
0,-13,0,noche
0,-3,0,mañana
0,-1,0,mañana
0,16,1,mañana
0,0,0,mañana
0,25,1,mañana
0,-4,0,mañana
0,7,0,mañana
0,71,1,noche
0,4,0,noche
0,-7,0,noche
0,-3,0,noche
0,-8,0,noche
0,0,0,noche
0,3,0,noche
0,4,0,noche
0,-7,0,noche
0,-6,0,noche
0,1,0,noche
0,-6,0,noche
0,-1,0,noche
0,-5,0,noche
0,0,0,noche
1,119,1,noche
1,0,0,noche
1,3,0,noche
1,-9,0,noche
1,-4,0,noche
1,17,1,noche
1,-2,0,noche
1,-13,0,noche
1,-3,0,noche
1,8,0,noche
1,-6,0,noche
1,-11,0,noche
1,-2,0,noche
1,-7,0,noche
1,-6,0,noche
1,-4,0,noche
0,-1,0,noche
0,-8,0,noche
0,-4,0,noche
0,1,0,noche
0,0,0,noche
0,-2,0,noche
0,-5,0,noche
0,-8,0,noche
0,-3,0,noche
0,-4,0,noche
0,-7,0,noche
0,3,0,noche
0,-1,0,noche
0,-10,0,noche
1,-9,0,noche
1,-4,0,noche
1,25,1,noche
1,-5,0,noche
1,6,0,noche
1,-6,0,noche
1,91,1,noche
1,68,1,noche
1,-9,0,noche
1,-6,0,noche
1,-9,0,noche
1,-10,0,noche
1,-8,0,noche
1,-4,0,noche
1,-7,0,noche
1,-13,0,noche
1,-8,0,noche
0,7,0,mañana
0,9,0,mañana
0,24,1,mañana
0,62,1,mañana
0,26,1,mañana
0,1,0,mañana
0,5,0,mañana
0,10,0,mañana
0,12,0,mañana
0,33,1,mañana
0,-4,0,mañana
0,5,0,mañana
1,65,1,mañana
1,44,1,mañana
1,48,1,mañana
1,26,1,mañana
1,74,1,mañana
1,28,1,mañana
1,32,1,mañana
1,89,1,mañana
1,61,1,mañana
1,58,1,mañana
1,26,1,mañana
1,46,1,mañana
1,22,1,mañana
1,39,1,mañana
1,51,1,mañana
0,2,0,tarde
0,3,0,tarde
0,14,0,tarde
0,-3,0,tarde
0,9,0,tarde
0,-6,0,tarde
0,2,0,tarde
0,-2,0,tarde
0,31,1,tarde
0,9,0,tarde
0,5,0,tarde
0,12,0,tarde
1,7,0,tarde
1,-6,0,tarde
1,95,1,tarde
1,4,0,tarde
1,20,1,tarde
1,0,0,tarde
1,4,0,tarde
1,13,0,tarde
1,-3,0,tarde
1,10,0,tarde
1,-13,0,tarde
1,-1,0,tarde
1,-5,0,tarde
1,0,0,tarde
1,27,1,tarde
0,-2,0,tarde
0,-12,0,tarde
0,18,1,tarde
0,19,1,tarde
0,4,0,tarde
0,3,0,tarde
0,-3,0,tarde
0,-10,0,tarde
0,-13,0,tarde
0,-4,0,tarde
0,-7,0,tarde
0,-6,0,tarde
0,-3,0,tarde
1,7,0,tarde
1,1,0,tarde
1,-10,0,tarde
1,0,0,tarde
1,-12,0,tarde
1,3,0,tarde
1,-5,0,tarde
1,2,0,tarde
1,-7,0,tarde
1,-2,0,tarde
1,-7,0,tarde
1,-10,0,tarde
1,-2,0,tarde
1,23,1,tarde
1,-3,0,tarde
1,24,1,tarde
0,-5,0,noche
0,-5,0,noche
0,-7,0,noche
0,-5,0,noche
0,3,0,noche
0,-6,0,noche
0,-1,0,noche
0,-1,0,noche
0,-2,0,noche
0,-14,0,noche
0,-6,0,noche
0,-12,0,noche
0,-7,0,noche
1,3,0,noche
1,-2,0,noche
1,0,0,noche
1,-5,0,noche
1,3,0,noche
1,-4,0,noche
1,-7,0,noche
1,-8,0,noche
1,-6,0,noche
1,-1,0,noche
1,-9,0,noche
1,-5,0,noche
1,0,0,noche
1,-5,0,noche
1,-10,0,noche
0,-10,0,mañana
0,-2,0,mañana
0,87,1,mañana
0,-8,0,mañana
0,-5,0,mañana
0,-3,0,mañana
0,30,1,mañana
0,3,0,mañana
0,-8,0,mañana
0,51,1,mañana
0,28,1,mañana
0,-4,0,mañana
0,2,0,mañana
0,25,1,mañana
1,73,1,mañana
1,-9,0,mañana
1,-4,0,mañana
1,12,0,mañana
1,18,1,mañana
1,-8,0,mañana
1,9,0,mañana
1,-8,0,mañana
1,5,0,mañana
1,16,1,mañana
1,52,1,mañana
1,4,0,mañana
1,53,1,mañana
1,24,1,mañana
1,1,0,mañana
1,9,0,mañana
1,19,1,mañana
0,-9,0,mañana
0,12,0,mañana
0,0,0,mañana
0,10,0,mañana
0,1,0,mañana
0,-1,0,mañana
0,19,1,mañana
0,13,0,mañana
0,-10,0,mañana
0,73,1,mañana
0,48,1,mañana
0,-2,0,mañana
0,21,1,mañana
0,9,0,mañana
1,113,1,mañana
1,5,0,mañana
1,-4,0,mañana
1,5,0,mañana
1,16,1,mañana
1,9,0,mañana
1,6,0,mañana
1,8,0,mañana
1,26,1,mañana
1,23,1,mañana
1,54,1,mañana
1,37,1,mañana
1,-2,0,mañana
1,8,0,mañana
1,11,0,mañana
1,0,0,mañana
1,27,1,mañana
0,18,1,tarde
0,1,0,tarde
0,64,1,tarde
0,9,0,tarde
0,55,1,tarde
0,11,0,tarde
0,76,1,tarde
0,61,1,tarde
0,8,0,tarde
0,53,1,tarde
0,42,1,tarde
0,79,1,tarde
0,26,1,tarde
0,45,1,tarde
1,24,1,tarde
1,15,0,tarde
1,106,1,tarde
1,83,1,tarde
1,22,1,tarde
1,22,1,tarde
1,47,1,tarde
1,29,1,tarde
1,32,1,tarde
1,28,1,tarde
1,31,1,tarde
1,34,1,tarde
1,56,1,tarde
1,17,1,tarde
1,15,0,tarde
1,20,1,tarde
1,19,1,tarde
0,-14,0,tarde
0,-4,0,tarde
0,-5,0,tarde
0,4,0,tarde
0,7,0,tarde
0,1,0,tarde
0,13,0,tarde
0,108,1,tarde
0,23,1,tarde
0,12,0,tarde
0,-4,0,tarde
0,34,1,tarde
0,49,1,tarde
1,70,1,tarde
1,2,0,tarde
1,110,1,tarde
1,1,0,tarde
1,-9,0,tarde
1,-3,0,tarde
1,17,1,tarde
1,11,0,tarde
1,-1,0,tarde
1,-6,0,tarde
1,26,1,tarde
1,1,0,tarde
1,7,0,tarde
1,3,0,tarde
1,11,0,tarde
1,33,1,tarde
1,18,1,tarde
0,5,0,mañana
0,7,0,mañana
0,0,0,mañana
0,12,0,mañana
0,-13,0,mañana
0,3,0,mañana
0,-2,0,mañana
0,-5,0,mañana
0,-11,0,mañana
0,146,1,mañana
0,-4,0,mañana
0,6,0,mañana
0,-3,0,mañana
0,-3,0,mañana
1,20,1,mañana
1,3,0,mañana
1,-11,0,mañana
1,-2,0,mañana
1,2,0,mañana
1,-6,0,mañana
1,12,0,mañana
1,0,0,mañana
1,-10,0,mañana
1,-6,0,mañana
1,12,0,mañana
1,11,0,mañana
1,12,0,mañana
1,23,1,mañana
1,3,0,mañana
1,11,0,mañana
1,3,0,mañana
0,12,0,noche
0,-8,0,noche
0,1,0,noche
0,11,0,noche
0,44,1,noche
0,29,1,noche
0,62,1,noche
0,34,1,noche
0,53,1,noche
0,25,1,noche
0,15,0,noche
0,83,1,noche
1,55,1,noche
1,77,1,noche
1,30,1,noche
1,15,0,noche
1,30,1,noche
1,28,1,noche
1,14,0,noche
1,0,0,noche
1,26,1,noche
1,17,1,noche
1,100,1,noche
1,21,1,noche
1,85,1,noche
1,14,0,noche
1,5,0,noche
1,40,1,noche
1,58,1,noche
0,7,0,noche
0,16,1,noche
1,10,0,noche
1,-4,0,noche
1,21,1,noche
0,31,1,mañana
0,6,0,mañana
0,0,0,mañana
0,79,1,mañana
0,4,0,mañana
0,18,1,mañana
0,2,0,mañana
0,1,0,mañana
0,1,0,mañana
0,1,0,mañana
0,9,0,mañana
0,-4,0,mañana
0,3,0,mañana
0,14,0,mañana
1,66,1,mañana
1,67,1,mañana
1,53,1,mañana
1,89,1,mañana
1,-2,0,mañana
1,27,1,mañana
1,5,0,mañana
1,0,0,mañana
1,6,0,mañana
1,31,1,mañana
1,-5,0,mañana
1,-2,0,mañana
1,7,0,mañana
1,5,0,mañana
1,-4,0,mañana
0,7,0,tarde
0,47,1,tarde
0,10,0,tarde
0,29,1,tarde
0,15,0,tarde
0,25,1,tarde
0,46,1,tarde
0,42,1,tarde
0,8,0,tarde
0,1,0,tarde
0,5,0,tarde
0,25,1,tarde
0,26,1,tarde
0,14,0,tarde
1,33,1,tarde
1,45,1,tarde
1,13,0,tarde
1,40,1,tarde
1,14,0,tarde
1,22,1,tarde
1,25,1,tarde
1,34,1,tarde
1,15,0,tarde
1,57,1,tarde
1,25,1,tarde
1,130,1,tarde
1,20,1,tarde
1,51,1,tarde
1,52,1,tarde
1,23,1,tarde
1,7,0,tarde
1,47,1,noche
0,-6,0,noche
0,2,0,noche
0,-4,0,noche
0,-10,0,noche
0,0,0,noche
0,-13,0,noche
0,-2,0,noche
0,5,0,noche
0,-12,0,noche
0,-5,0,noche
0,-14,0,noche
1,-1,0,noche
1,27,1,noche
1,-8,0,noche
1,-10,0,noche
1,-5,0,noche
1,-9,0,noche
1,0,0,noche
1,-12,0,noche
1,-3,0,noche
1,5,0,noche
1,0,0,noche
1,0,0,noche
1,-2,0,noche
1,90,1,noche
1,0,0,noche
1,-11,0,noche
0,-2,0,mañana
0,-1,0,mañana
0,4,0,mañana
0,-2,0,mañana
0,1,0,mañana
0,1,0,mañana
0,25,1,mañana
0,25,1,mañana
0,4,0,mañana
0,-12,0,mañana
1,0,0,mañana
1,-6,0,mañana
1,10,0,mañana
1,-2,0,mañana
1,8,0,mañana
1,-2,0,mañana
1,17,1,mañana
1,-4,0,mañana
1,-2,0,mañana
1,-1,0,mañana
1,-3,0,mañana
1,2,0,mañana
0,-6,0,tarde
0,0,0,tarde
0,-2,0,tarde
0,6,0,tarde
0,-6,0,tarde
0,0,0,tarde
0,0,0,tarde
0,6,0,tarde
1,-7,0,tarde
1,51,1,tarde
1,-2,0,tarde
1,0,0,tarde
1,30,1,tarde
1,13,0,tarde
1,10,0,tarde
1,12,0,tarde
1,2,0,tarde
0,-1,0,noche
0,3,0,noche
0,2,0,noche
0,-3,0,noche
0,5,0,noche
0,0,0,noche
0,4,0,noche
0,4,0,noche
0,0,0,noche
0,6,0,noche
0,9,0,noche
0,8,0,noche
0,-9,0,noche
0,-1,0,noche
1,9,0,noche
1,-9,0,noche
1,-3,0,noche
1,0,0,noche
1,1,0,noche
1,9,0,noche
1,-5,0,noche
1,-2,0,noche
1,-4,0,noche
1,1,0,noche
1,-4,0,noche
1,0,0,noche
1,61,1,noche
1,-1,0,noche
1,5,0,noche
1,5,0,noche
1,20,1,noche
0,10,0,mañana
0,0,0,mañana
0,8,0,mañana
0,6,0,mañana
0,-9,0,mañana
0,3,0,mañana
0,12,0,mañana
0,7,0,mañana
0,-1,0,mañana
0,16,1,mañana
0,3,0,mañana
0,0,0,mañana
0,17,1,noche
0,-3,0,mañana
1,56,1,mañana
1,-5,0,mañana
1,4,0,mañana
1,2,0,mañana
1,-12,0,mañana
1,8,0,mañana
1,-4,0,mañana
1,-8,0,mañana
1,-7,0,mañana
1,-2,0,mañana
1,41,1,mañana
1,0,0,mañana
1,4,0,mañana
1,-11,0,mañana
1,-1,0,mañana
1,24,1,mañana
0,-4,0,noche
0,9,0,noche
0,2,0,noche
0,-1,0,noche
0,5,0,noche
0,-3,0,noche
0,-7,0,noche
0,-9,0,noche
0,3,0,noche
0,1,0,noche
0,-4,0,noche
1,4,0,noche
1,2,0,noche
1,-7,0,noche
1,-3,0,noche
1,9,0,noche
1,60,1,noche
1,-3,0,noche
1,18,1,noche
1,1,0,noche
1,-8,0,noche
1,-7,0,noche
1,-11,0,noche
1,2,0,noche
1,-13,0,noche
1,7,0,noche
1,0,0,noche
1,-7,0,noche
0,11,0,mañana
0,0,0,mañana
0,23,1,mañana
0,8,0,mañana
0,20,1,mañana
0,5,0,mañana
0,2,0,mañana
0,14,0,mañana
0,21,1,mañana
0,20,1,mañana
0,3,0,mañana
0,2,0,mañana
0,-4,0,mañana
1,26,1,mañana
1,-1,0,mañana
1,21,1,mañana
1,39,1,mañana
1,-4,0,mañana
1,25,1,mañana
1,-2,0,mañana
1,4,0,mañana
1,5,0,mañana
1,-6,0,mañana
1,17,1,mañana
1,1,0,mañana
1,18,1,mañana
1,-1,0,mañana
1,31,1,mañana
1,13,0,mañana
1,10,0,mañana
0,-14,0,noche
0,0,0,noche
0,5,0,noche
0,-13,0,noche
0,2,0,noche
0,-2,0,noche
0,-6,0,noche
0,20,1,noche
0,9,0,noche
0,18,1,noche
0,13,0,noche
0,8,0,noche
0,-12,0,noche
0,0,0,noche
1,9,0,noche
1,-4,0,noche
1,1,0,noche
1,-7,0,noche
1,-6,0,noche
1,2,0,noche
1,10,0,noche
1,15,0,noche
1,-4,0,noche
1,-12,0,noche
1,-7,0,noche
1,-12,0,noche
1,-9,0,noche
1,-11,0,noche
1,-3,0,noche
1,14,0,noche
1,8,0,noche
0,1,0,noche
0,14,0,noche
0,37,1,noche
0,6,0,noche
0,12,0,noche
0,12,0,noche
0,5,0,noche
0,11,0,noche
0,12,0,noche
0,9,0,noche
0,15,0,noche
0,56,1,noche
0,4,0,noche
0,23,1,noche
1,-3,0,noche
1,0,0,noche
1,-1,0,noche
1,7,0,noche
1,10,0,noche
1,15,0,noche
1,-3,0,noche
1,19,1,noche
1,6,0,noche
1,20,1,noche
1,-2,0,noche
1,10,0,noche
1,6,0,noche
1,18,1,noche
1,4,0,noche
1,22,1,noche
1,7,0,noche
0,-2,0,noche
0,3,0,noche
0,8,0,noche
0,33,1,noche
0,0,0,noche
0,7,0,noche
0,10,0,noche
0,-13,0,noche
0,-4,0,noche
0,-3,0,noche
0,-6,0,noche
0,0,0,noche
0,6,0,noche
0,-3,0,noche
1,0,0,tarde
1,21,1,noche
1,2,0,noche
1,13,0,noche
1,-4,0,noche
1,-8,0,noche
1,4,0,noche
1,-2,0,noche
1,-8,0,noche
1,6,0,noche
1,118,1,tarde
1,-3,0,noche
1,-5,0,noche
1,25,1,noche
1,-1,0,noche
0,-8,0,mañana
0,-4,0,mañana
0,0,0,mañana
0,30,1,mañana
0,-7,0,mañana
0,14,0,mañana
0,-5,0,mañana
0,-8,0,mañana
0,-13,0,mañana
0,-12,0,mañana
0,130,1,mañana
1,20,1,mañana
1,-3,0,mañana
1,-13,0,mañana
1,0,0,mañana
1,12,0,mañana
1,-9,0,mañana
1,-8,0,mañana
1,-13,0,mañana
1,-12,0,mañana
1,-8,0,mañana
1,-4,0,mañana
1,-11,0,mañana
1,-11,0,mañana
1,-8,0,mañana
1,-2,0,mañana
0,39,1,tarde
0,45,1,tarde
0,1,0,tarde
0,51,1,tarde
0,5,0,tarde
0,11,0,tarde
0,12,0,tarde
0,-3,0,tarde
0,36,1,tarde
0,67,1,tarde
0,117,1,tarde
0,22,1,tarde
0,70,1,tarde
0,105,1,tarde
1,58,1,tarde
1,68,1,tarde
1,18,1,tarde
1,18,1,tarde
1,34,1,tarde
1,70,1,tarde
1,28,1,tarde
1,53,1,tarde
1,57,1,tarde
1,16,1,tarde
1,26,1,tarde
1,43,1,tarde
1,7,0,tarde
1,8,0,tarde
1,5,0,tarde
1,15,0,tarde
1,42,1,tarde
0,0,0,noche
0,-10,0,noche
1,7,0,noche
1,26,1,noche
1,0,0,noche
0,-7,0,noche
0,6,0,noche
0,8,0,noche
0,84,1,noche
0,73,1,noche
1,90,1,noche
1,16,1,noche
1,27,1,noche
1,25,1,noche
1,7,0,noche
1,13,0,noche
1,18,1,noche
0,9,0,noche
1,-11,0,noche
1,-3,0,noche
1,-11,0,noche
0,-6,0,noche
0,0,0,noche
0,5,0,noche
0,-14,0,noche
0,2,0,noche
1,2,0,noche
1,-14,0,noche
1,-2,0,noche
1,2,0,noche
1,-2,0,noche
0,-13,0,noche
0,-14,0,noche
0,9,0,noche
0,-11,0,noche
0,7,0,noche
1,5,0,noche
1,-11,0,noche
1,-8,0,noche
1,18,1,noche
1,-11,0,noche
1,-11,0,noche
0,2,0,mañana
0,10,0,mañana
0,-4,0,mañana
0,1,0,mañana
0,6,0,mañana
0,1,0,mañana
0,4,0,mañana
0,-5,0,mañana
0,0,0,mañana
0,22,1,mañana
0,2,0,mañana
0,-1,0,mañana
0,6,0,mañana
0,-3,0,mañana
1,35,1,mañana
1,16,1,mañana
1,23,1,mañana
1,17,1,mañana
1,5,0,mañana
1,-3,0,mañana
1,3,0,mañana
1,13,0,mañana
1,0,0,mañana
1,4,0,mañana
1,-2,0,mañana
1,2,0,mañana
1,1,0,mañana
1,0,0,mañana
1,2,0,mañana
1,-1,0,mañana
1,34,1,mañana
0,-11,0,mañana
0,-2,0,mañana
0,-12,0,mañana
0,-6,0,mañana
0,-6,0,mañana
0,15,0,mañana
0,-6,0,mañana
0,-9,0,mañana
0,-8,0,mañana
1,47,1,mañana
1,9,0,mañana
1,5,0,mañana
1,-4,0,mañana
1,12,0,mañana
1,3,0,mañana
1,-4,0,mañana
1,65,1,mañana
1,-6,0,mañana
1,-10,0,mañana
1,4,0,mañana
1,47,1,mañana
0,42,1,mañana
0,-1,0,mañana
0,0,0,mañana
0,-7,0,mañana
0,0,0,mañana
0,-3,0,mañana
0,-8,0,mañana
0,-1,0,mañana
0,6,0,mañana
0,7,0,mañana
0,68,1,mañana
0,-3,0,mañana
0,65,1,mañana
0,-5,0,mañana
1,3,0,mañana
1,-3,0,mañana
1,2,0,mañana
1,5,0,mañana
1,-8,0,mañana
1,1,0,mañana
1,6,0,mañana
1,-3,0,mañana
1,-7,0,mañana
1,5,0,mañana
1,-5,0,mañana
1,-5,0,mañana
1,-3,0,mañana
1,-2,0,mañana
1,-4,0,mañana
1,-4,0,mañana
0,35,1,tarde
0,30,1,tarde
0,8,0,tarde
0,53,1,tarde
0,4,0,tarde
0,47,1,tarde
0,48,1,tarde
0,9,0,tarde
1,-1,0,tarde
1,101,1,tarde
1,14,0,tarde
1,108,1,tarde
1,81,1,tarde
1,74,1,tarde
1,40,1,tarde
0,-2,0,noche
0,-8,0,noche
0,0,0,noche
0,-4,0,noche
0,-5,0,noche
0,-11,0,noche
0,1,0,noche
0,-3,0,noche
0,-10,0,noche
0,2,0,noche
0,-1,0,noche
0,-2,0,noche
0,2,0,noche
0,-2,0,noche
1,23,1,tarde
1,3,0,noche
1,7,0,noche
1,2,0,noche
1,-9,0,noche
1,1,0,noche
1,-9,0,noche
1,-9,0,noche
1,-13,0,noche
1,-14,0,noche
1,-13,0,noche
1,-10,0,noche
1,-9,0,noche
1,-12,0,noche
1,-8,0,noche
1,-5,0,noche
1,-11,0,noche
0,17,1,noche
0,40,1,noche
0,118,1,noche
0,11,0,noche
0,43,1,noche
0,51,1,noche
1,31,1,noche
1,-3,0,noche
1,1,0,noche
1,59,1,noche
1,22,1,noche
1,10,0,noche
1,8,0,noche
0,7,0,tarde
0,8,0,tarde
0,8,0,tarde
0,44,1,tarde
0,18,1,tarde
0,9,0,tarde
0,35,1,tarde
0,0,0,tarde
0,8,0,tarde
1,13,0,tarde
1,8,0,tarde
1,23,1,tarde
1,9,0,tarde
1,6,0,tarde
1,3,0,tarde
1,42,1,tarde
1,-4,0,tarde
1,10,0,tarde
1,6,0,tarde
1,16,1,tarde
0,24,1,tarde
0,6,0,tarde
0,7,0,tarde
0,38,1,tarde
0,21,1,tarde
0,9,0,tarde
0,14,0,tarde
0,-8,0,tarde
0,-3,0,tarde
0,15,0,tarde
0,11,0,tarde
0,9,0,tarde
0,9,0,tarde
0,3,0,tarde
1,33,1,tarde
1,29,1,tarde
1,1,0,tarde
1,21,1,tarde
1,8,0,tarde
1,8,0,tarde
1,7,0,tarde
1,8,0,tarde
1,-2,0,tarde
1,4,0,tarde
1,8,0,tarde
1,-1,0,tarde
1,16,1,tarde
1,5,0,tarde
1,10,0,tarde
1,4,0,tarde
1,7,0,tarde
0,8,0,noche
0,-5,0,noche
0,40,1,noche
0,8,0,noche
0,5,0,noche
0,24,1,noche
0,13,0,noche
0,36,1,noche
0,8,0,noche
0,9,0,noche
0,7,0,noche
0,0,0,noche
0,61,1,noche
0,10,0,noche
1,16,1,noche
1,11,0,noche
1,6,0,noche
1,0,0,noche
1,28,1,noche
1,20,1,noche
1,3,0,noche
1,17,1,noche
1,7,0,noche
1,7,0,noche
1,13,0,noche
1,11,0,noche
1,0,0,noche
1,3,0,noche
1,15,0,noche
1,15,0,noche
1,10,0,noche
0,18,1,tarde
0,5,0,tarde
0,17,1,tarde
0,9,0,tarde
0,0,0,tarde
0,55,1,tarde
0,26,1,tarde
0,27,1,tarde
0,156,1,tarde
0,4,0,tarde
0,18,1,tarde
0,10,0,tarde
0,25,1,tarde
1,33,1,tarde
1,30,1,tarde
1,3,0,tarde
1,18,1,tarde
1,151,1,tarde
1,26,1,tarde
1,10,0,tarde
1,16,1,tarde
1,4,0,tarde
1,17,1,tarde
1,34,1,tarde
1,11,0,tarde
1,11,0,tarde
1,5,0,tarde
1,6,0,tarde
1,1,0,tarde
0,5,0,mañana
0,21,1,mañana
0,3,0,mañana
0,22,1,mañana
0,133,1,mañana
0,103,1,mañana
0,8,0,mañana
0,-3,0,mañana
0,16,1,mañana
1,12,0,mañana
1,5,0,mañana
1,10,0,mañana
1,13,0,mañana
1,35,1,mañana
1,-1,0,mañana
1,9,0,mañana
1,134,1,mañana
1,36,1,mañana
1,14,0,mañana
1,2,0,mañana
1,20,1,mañana
1,16,1,mañana
1,14,0,mañana
0,12,0,tarde
0,-1,0,tarde
0,4,0,tarde
0,15,0,tarde
0,4,0,tarde
0,60,1,tarde
0,3,0,tarde
0,-1,0,tarde
0,-2,0,tarde
0,19,1,tarde
0,4,0,tarde
0,9,0,tarde
0,22,1,tarde
0,9,0,tarde
1,132,1,tarde
1,17,1,tarde
1,14,0,tarde
1,6,0,tarde
1,20,1,tarde
1,1,0,tarde
1,26,1,tarde
1,26,1,tarde
1,4,0,tarde
1,34,1,tarde
1,126,1,tarde
1,31,1,tarde
1,10,0,tarde
1,-4,0,tarde
1,3,0,tarde
1,4,0,tarde
0,2,0,mañana
0,11,0,mañana
0,9,0,mañana
0,19,1,mañana
0,29,1,mañana
0,43,1,mañana
0,81,1,mañana
0,7,0,mañana
0,17,1,mañana
0,57,1,mañana
0,56,1,mañana
0,2,0,mañana
0,8,0,mañana
0,42,1,mañana
1,61,1,mañana
1,32,1,mañana
1,51,1,mañana
1,13,0,mañana
1,13,0,mañana
1,36,1,mañana
1,10,0,mañana
1,76,1,mañana
1,2,0,mañana
1,15,0,mañana
1,0,0,mañana
1,29,1,mañana
1,10,0,mañana
1,32,1,mañana
1,16,1,mañana
0,33,1,tarde
0,39,1,tarde
0,7,0,tarde
0,25,1,tarde
0,87,1,tarde
0,57,1,tarde
0,10,0,tarde
0,24,1,tarde
0,22,1,tarde
0,65,1,tarde
0,12,0,tarde
0,36,1,tarde
0,71,1,tarde
1,66,1,tarde
1,59,1,tarde
1,18,1,tarde
1,14,0,tarde
1,-2,0,tarde
1,46,1,tarde
1,68,1,tarde
1,46,1,tarde
1,73,1,tarde
1,60,1,tarde
1,32,1,tarde
1,35,1,tarde
1,28,1,tarde
1,61,1,tarde
1,50,1,tarde
1,20,1,tarde
1,29,1,tarde
0,16,1,mañana
0,6,0,mañana
0,5,0,mañana
0,4,0,mañana
0,2,0,mañana
0,30,1,mañana
0,4,0,mañana
0,1,0,mañana
0,5,0,mañana
0,6,0,mañana
0,10,0,mañana
0,24,1,mañana
0,9,0,mañana
0,32,1,mañana
1,85,1,mañana
1,87,1,mañana
1,6,0,mañana
1,5,0,mañana
1,14,0,mañana
1,9,0,mañana
1,9,0,mañana
1,3,0,mañana
1,8,0,mañana
1,131,1,mañana
1,9,0,mañana
1,93,1,mañana
1,18,1,mañana
1,18,1,mañana
1,12,0,mañana
1,12,0,mañana
0,66,1,mañana
0,40,1,mañana
0,6,0,mañana
0,3,0,mañana
0,11,0,mañana
0,9,0,mañana
0,13,0,mañana
0,-2,0,mañana
0,25,1,mañana
0,47,1,mañana
0,42,1,mañana
0,16,1,mañana
0,7,0,mañana
0,56,1,mañana
1,153,1,mañana
1,118,1,mañana
1,42,1,mañana
1,35,1,mañana
1,43,1,mañana
1,1,0,mañana
1,18,1,mañana
1,11,0,mañana
1,26,1,mañana
1,-3,0,mañana
1,60,1,mañana
1,4,0,mañana
1,7,0,mañana
1,47,1,mañana
1,13,0,mañana
1,24,1,mañana
1,1,0,mañana
0,32,1,noche
0,-2,0,noche
0,0,0,noche
0,8,0,noche
0,8,0,noche
0,6,0,noche
0,65,1,noche
0,71,1,noche
0,39,1,noche
0,64,1,noche
0,11,0,noche
0,50,1,noche
0,20,1,noche
1,153,1,noche
1,31,1,noche
1,60,1,noche
1,56,1,noche
1,50,1,noche
1,12,0,noche
1,41,1,noche
1,95,1,noche
1,93,1,noche
1,8,0,noche
1,80,1,noche
1,59,1,noche
1,8,0,noche
1,51,1,noche
1,14,0,noche
1,21,1,noche
1,34,1,noche
0,23,1,noche
0,0,0,noche
0,7,0,noche
0,1,0,noche
0,38,1,noche
0,-1,0,noche
0,6,0,noche
0,7,0,noche
0,23,1,noche
0,15,0,noche
0,5,0,noche
1,15,0,noche
1,13,0,noche
1,0,0,noche
1,18,1,noche
1,-4,0,noche
1,15,0,noche
1,-2,0,noche
1,0,0,noche
1,2,0,noche
1,17,1,noche
1,31,1,noche
1,-3,0,noche
1,10,0,noche
1,9,0,noche
1,12,0,noche
1,-5,0,noche
1,6,0,noche
0,-2,0,noche
0,33,1,tarde
1,8,0,tarde
1,18,1,noche
0,44,1,tarde
1,-2,0,tarde
0,58,1,noche
0,0,0,mañana
0,-2,0,mañana
0,-2,0,mañana
0,-2,0,mañana
0,0,0,mañana
0,92,1,mañana
0,6,0,mañana
0,2,0,mañana
0,1,0,mañana
0,54,1,mañana
0,25,1,mañana
0,4,0,mañana
0,7,0,mañana
0,18,1,mañana
1,27,1,mañana
1,-4,0,mañana
1,0,0,mañana
1,15,0,mañana
1,-3,0,mañana
1,5,0,mañana
1,5,0,mañana
1,2,0,mañana
1,-6,0,mañana
1,-1,0,mañana
1,75,1,mañana
1,6,0,mañana
1,11,0,mañana
1,6,0,mañana
1,1,0,mañana
1,9,0,mañana
1,1,0,mañana
0,32,1,mañana
1,35,1,tarde
1,10,0,mañana
1,47,1,tarde
0,2,0,mañana
0,-5,0,mañana
0,-1,0,mañana
0,0,0,mañana
0,12,0,mañana
0,27,1,mañana
0,7,0,mañana
0,7,0,mañana
0,-3,0,mañana
0,118,1,mañana
0,42,1,mañana
0,3,0,mañana
0,8,0,mañana
0,30,1,mañana
1,6,0,mañana
1,0,0,mañana
1,3,0,mañana
1,25,1,mañana
1,3,0,mañana
1,4,0,mañana
1,23,1,mañana
1,-3,0,mañana
1,6,0,mañana
1,14,0,mañana
1,82,1,mañana
1,9,0,mañana
1,9,0,mañana
1,21,1,mañana
1,0,0,mañana
1,16,1,mañana
1,6,0,mañana
0,-1,0,mañana
0,1,0,mañana
0,8,0,mañana
0,9,0,mañana
0,5,0,mañana
0,8,0,mañana
0,12,0,mañana
0,3,0,mañana
0,7,0,mañana
0,0,0,mañana
0,4,0,mañana
0,9,0,mañana
0,10,0,mañana
1,48,1,mañana
1,1,0,mañana
1,34,1,mañana
1,0,0,mañana
1,4,0,mañana
1,35,1,mañana
1,10,0,mañana
1,7,0,mañana
1,43,1,mañana
1,-2,0,mañana
1,14,0,mañana
1,14,0,mañana
1,2,0,mañana
1,10,0,mañana
1,2,0,mañana
1,-2,0,mañana
1,26,1,mañana
0,-1,0,tarde
0,3,0,tarde
0,13,0,tarde
0,11,0,tarde
0,34,1,tarde
0,25,1,tarde
0,1,0,tarde
0,78,1,tarde
0,11,0,tarde
0,16,1,tarde
0,26,1,tarde
0,52,1,tarde
1,21,1,tarde
1,8,0,tarde
1,7,0,tarde
1,19,1,tarde
1,10,0,tarde
1,9,0,tarde
1,14,0,tarde
1,-2,0,tarde
1,3,0,tarde
1,3,0,tarde
1,56,1,tarde
1,-1,0,tarde
1,6,0,tarde
1,-1,0,tarde
1,19,1,tarde
1,27,1,tarde
0,16,1,mañana
0,12,0,mañana
1,2,0,mañana
1,12,0,mañana
0,6,0,tarde
0,1,0,noche
0,-2,0,noche
0,24,1,noche
0,-3,0,noche
0,-10,0,noche
0,9,0,noche
0,32,1,noche
0,12,0,noche
0,84,1,noche
0,128,1,noche
0,7,0,noche
1,7,0,noche
1,4,0,noche
1,-1,0,noche
1,11,0,noche
1,1,0,noche
1,0,0,noche
1,6,0,noche
1,-6,0,noche
1,0,0,noche
1,-1,0,noche
1,2,0,noche
1,15,0,noche
1,5,0,noche
1,2,0,noche
1,-7,0,noche
1,13,0,noche
1,3,0,noche
0,0,0,mañana
0,1,0,mañana
0,0,0,mañana
0,17,1,mañana
0,11,0,mañana
0,-7,0,mañana
0,60,1,mañana
0,84,1,mañana
0,19,1,mañana
0,2,0,mañana
0,32,1,mañana
1,101,1,mañana
1,-2,0,mañana
1,10,0,mañana
1,0,0,mañana
1,34,1,mañana
1,20,1,mañana
1,-6,0,mañana
1,3,0,mañana
1,125,1,mañana
1,-6,0,mañana
1,-1,0,mañana
1,5,0,mañana
1,-1,0,mañana
0,0,0,tarde
0,32,1,tarde
0,52,1,tarde
0,66,1,tarde
1,-2,0,tarde
1,-1,0,tarde
1,-4,0,tarde
1,14,0,tarde
1,11,0,tarde
0,27,1,mañana
0,0,0,mañana
0,-2,0,tarde
0,9,0,tarde
0,22,1,mañana
1,10,0,tarde
1,7,0,mañana
1,8,0,tarde
1,0,0,mañana
1,-2,0,tarde
1,19,1,mañana
1,3,0,mañana
1,1,0,mañana
1,0,0,tarde
1,1,0,mañana
0,1,0,tarde
0,6,0,mañana
0,7,0,mañana
0,-2,0,mañana
0,-5,0,mañana
0,0,0,mañana
0,3,0,mañana
0,5,0,mañana
0,1,0,mañana
0,0,0,mañana
0,103,1,mañana
0,42,1,mañana
0,-3,0,mañana
0,13,0,mañana
0,18,1,mañana
1,6,0,mañana
1,-1,0,mañana
1,1,0,mañana
1,12,0,mañana
1,-3,0,mañana
1,3,0,mañana
1,25,1,mañana
1,-3,0,mañana
1,-1,0,mañana
1,6,0,mañana
1,108,1,mañana
1,3,0,mañana
1,-2,0,mañana
1,15,0,mañana
1,3,0,mañana
1,-9,0,mañana
1,0,0,mañana
0,-2,0,tarde
0,1,0,tarde
0,-2,0,tarde
0,28,1,tarde
0,94,1,tarde
0,0,0,tarde
0,-3,0,tarde
0,33,1,tarde
0,14,0,tarde
0,91,1,tarde
1,12,0,tarde
1,1,0,tarde
1,-2,0,tarde
1,11,0,tarde
1,9,0,tarde
1,3,0,tarde
1,-3,0,tarde
1,1,0,tarde
1,21,1,tarde
1,-2,0,tarde
1,1,0,tarde
1,-2,0,tarde
1,33,1,tarde
0,1,0,tarde
0,3,0,tarde
0,1,0,tarde
0,74,1,tarde
0,3,0,tarde
0,-1,0,tarde
0,-1,0,tarde
0,23,1,tarde
0,105,1,tarde
0,94,1,tarde
0,51,1,tarde
1,66,1,tarde
1,24,1,tarde
1,9,0,tarde
1,6,0,tarde
1,12,0,tarde
1,44,1,tarde
1,5,0,tarde
1,7,0,tarde
1,114,1,tarde
1,16,1,tarde
1,7,0,tarde
1,1,0,tarde
1,-2,0,tarde
0,-2,0,tarde
1,8,0,tarde
0,2,0,mañana
0,0,0,mañana
0,5,0,mañana
0,3,0,mañana
0,-2,0,mañana
0,-3,0,mañana
0,1,0,mañana
0,-5,0,mañana
0,6,0,mañana
0,50,1,mañana
0,10,0,mañana
0,-3,0,mañana
0,2,0,mañana
0,-3,0,mañana
1,49,1,mañana
1,-1,0,mañana
1,16,1,mañana
1,0,0,mañana
1,0,0,mañana
1,-5,0,mañana
1,4,0,mañana
1,-2,0,mañana
1,-2,0,mañana
1,8,0,mañana
1,26,1,mañana
1,7,0,mañana
1,1,0,mañana
1,0,0,mañana
1,4,0,mañana
1,-1,0,mañana
1,-3,0,mañana
0,3,0,mañana
0,8,0,mañana
0,-1,0,mañana
0,0,0,mañana
0,13,0,mañana
0,19,1,mañana
0,46,1,mañana
0,6,0,mañana
0,8,0,mañana
0,-3,0,mañana
0,48,1,mañana
1,4,0,mañana
1,20,1,mañana
1,16,1,mañana
1,23,1,mañana
1,17,1,mañana
1,8,0,mañana
1,-2,0,mañana
1,7,0,mañana
1,-2,0,mañana
1,3,0,mañana
1,43,1,mañana
0,0,0,tarde
0,5,0,tarde
0,-2,0,tarde
0,0,0,tarde
0,-3,0,tarde
0,-2,0,tarde
0,43,1,tarde
1,-3,0,tarde
1,0,0,tarde
1,4,0,tarde
1,4,0,tarde
1,12,0,tarde
1,-3,0,tarde
1,12,0,tarde
1,1,0,tarde
1,-2,0,tarde
1,0,0,tarde
0,0,0,noche
0,6,0,noche
0,3,0,noche
0,23,1,noche
0,9,0,noche
0,5,0,noche
0,15,0,noche
0,2,0,noche
0,12,0,noche
0,28,1,noche
1,5,0,noche
1,1,0,noche
1,10,0,noche
1,7,0,noche
1,-4,0,noche
1,6,0,noche
1,2,0,noche
1,-1,0,noche
1,15,0,noche
1,9,0,noche
1,-1,0,noche
1,2,0,noche
1,-3,0,noche
0,3,0,noche
1,-1,0,noche
0,3,0,tarde
0,1,0,tarde
0,4,0,tarde
0,7,0,mañana
0,85,1,tarde
1,7,0,tarde
1,-2,0,tarde
1,15,0,mañana
1,-5,0,tarde
1,9,0,tarde
1,-2,0,tarde
1,-2,0,tarde
1,0,0,tarde
0,-2,0,mañana
0,15,0,mañana
0,2,0,mañana
0,9,0,mañana
0,-1,0,mañana
0,-3,0,mañana
0,5,0,mañana
0,-2,0,mañana
0,66,1,mañana
0,1,0,mañana
0,1,0,mañana
0,16,1,mañana
0,89,1,mañana
1,20,1,mañana
1,-4,0,mañana
1,50,1,mañana
1,0,0,mañana
1,45,1,mañana
1,-4,0,mañana
1,2,0,mañana
1,0,0,mañana
1,3,0,mañana
1,83,1,mañana
1,34,1,mañana
1,-2,0,mañana
1,-9,0,mañana
1,-1,0,mañana
1,-1,0,mañana
1,0,0,mañana
0,-3,0,tarde
1,53,1,tarde
0,5,0,tarde
0,1,0,tarde
0,10,0,tarde
0,6,0,tarde
0,-3,0,tarde
0,1,0,tarde
0,4,0,tarde
0,56,1,tarde
0,18,1,tarde
0,79,1,tarde
0,0,0,tarde
0,-1,0,tarde
1,17,1,tarde
1,2,0,tarde
1,-3,0,tarde
1,33,1,tarde
1,0,0,tarde
1,19,1,tarde
1,11,0,tarde
1,4,0,tarde
1,2,0,tarde
1,12,0,tarde
1,2,0,tarde
1,-3,0,tarde
1,2,0,tarde
1,-2,0,tarde
1,3,0,tarde
1,-4,0,tarde
0,0,0,mañana
0,0,0,mañana
0,12,0,mañana
0,-2,0,mañana
0,18,1,mañana
0,12,0,mañana
0,-1,0,mañana
0,-1,0,mañana
0,36,1,mañana
0,24,1,mañana
0,4,0,mañana
0,-3,0,mañana
0,18,1,mañana
1,6,0,mañana
1,-2,0,mañana
1,-4,0,mañana
1,30,1,mañana
1,-2,0,mañana
1,0,0,mañana
1,14,0,mañana
1,4,0,mañana
1,-2,0,mañana
1,4,0,mañana
1,34,1,mañana
1,119,1,mañana
1,1,0,mañana
1,16,1,mañana
1,-1,0,mañana
1,-3,0,mañana
1,2,0,mañana
1,7,0,tarde
0,3,0,noche
0,9,0,tarde
0,3,0,tarde
0,86,1,tarde
0,-2,0,tarde
0,1,0,tarde
0,1,0,tarde
0,7,0,tarde
0,8,0,tarde
0,100,1,tarde
0,19,1,tarde
0,3,0,tarde
1,8,0,tarde
1,10,0,tarde
1,1,0,tarde
1,30,1,tarde
1,109,1,tarde
1,-4,0,tarde
1,-3,0,tarde
1,-3,0,tarde
1,0,0,tarde
1,-3,0,tarde
1,-5,0,tarde
1,-4,0,tarde
0,9,0,mañana
0,-6,0,mañana
0,0,0,mañana
0,23,1,mañana
1,-3,0,mañana
1,3,0,mañana
1,-7,0,mañana
0,-4,0,tarde
0,0,0,mañana
0,2,0,mañana
0,2,0,mañana
0,-3,0,mañana
0,4,0,mañana
0,2,0,mañana
0,35,1,mañana
0,-6,0,mañana
0,12,0,mañana
0,-2,0,mañana
0,-1,0,mañana
1,14,0,mañana
1,0,0,mañana
1,0,0,mañana
1,1,0,mañana
1,-1,0,mañana
1,6,0,mañana
1,0,0,mañana
1,-2,0,mañana
1,-4,0,mañana
1,4,0,mañana
1,-3,0,mañana
1,-2,0,mañana
1,-3,0,mañana
0,3,0,mañana
0,2,0,mañana
0,48,1,mañana
0,39,1,mañana
0,22,1,mañana
1,-2,0,mañana
1,34,1,mañana
1,23,1,mañana
1,9,0,mañana
1,-3,0,mañana
1,16,1,mañana
1,0,0,mañana
1,2,0,mañana
1,37,1,mañana
0,-2,0,tarde
0,-3,0,tarde
0,0,0,tarde
0,1,0,tarde
0,3,0,tarde
0,73,1,tarde
0,-1,0,tarde
0,1,0,tarde
0,8,0,tarde
0,1,0,tarde
0,30,1,tarde
0,109,1,tarde
0,21,1,tarde
0,45,1,tarde
1,9,0,tarde
1,-2,0,tarde
1,10,0,tarde
1,1,0,tarde
1,3,0,tarde
1,-2,0,tarde
1,2,0,tarde
1,-6,0,tarde
1,0,0,tarde
1,-5,0,tarde
1,109,1,tarde
1,21,1,tarde
1,1,0,tarde
1,-5,0,tarde
1,13,0,tarde
1,-4,0,tarde
1,5,0,tarde
0,-5,0,tarde
0,-2,0,tarde
0,14,0,tarde
0,20,1,tarde
0,14,0,tarde
0,22,1,tarde
0,-6,0,tarde
0,-6,0,tarde
0,59,1,tarde
1,34,1,tarde
1,95,1,tarde
1,-3,0,tarde
1,10,0,tarde
1,4,0,tarde
1,26,1,tarde
1,-7,0,tarde
1,153,1,tarde
1,26,1,tarde
1,0,0,tarde
1,-3,0,tarde
1,12,0,tarde
1,1,0,tarde
0,19,1,tarde
0,13,0,tarde
0,8,0,tarde
1,-4,0,tarde
1,-6,0,tarde
1,3,0,tarde
0,42,1,noche
1,17,1,tarde
0,0,0,tarde
0,0,0,tarde
0,19,1,tarde
0,45,1,tarde
0,11,0,tarde
0,-2,0,tarde
0,12,0,tarde
0,19,1,tarde
0,31,1,tarde
0,19,1,tarde
0,-2,0,tarde
1,6,0,tarde
1,15,0,tarde
1,15,0,tarde
1,57,1,tarde
1,8,0,tarde
1,-5,0,tarde
1,3,0,tarde
1,43,1,tarde
1,9,0,tarde
1,14,0,tarde
1,4,0,tarde
1,3,0,tarde
0,1,0,mañana
0,-3,0,mañana
0,0,0,mañana
0,0,0,mañana
0,14,0,mañana
0,17,1,mañana
1,0,0,mañana
1,3,0,mañana
1,-3,0,mañana
1,-1,0,mañana
1,-1,0,mañana
0,0,0,mañana
0,-3,0,mañana
0,-2,0,mañana
0,12,0,mañana
0,0,0,mañana
0,10,0,mañana
0,16,1,mañana
0,3,0,mañana
0,-1,0,mañana
0,18,1,mañana
1,48,1,mañana
1,-3,0,mañana
1,1,0,mañana
1,0,0,mañana
1,4,0,mañana
1,22,1,mañana
1,9,0,mañana
1,-5,0,mañana
1,3,0,mañana
1,7,0,mañana
1,-3,0,mañana
1,6,0,mañana
1,0,0,mañana
1,-2,0,mañana
1,0,0,mañana
0,-3,0,mañana
0,7,0,tarde
0,4,0,tarde
0,-2,0,tarde
0,15,0,tarde
0,11,0,tarde
0,1,0,tarde
0,6,0,tarde
0,54,1,tarde
0,37,1,tarde
0,7,0,tarde
0,18,1,tarde
0,20,1,tarde
1,4,0,tarde
1,4,0,tarde
1,17,1,tarde
1,24,1,tarde
1,-1,0,tarde
1,14,0,tarde
1,28,1,tarde
1,1,0,tarde
1,0,0,tarde
1,14,0,tarde
1,127,1,tarde
1,9,0,tarde
1,18,1,tarde
1,19,1,tarde
1,4,0,tarde
1,3,0,tarde
1,41,1,tarde
0,5,0,tarde
0,-3,0,tarde
0,5,0,tarde
0,1,0,tarde
0,9,0,tarde
0,6,0,tarde
1,20,1,tarde
1,-1,0,tarde
1,27,1,tarde
1,6,0,tarde
1,1,0,tarde
0,-1,0,tarde
0,11,0,tarde
0,17,1,tarde
0,102,1,tarde
0,-1,0,tarde
0,46,1,tarde
0,34,1,tarde
0,104,1,tarde
1,8,0,tarde
1,-1,0,tarde
1,29,1,tarde
1,3,0,tarde
1,9,0,tarde
1,-4,0,tarde
1,3,0,tarde
1,-1,0,tarde
1,7,0,tarde
0,0,0,tarde
1,8,0,tarde
1,14,0,tarde
1,0,0,tarde
0,0,0,noche
0,3,0,noche
0,6,0,noche
0,1,0,noche
0,-2,0,noche
0,18,1,noche
0,49,1,noche
0,49,1,noche
0,8,0,noche
1,21,1,noche
1,41,1,noche
1,62,1,noche
1,156,1,noche
1,8,0,noche
1,-2,0,noche
1,1,0,noche
1,-2,0,noche
1,7,0,noche
1,8,0,noche
1,1,0,noche
0,5,0,mañana
0,0,0,mañana
0,0,0,mañana
0,2,0,mañana
0,0,0,mañana
0,0,0,mañana
0,2,0,mañana
0,4,0,mañana
0,0,0,mañana
0,-2,0,mañana
0,-1,0,mañana
0,35,1,mañana
0,-3,0,mañana
0,7,0,mañana
1,2,0,mañana
1,17,1,mañana
1,-1,0,mañana
1,0,0,mañana
1,10,0,mañana
1,4,0,mañana
1,3,0,mañana
1,-1,0,mañana
1,-3,0,mañana
1,1,0,mañana
1,6,0,mañana
1,0,0,mañana
1,-6,0,mañana
1,-7,0,mañana
1,-5,0,mañana
1,-3,0,mañana
1,-4,0,mañana
0,0,0,mañana
0,3,0,mañana
0,19,1,mañana
0,35,1,mañana
0,5,0,mañana
0,-1,0,tarde
0,20,1,tarde
0,26,1,mañana
0,10,0,mañana
0,1,0,mañana
0,26,1,mañana
1,41,1,tarde
1,1,0,tarde
1,40,1,mañana
1,13,0,mañana
1,22,1,mañana
1,13,0,mañana
1,4,0,tarde
1,3,0,tarde
1,79,1,mañana
1,-3,0,mañana
1,21,1,mañana
1,11,0,mañana
1,2,0,tarde
1,4,0,tarde
0,31,1,tarde
0,0,0,tarde
1,13,0,tarde
1,14,0,tarde
1,53,1,tarde
0,-1,0,noche
0,-5,0,tarde
0,7,0,tarde
0,3,0,tarde
0,1,0,tarde
0,104,1,tarde
0,8,0,tarde
1,3,0,tarde
1,21,1,tarde
1,66,1,tarde
1,24,1,tarde
1,13,0,tarde
1,89,1,tarde
1,3,0,tarde
1,-3,0,tarde
0,-1,0,noche
0,65,1,noche
0,61,1,tarde
0,3,0,noche
0,8,0,noche
0,121,1,noche
0,2,0,tarde
0,48,1,noche
1,-2,0,noche
1,11,0,noche
1,19,1,tarde
1,5,0,noche
1,11,0,noche
1,14,0,noche
1,6,0,tarde
1,-4,0,noche
1,1,0,noche
0,3,0,noche
0,-4,0,noche
0,90,1,noche
0,9,0,noche
0,10,0,noche
0,12,0,noche
0,4,0,noche
0,27,1,noche
0,98,1,noche
0,7,0,noche
0,8,0,noche
1,8,0,noche
1,0,0,noche
1,6,0,noche
1,16,1,noche
1,22,1,noche
1,-3,0,noche
1,-3,0,noche
1,2,0,noche
1,95,1,noche
1,-4,0,noche
1,14,0,noche
1,-1,0,noche
1,6,0,noche
1,8,0,noche
0,-4,0,mañana
0,-3,0,mañana
0,-10,0,mañana
0,-4,0,mañana
0,-8,0,mañana
0,44,1,mañana
0,2,0,mañana
0,2,0,mañana
0,-3,0,mañana
0,23,1,mañana
0,-1,0,mañana
0,5,0,mañana
0,2,0,mañana
0,27,1,mañana
1,31,1,mañana
1,3,0,mañana
1,-3,0,mañana
1,13,0,mañana
1,2,0,mañana
1,-1,0,mañana
1,0,0,mañana
1,-2,0,mañana
1,-3,0,mañana
1,-1,0,mañana
1,16,1,mañana
1,7,0,mañana
1,-1,0,mañana
1,-6,0,mañana
1,4,0,mañana
1,-2,0,mañana
1,0,0,mañana
0,1,0,tarde
0,0,0,tarde
0,1,0,tarde
0,7,0,tarde
0,-4,0,tarde
0,37,1,tarde
0,4,0,tarde
0,-3,0,tarde
0,25,1,tarde
0,4,0,tarde
0,5,0,tarde
0,23,1,tarde
1,1,0,tarde
1,3,0,tarde
1,15,0,tarde
1,1,0,tarde
1,4,0,tarde
1,3,0,tarde
1,-1,0,tarde
1,10,0,tarde
1,4,0,tarde
1,3,0,tarde
1,-1,0,tarde
1,-1,0,tarde
1,3,0,tarde
1,-2,0,tarde
0,-2,0,noche
0,15,0,noche
0,3,0,noche
0,1,0,noche
0,12,0,tarde
0,11,0,noche
0,108,1,noche
1,16,1,noche
1,23,1,tarde
1,2,0,noche
1,-1,0,noche
1,-1,0,noche
1,158,1,tarde
1,-1,0,noche
1,-1,0,noche
1,-2,0,noche
1,-4,0,noche
0,4,0,noche
0,5,0,noche
0,2,0,tarde
0,65,1,noche
0,12,0,noche
1,19,1,tarde
1,0,0,noche
1,3,0,noche
1,26,1,tarde
1,6,0,noche
1,0,0,noche
1,0,0,tarde
0,89,1,noche
1,13,0,noche
1,7,0,noche
1,10,0,noche
0,1,0,mañana
0,-4,0,mañana
0,0,0,mañana
0,5,0,mañana
0,1,0,mañana
0,-4,0,mañana
0,0,0,mañana
0,2,0,mañana
0,-7,0,mañana
0,7,0,mañana
0,2,0,mañana
0,20,1,mañana
0,2,0,mañana
0,-3,0,mañana
1,12,0,mañana
1,-1,0,mañana
1,-2,0,mañana
1,5,0,mañana
1,2,0,mañana
1,-4,0,mañana
1,18,1,mañana
1,7,0,mañana
1,-10,0,mañana
1,4,0,mañana
1,13,0,mañana
1,0,0,mañana
1,5,0,mañana
1,4,0,mañana
1,4,0,mañana
1,-1,0,mañana
1,3,0,mañana
0,43,1,noche
0,17,1,noche
0,16,1,noche
0,34,1,noche
0,15,0,noche
0,45,1,noche
1,0,0,noche
1,33,1,noche
1,30,1,noche
1,33,1,noche
1,-4,0,noche
1,16,1,noche
1,23,1,noche
1,5,0,noche
1,4,0,noche
1,34,1,noche
0,8,0,tarde
0,8,0,tarde
0,4,0,tarde
0,11,0,tarde
0,10,0,tarde
0,11,0,tarde
0,14,0,tarde
0,8,0,tarde
0,1,0,tarde
0,24,1,tarde
0,0,0,tarde
0,23,1,tarde
0,17,1,tarde
0,15,0,tarde
1,18,1,tarde
1,19,1,tarde
1,16,1,tarde
1,23,1,tarde
1,11,0,tarde
1,31,1,tarde
1,17,1,tarde
1,28,1,tarde
1,3,0,tarde
1,33,1,tarde
1,39,1,tarde
1,30,1,tarde
1,3,0,tarde
1,19,1,tarde
1,14,0,tarde
1,9,0,tarde
1,102,1,tarde
0,2,0,tarde
0,26,1,tarde
0,7,0,tarde
0,4,0,tarde
0,-1,0,tarde
0,32,1,tarde
0,2,0,tarde
0,-3,0,tarde
0,1,0,tarde
0,8,0,tarde
0,23,1,tarde
0,20,1,tarde
0,9,0,tarde
0,16,1,tarde
1,-2,0,tarde
1,-2,0,tarde
1,15,0,tarde
1,43,1,tarde
1,129,1,tarde
1,8,0,tarde
1,20,1,tarde
1,1,0,tarde
1,-1,0,tarde
1,11,0,tarde
1,90,1,tarde
1,5,0,tarde
1,19,1,tarde
1,8,0,tarde
1,2,0,tarde
1,-3,0,tarde
1,122,1,tarde
0,13,0,tarde
0,20,1,tarde
0,20,1,tarde
0,10,0,tarde
0,12,0,tarde
0,11,0,tarde
0,-3,0,tarde
0,-1,0,tarde
0,28,1,tarde
0,-1,0,tarde
0,50,1,tarde
0,59,1,tarde
0,45,1,tarde
1,16,1,tarde
1,17,1,tarde
1,29,1,tarde
1,59,1,tarde
1,21,1,tarde
1,18,1,tarde
1,15,0,tarde
1,31,1,tarde
1,30,1,tarde
1,29,1,tarde
1,75,1,tarde
1,24,1,tarde
1,14,0,tarde
1,31,1,tarde
1,12,0,tarde
1,21,1,tarde
1,16,1,tarde
0,-3,0,mañana
0,18,1,noche
0,1,0,mañana
0,2,0,mañana
0,8,0,mañana
0,17,1,mañana
0,2,0,mañana
0,52,1,mañana
0,15,0,mañana
0,18,1,mañana
0,20,1,mañana
1,28,1,mañana
1,19,1,mañana
1,36,1,mañana
1,1,0,mañana
1,11,0,mañana
1,23,1,mañana
1,1,0,mañana
1,35,1,mañana
1,10,0,mañana
1,7,0,mañana
1,-1,0,mañana
1,14,0,mañana
0,34,1,noche
0,7,0,noche
0,70,1,noche
1,82,1,noche
1,36,1,noche
1,-7,0,noche
1,44,1,noche
1,3,0,noche
0,-1,0,tarde
0,3,0,tarde
0,-2,0,tarde
0,-1,0,tarde
0,9,0,tarde
0,5,0,tarde
0,3,0,tarde
0,7,0,tarde
0,26,1,tarde
0,14,0,tarde
0,3,0,tarde
0,42,1,tarde
0,3,0,tarde
0,0,0,tarde
1,-2,0,tarde
1,2,0,tarde
1,-4,0,tarde
1,43,1,tarde
1,-2,0,tarde
1,-2,0,tarde
1,8,0,tarde
1,5,0,tarde
1,0,0,tarde
1,-1,0,tarde
1,-2,0,tarde
1,47,1,tarde
1,17,1,tarde
1,11,0,tarde
1,-1,0,tarde
1,-2,0,tarde
1,1,0,tarde
0,0,0,mañana
0,2,0,mañana
0,10,0,mañana
0,2,0,mañana
0,6,0,mañana
0,9,0,mañana
0,-1,0,mañana
0,4,0,mañana
0,-1,0,mañana
0,10,0,mañana
0,5,0,mañana
0,17,1,mañana
0,5,0,mañana
0,12,0,mañana
1,19,1,mañana
1,0,0,mañana
1,3,0,mañana
1,6,0,mañana
1,4,0,mañana
1,17,1,mañana
1,-4,0,mañana
1,-4,0,mañana
1,7,0,mañana
1,-2,0,mañana
1,14,0,mañana
1,0,0,mañana
1,1,0,mañana
1,3,0,mañana
1,-2,0,mañana
1,2,0,mañana
0,50,1,noche
0,33,1,noche
0,0,0,noche
0,-2,0,noche
0,19,1,noche
0,48,1,noche
1,2,0,noche
1,14,0,noche
1,21,1,noche
1,4,0,noche
1,1,0,noche
1,-3,0,noche
1,-2,0,noche
1,-5,0,noche
1,-4,0,noche
1,7,0,noche
0,4,0,mañana
0,18,1,mañana
0,-1,0,mañana
0,3,0,mañana
0,5,0,mañana
0,17,1,mañana
0,0,0,mañana
0,5,0,mañana
1,17,1,mañana
1,98,1,mañana
1,-2,0,mañana
1,3,0,mañana
1,-1,0,mañana
1,2,0,mañana
1,-6,0,mañana
1,-4,0,mañana
1,1,0,mañana
1,1,0,mañana
0,8,0,mañana
0,10,0,mañana
0,4,0,mañana
0,17,1,mañana
1,6,0,mañana
0,4,0,mañana
0,69,1,mañana
1,18,1,mañana
1,9,0,mañana
1,5,0,mañana
0,5,0,noche
0,29,1,noche
1,103,1,noche
1,6,0,noche
0,13,0,noche
1,19,1,noche
1,4,0,noche
0,14,0,noche
0,23,1,noche
0,4,0,noche
1,93,1,noche
1,23,1,noche
0,-2,0,mañana
0,1,0,mañana
0,3,0,mañana
0,9,0,mañana
0,70,1,tarde
0,6,0,mañana
0,2,0,mañana
0,-4,0,mañana
1,48,1,tarde
1,108,1,mañana
1,5,0,mañana
1,11,0,mañana
1,124,1,tarde
1,8,0,mañana
1,3,0,mañana
1,16,1,mañana
1,0,0,tarde
1,0,0,mañana
0,33,1,tarde
0,7,0,tarde
1,12,0,tarde
1,1,0,tarde
0,51,1,noche
0,31,1,noche
0,14,0,noche
0,3,0,noche
1,6,0,noche
1,5,0,noche
1,134,1,noche
1,3,0,noche
1,1,0,noche
1,7,0,noche
0,1,0,noche
0,15,0,noche
0,12,0,noche
1,22,1,noche
0,21,1,noche
1,14,0,noche
0,-3,0,noche
0,4,0,noche
0,2,0,noche
0,-4,0,noche
0,10,0,noche
0,0,0,noche
0,6,0,noche
0,9,0,noche
0,0,0,noche
0,0,0,noche
1,2,0,noche
1,3,0,noche
1,4,0,noche
1,-3,0,noche
1,8,0,noche
1,2,0,noche
1,2,0,noche
1,3,0,noche
1,-4,0,noche
1,0,0,noche
1,5,0,noche
0,12,0,mañana
0,1,0,mañana
0,1,0,mañana
0,15,0,mañana
0,8,0,mañana
0,20,1,mañana
0,20,1,mañana
0,35,1,mañana
0,5,0,mañana
0,16,1,mañana
0,-5,0,mañana
0,23,1,mañana
1,6,0,mañana
1,36,1,mañana
1,8,0,mañana
1,10,0,mañana
1,4,0,mañana
1,7,0,mañana
1,73,1,mañana
1,3,0,mañana
1,21,1,mañana
1,6,0,mañana
0,9,0,tarde
0,15,0,tarde
0,1,0,tarde
0,22,1,tarde
0,2,0,tarde
0,4,0,tarde
0,9,0,tarde
0,1,0,tarde
1,-2,0,tarde
1,16,1,tarde
1,7,0,tarde
1,4,0,tarde
1,1,0,tarde
1,7,0,tarde
1,1,0,tarde
1,0,0,tarde
0,7,0,mañana
0,9,0,mañana
0,0,0,mañana
0,10,0,mañana
0,1,0,mañana
0,5,0,mañana
0,-1,0,mañana
0,3,0,mañana
0,5,0,mañana
0,0,0,mañana
1,15,0,mañana
1,-2,0,mañana
1,2,0,mañana
1,4,0,mañana
1,-2,0,mañana
1,85,1,mañana
1,26,1,mañana
1,-1,0,mañana
1,-4,0,mañana
1,-1,0,mañana
1,7,0,mañana
0,9,0,mañana
0,4,0,mañana
1,20,1,mañana
0,1,0,mañana
0,-3,0,tarde
0,5,0,mañana
0,-3,0,mañana
0,-2,0,mañana
0,3,0,mañana
0,2,0,tarde
0,132,1,tarde
0,5,0,mañana
0,-1,0,mañana
0,25,1,mañana
1,68,1,mañana
1,11,0,tarde
1,4,0,tarde
1,-3,0,mañana
1,-2,0,mañana
1,-2,0,mañana
1,2,0,mañana
1,2,0,tarde
1,71,1,tarde
1,14,0,mañana
1,-2,0,mañana
1,2,0,mañana
1,18,1,tarde
0,1,0,mañana
0,5,0,mañana
0,0,0,mañana
0,32,1,mañana
0,3,0,mañana
0,5,0,mañana
0,8,0,mañana
0,4,0,mañana
0,5,0,mañana
0,161,1,mañana
0,66,1,mañana
0,0,0,mañana
0,2,0,mañana
0,7,0,mañana
1,7,0,mañana
1,15,0,mañana
1,-3,0,mañana
1,8,0,mañana
1,5,0,mañana
1,16,1,mañana
1,13,0,mañana
1,11,0,mañana
1,-3,0,mañana
1,120,1,mañana
1,51,1,mañana
1,6,0,mañana
1,6,0,mañana
1,1,0,mañana
1,8,0,mañana
1,-2,0,mañana
0,0,0,noche
0,4,0,mañana
0,-2,0,noche
0,51,1,mañana
0,13,0,mañana
1,12,0,noche
1,22,1,mañana
1,0,0,mañana
1,2,0,noche
1,0,0,mañana
1,-5,0,mañana
0,0,0,tarde
0,3,0,mañana
0,3,0,tarde
0,138,1,mañana
1,-3,0,tarde
1,13,0,mañana
1,-2,0,tarde
1,-1,0,mañana
1,1,0,tarde
1,11,0,mañana
0,10,0,mañana
0,11,0,mañana
1,30,1,tarde
1,12,0,mañana
0,-3,0,tarde
0,1,0,tarde
0,13,0,tarde
0,6,0,mañana
0,0,0,tarde
0,12,0,tarde
0,4,0,mañana
1,56,1,tarde
1,92,1,tarde
1,1,0,tarde
1,3,0,mañana
1,-3,0,tarde
1,11,0,tarde
1,5,0,tarde
1,-5,0,mañana
1,-3,0,tarde
1,10,0,tarde
0,-6,0,tarde
0,3,0,tarde
0,-3,0,tarde
0,-1,0,tarde
0,2,0,tarde
0,6,0,tarde
0,-4,0,tarde
0,76,1,tarde
0,23,1,tarde
0,9,0,tarde
0,-2,0,tarde
0,1,0,tarde
1,88,1,tarde
1,8,0,tarde
1,1,0,tarde
1,4,0,tarde
1,82,1,tarde
1,15,0,tarde
1,-1,0,tarde
1,24,1,tarde
1,2,0,tarde
1,4,0,tarde
1,-1,0,tarde
1,6,0,tarde
0,-1,0,tarde
0,0,0,tarde
0,26,1,tarde
0,-5,0,tarde
0,1,0,tarde
0,16,1,tarde
0,6,0,tarde
0,20,1,tarde
0,26,1,tarde
0,7,0,tarde
0,5,0,tarde
0,85,1,tarde
0,-3,0,tarde
1,5,0,tarde
1,6,0,tarde
1,37,1,tarde
1,20,1,tarde
1,-4,0,tarde
1,-3,0,tarde
1,4,0,tarde
1,61,1,tarde
1,9,0,tarde
1,2,0,tarde
1,29,1,tarde
1,7,0,tarde
1,2,0,tarde
1,-4,0,tarde
1,-1,0,tarde
1,0,0,tarde
1,2,0,tarde
0,6,0,noche
0,-1,0,noche
0,2,0,noche
0,4,0,noche
0,34,1,noche
0,7,0,noche
1,0,0,noche
1,-1,0,noche
1,7,0,noche
1,-2,0,noche
1,0,0,noche
0,15,0,mañana
0,-3,0,mañana
0,-1,0,mañana
0,4,0,mañana
0,4,0,mañana
0,2,0,mañana
0,35,1,mañana
1,22,1,mañana
1,7,0,mañana
1,20,1,mañana
1,14,0,mañana
1,-1,0,mañana
1,-5,0,mañana
1,2,0,mañana
0,0,0,mañana
0,2,0,tarde
0,-2,0,tarde
0,8,0,mañana
0,2,0,mañana
0,3,0,mañana
0,11,0,tarde
0,0,0,tarde
1,82,1,mañana
1,0,0,mañana
1,2,0,tarde
1,-5,0,tarde
1,-1,0,mañana
1,13,0,mañana
1,4,0,mañana
1,-1,0,mañana
1,54,1,tarde
1,-2,0,tarde
1,7,0,mañana
1,6,0,mañana
0,0,0,mañana
0,24,1,mañana
0,-5,0,mañana
1,4,0,mañana
1,21,1,mañana
1,5,0,mañana
1,10,0,mañana
0,0,0,mañana
0,-4,0,mañana
0,-2,0,mañana
0,2,0,mañana
1,40,1,mañana
1,9,0,mañana
1,8,0,mañana
1,1,0,mañana
1,4,0,mañana
1,3,0,mañana
1,6,0,mañana
0,9,0,mañana
0,4,0,mañana
0,-4,0,mañana
0,1,0,mañana
0,7,0,mañana
0,4,0,mañana
0,38,1,mañana
0,4,0,mañana
0,29,1,mañana
0,22,1,mañana
1,114,1,mañana
1,9,0,mañana
1,25,1,mañana
1,3,0,mañana
1,3,0,mañana
1,7,0,mañana
1,7,0,mañana
1,29,1,mañana
1,116,1,mañana
1,3,0,mañana
1,13,0,mañana
1,12,0,mañana
1,-1,0,mañana
1,-3,0,mañana
0,3,0,tarde
0,-1,0,tarde
0,-3,0,tarde
0,31,1,tarde
1,37,1,tarde
1,-6,0,tarde
1,1,0,tarde
1,16,1,tarde
1,-3,0,tarde
0,6,0,tarde
0,9,0,tarde
0,-4,0,tarde
0,4,0,tarde
1,7,0,tarde
1,-2,0,tarde
1,-1,0,tarde
1,24,1,tarde
0,3,0,tarde
0,9,0,tarde
0,6,0,tarde
0,-1,0,tarde
0,8,0,tarde
0,5,0,tarde
0,1,0,tarde
0,-4,0,tarde
0,3,0,tarde
0,4,0,tarde
0,2,0,tarde
0,11,0,tarde
1,8,0,tarde
1,4,0,tarde
1,0,0,tarde
1,4,0,tarde
1,2,0,tarde
1,3,0,tarde
1,7,0,tarde
1,28,1,tarde
1,19,1,tarde
1,90,1,tarde
1,8,0,tarde
1,5,0,tarde
1,0,0,tarde
1,1,0,tarde
1,-7,0,tarde
1,20,1,tarde
0,0,0,tarde
0,7,0,tarde
0,3,0,tarde
0,10,0,tarde
0,4,0,tarde
0,-3,0,tarde
0,1,0,tarde
0,37,1,tarde
0,39,1,tarde
0,14,0,tarde
0,9,0,tarde
0,68,1,tarde
1,8,0,tarde
1,43,1,tarde
1,4,0,tarde
1,0,0,tarde
1,5,0,tarde
1,55,1,tarde
1,23,1,tarde
1,2,0,tarde
1,30,1,tarde
1,19,1,tarde
1,2,0,tarde
1,19,1,tarde
1,1,0,tarde
1,3,0,noche
0,1,0,tarde
0,4,0,tarde
0,0,0,noche
0,-2,0,noche
0,5,0,tarde
0,-2,0,tarde
0,6,0,noche
0,7,0,noche
0,8,0,tarde
0,11,0,tarde
1,35,1,noche
1,9,0,noche
1,0,0,tarde
1,44,1,tarde
1,10,0,noche
1,3,0,noche
1,-2,0,tarde
1,0,0,tarde
1,20,1,noche
0,0,0,noche
0,8,0,noche
0,5,0,noche
0,1,0,noche
1,19,1,noche
1,6,0,noche
1,3,0,noche
1,0,0,noche
0,7,0,mañana
0,7,0,mañana
0,0,0,mañana
0,3,0,mañana
0,3,0,mañana
0,15,0,mañana
0,15,0,mañana
0,22,1,mañana
0,21,1,mañana
0,57,1,mañana
0,17,1,mañana
0,3,0,mañana
0,7,0,mañana
1,87,1,mañana
1,8,0,mañana
1,6,0,mañana
1,12,0,mañana
1,17,1,mañana
1,4,0,mañana
1,6,0,mañana
1,8,0,mañana
1,4,0,mañana
1,1,0,mañana
1,14,0,mañana
1,9,0,mañana
1,3,0,mañana
1,4,0,mañana
1,2,0,mañana
1,-1,0,mañana
0,1,0,mañana
0,29,1,mañana
0,3,0,mañana
0,24,1,noche
0,22,1,mañana
0,7,0,mañana
0,106,1,mañana
0,26,1,mañana
0,9,0,mañana
1,14,0,mañana
1,6,0,mañana
1,0,0,mañana
1,3,0,mañana
1,17,1,mañana
1,64,1,mañana
1,9,0,mañana
1,14,0,mañana
1,8,0,mañana
1,-1,0,mañana
1,0,0,mañana
0,-1,0,mañana
0,11,0,noche
0,17,1,tarde
0,12,0,noche
1,28,1,tarde
1,24,1,noche
1,8,0,tarde
1,13,0,noche
1,-1,0,tarde
0,0,0,mañana
0,1,0,mañana
0,20,1,tarde
0,30,1,mañana
0,8,0,mañana
0,27,1,mañana
0,19,1,mañana
0,17,1,mañana
0,4,0,mañana
0,24,1,mañana
1,15,0,noche
1,12,0,mañana
1,3,0,mañana
1,3,0,tarde
1,5,0,mañana
1,14,0,mañana
1,6,0,mañana
1,120,1,mañana
1,5,0,tarde
1,2,0,mañana
1,12,0,mañana
1,19,1,tarde
0,4,0,tarde
0,-3,0,tarde
0,7,0,tarde
0,26,1,tarde
0,15,0,tarde
0,14,0,tarde
0,15,0,mañana
0,151,1,tarde
0,56,1,tarde
0,11,0,tarde
0,17,1,tarde
0,3,0,tarde
1,36,1,noche
1,19,1,mañana
1,142,1,tarde
1,3,0,tarde
1,7,0,tarde
1,6,0,tarde
1,8,0,mañana
1,10,0,tarde
1,2,0,mañana
1,7,0,tarde
1,11,0,tarde
1,5,0,tarde
1,-7,0,noche
1,-5,0,mañana
1,11,0,tarde
0,4,0,tarde
0,29,1,tarde
0,18,1,tarde
0,3,0,tarde
0,10,0,tarde
0,3,0,tarde
0,62,1,tarde
0,18,1,tarde
1,12,0,tarde
1,28,1,tarde
1,16,1,tarde
1,9,0,tarde
1,28,1,tarde
1,20,1,tarde
1,3,0,tarde
1,43,1,tarde
1,5,0,tarde
1,13,0,tarde
1,8,0,tarde
1,-1,0,tarde
0,3,0,noche
0,5,0,tarde
0,7,0,tarde
0,5,0,tarde
0,25,1,tarde
0,33,1,noche
0,35,1,noche
0,8,0,noche
0,44,1,tarde
0,13,0,tarde
0,11,0,tarde
0,92,1,noche
1,59,1,noche
1,8,0,noche
1,17,1,tarde
1,5,0,tarde
1,41,1,noche
1,1,0,noche
1,7,0,noche
1,2,0,tarde
1,60,1,tarde
1,3,0,tarde
1,2,0,noche
1,10,0,noche
1,-3,0,noche
1,-3,0,tarde
0,13,0,noche
0,-1,0,noche
0,21,1,noche
0,45,1,noche
0,11,0,noche
0,8,0,noche
0,20,1,noche
0,13,0,noche
0,2,0,noche
0,19,1,noche
1,38,1,noche
1,7,0,noche
1,-2,0,noche
1,26,1,noche
1,20,1,noche
1,5,0,noche
1,69,1,noche
0,-1,0,mañana
0,-1,0,mañana
0,10,0,mañana
0,10,0,mañana
0,101,1,mañana
1,18,1,mañana
1,22,1,mañana
1,12,0,mañana
1,20,1,mañana
1,9,0,mañana
1,5,0,mañana
1,14,0,mañana
1,3,0,mañana
0,-3,0,tarde
0,39,1,noche
0,16,1,noche
0,1,0,noche
0,21,1,noche
0,50,1,noche
0,24,1,noche
1,120,1,noche
1,12,0,noche
1,7,0,noche
1,7,0,noche
1,15,0,noche
1,6,0,noche
1,20,1,noche
0,0,0,tarde
0,23,1,noche
0,91,1,noche
0,22,1,noche
1,-1,0,noche
1,42,1,noche
1,0,0,noche
0,9,0,mañana
0,6,0,noche
0,21,1,noche
0,5,0,noche
0,32,1,noche
1,12,0,noche
1,0,0,noche
1,5,0,noche
1,0,0,noche
1,8,0,noche
1,5,0,noche
0,8,0,mañana
0,1,0,mañana
0,0,0,mañana
0,7,0,mañana
0,-1,0,mañana
0,42,1,mañana
0,15,0,mañana
0,2,0,mañana
0,15,0,mañana
1,21,1,mañana
1,2,0,mañana
1,2,0,mañana
1,14,0,mañana
1,16,1,mañana
1,114,1,mañana
1,16,1,mañana
1,5,0,mañana
1,4,0,mañana
1,11,0,mañana
0,5,0,mañana
0,0,0,mañana
0,15,0,mañana
0,-1,0,mañana
0,1,0,mañana
0,5,0,mañana
0,5,0,mañana
0,18,1,mañana
0,46,1,mañana
0,54,1,mañana
0,2,0,mañana
0,39,1,mañana
1,74,1,mañana
1,48,1,mañana
1,30,1,mañana
1,23,1,mañana
1,2,0,mañana
1,3,0,mañana
1,58,1,mañana
1,18,1,mañana
1,4,0,mañana
1,7,0,mañana
1,34,1,mañana
1,7,0,mañana
1,2,0,mañana
1,8,0,mañana
1,7,0,mañana
1,4,0,mañana
1,1,0,mañana
0,45,1,mañana
0,7,0,mañana
0,0,0,mañana
0,8,0,tarde
0,9,0,mañana
0,4,0,mañana
0,3,0,tarde
0,5,0,mañana
0,9,0,mañana
0,20,1,mañana
0,9,0,tarde
0,11,0,mañana
0,0,0,mañana
1,16,1,mañana
1,13,0,mañana
1,3,0,mañana
1,3,0,tarde
1,6,0,mañana
1,46,1,mañana
1,2,0,tarde
1,-1,0,mañana
1,63,1,mañana
1,113,1,mañana
1,9,0,tarde
1,14,0,mañana
1,20,1,mañana
1,-3,0,tarde
1,1,0,mañana
1,60,1,mañana
0,0,0,tarde
1,10,0,tarde
1,7,0,tarde
0,-3,0,tarde
0,0,0,mañana
0,-8,0,tarde
0,0,0,tarde
0,6,0,tarde
0,0,0,tarde
0,1,0,tarde
0,26,1,tarde
0,4,0,tarde
0,3,0,tarde
0,18,1,tarde
1,8,0,tarde
1,38,1,tarde
1,11,0,tarde
1,0,0,tarde
1,4,0,tarde
1,18,1,tarde
1,1,0,tarde
1,2,0,tarde
1,0,0,tarde
1,11,0,tarde
0,5,0,tarde
0,11,0,tarde
0,11,0,tarde
0,5,0,tarde
0,2,0,tarde
0,13,0,tarde
1,89,1,tarde
1,0,0,tarde
1,0,0,tarde
1,15,0,tarde
1,-3,0,tarde
1,-4,0,tarde
1,-2,0,tarde
0,13,0,tarde
0,-5,0,tarde
0,0,0,tarde
0,9,0,tarde
0,-1,0,tarde
0,8,0,tarde
0,99,1,tarde
0,34,1,tarde
0,19,1,tarde
0,43,1,tarde
0,4,0,tarde
0,34,1,tarde
1,49,1,tarde
1,1,0,tarde
1,-4,0,tarde
1,42,1,tarde
1,40,1,tarde
1,7,0,tarde
1,9,0,tarde
1,0,0,tarde
1,4,0,tarde
1,4,0,tarde
0,-3,0,tarde
0,-3,0,tarde
0,5,0,tarde
0,9,0,tarde
0,18,1,tarde
0,12,0,tarde
0,17,1,tarde
0,7,0,tarde
0,25,1,tarde
0,2,0,tarde
0,21,1,tarde
0,5,0,tarde
0,2,0,tarde
1,25,1,tarde
1,50,1,noche
1,7,0,tarde
1,-1,0,tarde
1,5,0,tarde
1,12,0,tarde
1,8,0,tarde
1,2,0,tarde
1,1,0,tarde
1,5,0,tarde
1,-2,0,tarde
1,7,0,tarde
1,-3,0,tarde
1,2,0,tarde
1,2,0,noche
0,1,0,tarde
0,55,1,noche
0,11,0,noche
0,4,0,noche
1,0,0,noche
1,1,0,noche
1,13,0,noche
1,52,1,tarde
0,0,0,noche
0,17,1,noche
0,61,1,noche
0,14,0,noche
0,-3,0,noche
0,7,0,noche
1,-4,0,noche
1,23,1,noche
1,118,1,noche
1,17,1,noche
1,3,0,noche
1,10,0,noche
0,0,0,tarde
0,0,0,noche
0,0,0,noche
0,4,0,noche
0,7,0,noche
0,-3,0,noche
0,38,1,noche
0,-1,0,noche
0,6,0,noche
1,77,1,noche
1,78,1,noche
1,8,0,noche
1,11,0,noche
1,71,1,noche
1,10,0,noche
1,19,1,noche
1,3,0,noche
1,39,1,noche
0,5,0,mañana
0,1,0,mañana
0,6,0,mañana
0,3,0,mañana
0,8,0,mañana
0,18,1,mañana
0,21,1,mañana
0,18,1,mañana
0,11,0,mañana
0,134,1,mañana
0,37,1,mañana
0,19,1,mañana
0,4,0,mañana
0,2,0,mañana
1,137,1,mañana
1,9,0,mañana
1,23,1,mañana
1,11,0,mañana
1,5,0,mañana
1,0,0,mañana
1,2,0,mañana
1,9,0,mañana
1,5,0,mañana
1,11,0,mañana
1,101,1,mañana
1,16,1,mañana
1,22,1,mañana
1,23,1,mañana
1,15,0,mañana
1,6,0,mañana
1,10,0,mañana
0,3,0,tarde
0,-1,0,mañana
0,5,0,mañana
0,11,0,mañana
0,1,0,mañana
0,1,0,tarde
0,2,0,mañana
0,153,1,tarde
0,16,1,mañana
0,10,0,mañana
0,-2,0,mañana
0,4,0,mañana
1,47,1,tarde
1,2,0,mañana
1,68,1,tarde
1,22,1,mañana
1,12,0,mañana
1,5,0,mañana
1,0,0,mañana
1,1,0,tarde
1,-2,0,mañana
1,16,1,tarde
1,85,1,mañana
1,11,0,mañana
1,45,1,mañana
1,19,1,mañana
1,-2,0,tarde
1,0,0,mañana
1,22,1,tarde
0,0,0,tarde
0,-2,0,tarde
0,5,0,tarde
0,3,0,tarde
0,-1,0,tarde
0,0,0,tarde
0,10,0,tarde
0,11,0,tarde
0,21,1,tarde
0,2,0,tarde
0,4,0,tarde
0,-1,0,tarde
1,36,1,tarde
1,56,1,tarde
1,45,1,tarde
1,5,0,tarde
1,1,0,tarde
1,2,0,tarde
1,5,0,tarde
1,-5,0,tarde
1,5,0,tarde
1,10,0,tarde
1,1,0,tarde
1,5,0,tarde
1,5,0,tarde
1,13,0,tarde
1,8,0,tarde
0,-4,0,tarde
0,10,0,tarde
0,32,1,tarde
0,30,1,tarde
1,2,0,tarde
1,51,1,tarde
1,7,0,tarde
1,2,0,tarde
1,-4,0,tarde
1,48,1,tarde
0,2,0,tarde
0,-3,0,tarde
0,-2,0,tarde
0,-5,0,tarde
0,11,0,tarde
0,5,0,tarde
0,15,0,tarde
0,2,0,tarde
0,17,1,tarde
0,36,1,tarde
0,14,0,tarde
0,25,1,tarde
0,67,1,tarde
0,18,1,tarde
1,2,0,tarde
1,11,0,tarde
1,15,0,tarde
1,2,0,tarde
1,4,0,tarde
1,21,1,tarde
1,6,0,tarde
1,4,0,tarde
1,10,0,tarde
1,11,0,tarde
1,117,1,tarde
1,0,0,tarde
1,12,0,tarde
1,0,0,tarde
1,0,0,tarde
1,6,0,tarde
0,-3,0,tarde
0,0,0,tarde
0,4,0,tarde
0,53,1,tarde
0,0,0,tarde
0,23,1,tarde
0,16,1,tarde
0,35,1,tarde
0,9,0,tarde
0,3,0,tarde
0,12,0,tarde
0,15,0,tarde
1,29,1,tarde
1,54,1,tarde
1,1,0,tarde
1,4,0,tarde
1,3,0,tarde
1,12,0,tarde
1,2,0,tarde
1,-5,0,tarde
1,-3,0,tarde
1,-2,0,tarde
1,10,0,tarde
1,6,0,tarde
1,7,0,tarde
1,0,0,tarde
1,5,0,tarde
0,-1,0,tarde
0,1,0,tarde
0,148,1,tarde
0,3,0,tarde
0,1,0,tarde
1,21,1,tarde
1,12,0,tarde
1,31,1,tarde
1,25,1,tarde
1,12,0,tarde
1,4,0,tarde
1,0,0,tarde
0,3,0,mañana
0,11,0,mañana
0,3,0,mañana
0,5,0,mañana
0,12,0,mañana
0,8,0,mañana
0,143,1,mañana
0,66,1,mañana
0,6,0,mañana
0,11,0,mañana
0,31,1,noche
1,111,1,mañana
1,12,0,mañana
1,23,1,mañana
1,23,1,mañana
1,1,0,mañana
1,3,0,mañana
1,2,0,mañana
1,12,0,mañana
1,21,1,mañana
1,2,0,mañana
1,19,1,mañana
1,5,0,mañana
1,9,0,mañana
1,4,0,mañana
1,12,0,mañana
1,-1,0,mañana
0,1,0,mañana
0,10,0,mañana
0,14,0,mañana
0,59,1,mañana
0,-3,0,mañana
0,9,0,mañana
0,5,0,mañana
0,1,0,mañana
0,5,0,mañana
0,54,1,noche
0,21,1,mañana
0,8,0,mañana
1,90,1,mañana
1,2,0,mañana
1,5,0,mañana
1,6,0,noche
1,0,0,noche
1,62,1,mañana
1,134,1,mañana
1,7,0,mañana
1,25,1,mañana
1,23,1,mañana
1,5,0,mañana
1,2,0,mañana
1,28,1,mañana
0,6,0,tarde
0,3,0,tarde
0,3,0,tarde
0,10,0,tarde
1,131,1,tarde
1,20,1,tarde
1,28,1,tarde
1,5,0,tarde
1,-1,0,tarde
1,0,0,tarde
1,17,1,tarde
0,3,0,noche
0,4,0,mañana
0,9,0,mañana
1,43,1,mañana
1,80,1,mañana
1,2,0,mañana
1,63,1,noche
1,7,0,mañana
0,0,0,tarde
0,16,1,tarde
0,1,0,tarde
0,6,0,tarde
0,7,0,tarde
0,53,1,tarde
0,53,1,tarde
0,9,0,tarde
0,12,0,noche
1,75,1,tarde
1,0,0,tarde
1,9,0,tarde
1,5,0,tarde
1,71,1,noche
1,49,1,tarde
1,6,0,tarde
1,47,1,tarde
1,21,1,tarde
1,5,0,noche
1,-2,0,tarde
1,15,0,noche
0,3,0,noche
0,-4,0,noche
0,10,0,noche
0,119,1,noche
0,36,1,noche
0,94,1,noche
0,3,0,noche
0,2,0,noche
1,73,1,noche
1,0,0,noche
1,5,0,noche
1,5,0,noche
1,38,1,noche
1,23,1,noche
1,75,1,noche
1,10,0,noche
1,15,0,noche
1,1,0,noche
0,3,0,mañana
0,5,0,noche
0,4,0,noche
0,7,0,mañana
0,9,0,noche
0,21,1,noche
1,5,0,mañana
1,22,1,noche
1,36,1,noche
0,20,1,mañana
0,3,0,mañana
0,-3,0,mañana
0,39,1,mañana
0,-2,0,mañana
0,65,1,mañana
0,-1,0,mañana
0,4,0,mañana
0,13,0,mañana
0,119,1,mañana
0,85,1,mañana
0,0,0,mañana
0,13,0,mañana
1,109,1,mañana
1,9,0,mañana
1,76,1,mañana
1,1,0,mañana
1,2,0,mañana
1,1,0,mañana
1,1,0,mañana
1,13,0,mañana
1,15,0,mañana
1,8,0,mañana
1,95,1,mañana
1,8,0,mañana
1,9,0,mañana
1,20,1,mañana
1,6,0,mañana
1,7,0,mañana
0,1,0,tarde
0,-4,0,tarde
0,7,0,tarde
0,13,0,tarde
0,0,0,tarde
0,7,0,tarde
0,1,0,tarde
0,8,0,tarde
0,2,0,tarde
0,8,0,tarde
0,39,1,tarde
0,-2,0,tarde
0,16,1,tarde
0,0,0,tarde
1,79,1,tarde
1,17,1,tarde
1,8,0,tarde
1,0,0,tarde
1,2,0,tarde
1,11,0,tarde
1,0,0,tarde
1,17,1,tarde
1,25,1,tarde
1,-2,0,tarde
1,38,1,tarde
1,9,0,tarde
1,11,0,tarde
1,10,0,tarde
1,13,0,tarde
1,4,0,tarde
1,10,0,tarde
0,5,0,tarde
0,37,1,mañana
0,50,1,mañana
0,10,0,mañana
0,27,1,mañana
0,37,1,tarde
0,4,0,tarde
0,14,0,tarde
0,18,1,mañana
0,86,1,mañana
0,14,0,mañana
1,55,1,mañana
1,9,0,tarde
1,12,0,tarde
1,2,0,mañana
1,2,0,mañana
1,4,0,mañana
1,14,0,mañana
1,11,0,tarde
1,-2,0,tarde
1,0,0,tarde
1,50,1,mañana
1,4,0,mañana
1,18,1,mañana
1,11,0,mañana
1,-2,0,tarde
1,3,0,tarde
0,8,0,mañana
0,16,1,mañana
0,6,0,mañana
0,4,0,mañana
0,-3,0,mañana
0,13,0,mañana
1,157,1,mañana
1,23,1,mañana
1,3,0,mañana
1,7,0,mañana
1,38,1,mañana
1,2,0,mañana
1,1,0,mañana
0,0,0,mañana
0,53,1,tarde
1,6,0,mañana
1,22,1,tarde
1,-1,0,mañana
1,0,0,mañana
1,30,1,mañana
0,1,0,mañana
0,0,0,mañana
0,0,0,mañana
0,1,0,mañana
0,5,0,mañana
0,14,0,mañana
0,3,0,mañana
0,3,0,mañana
0,3,0,mañana
0,11,0,mañana
0,3,0,mañana
0,2,0,mañana
0,3,0,mañana
0,10,0,mañana
1,18,1,mañana
1,11,0,mañana
1,10,0,mañana
1,3,0,mañana
1,3,0,mañana
1,4,0,mañana
1,0,0,mañana
1,5,0,mañana
1,14,0,mañana
1,9,0,mañana
1,16,1,mañana
1,4,0,mañana
1,4,0,mañana
1,4,0,mañana
1,19,1,mañana
1,0,0,mañana
1,9,0,mañana
0,12,0,tarde
0,1,0,mañana
0,2,0,noche
0,11,0,mañana
0,4,0,mañana
0,2,0,tarde
0,60,1,mañana
0,-2,0,tarde
0,1,0,noche
1,116,1,mañana
1,-1,0,mañana
1,11,0,tarde
1,22,1,mañana
1,7,0,mañana
1,19,1,noche
1,17,1,mañana
1,16,1,mañana
1,3,0,tarde
1,10,0,mañana
1,1,0,noche
1,13,0,mañana
1,11,0,mañana
1,7,0,tarde
0,7,0,tarde
0,-14,0,tarde
0,0,0,tarde
0,0,0,tarde
0,9,0,tarde
0,10,0,tarde
0,4,0,tarde
0,22,1,tarde
0,10,0,tarde
0,10,0,tarde
0,28,1,tarde
0,8,0,tarde
0,7,0,tarde
0,3,0,tarde
1,37,1,tarde
1,47,1,tarde
1,0,0,tarde
1,2,0,tarde
1,5,0,tarde
1,9,0,tarde
1,28,1,tarde
1,4,0,tarde
1,9,0,tarde
1,5,0,tarde
1,18,1,tarde
1,85,1,tarde
1,6,0,tarde
1,6,0,tarde
1,10,0,tarde
1,12,0,tarde
1,3,0,tarde
0,4,0,noche
0,1,0,noche
1,0,0,noche
1,22,1,noche
1,9,0,tarde
0,1,0,noche
0,3,0,noche
0,22,1,noche
0,10,0,noche
0,18,1,noche
1,15,0,noche
1,8,0,noche
1,6,0,noche
1,10,0,noche
1,23,1,noche
1,-2,0,noche
1,3,0,noche
0,4,0,mañana
0,9,0,mañana
0,6,0,mañana
0,7,0,mañana
0,8,0,mañana
0,10,0,mañana
0,22,1,mañana
0,26,1,mañana
0,6,0,mañana
0,7,0,mañana
0,9,0,mañana
1,4,0,mañana
1,26,1,mañana
1,10,0,mañana
1,4,0,mañana
1,4,0,mañana
1,7,0,mañana
1,11,0,mañana
1,12,0,mañana
1,12,0,mañana
1,14,0,mañana
1,20,1,mañana
1,4,0,mañana
1,4,0,mañana
1,49,1,mañana
0,2,0,mañana
0,1,0,mañana
0,-2,0,mañana
0,-1,0,mañana
0,-1,0,mañana
0,18,1,mañana
0,0,0,mañana
0,80,1,mañana
0,0,0,mañana
0,43,1,mañana
0,6,0,mañana
0,1,0,mañana
0,-1,0,mañana
0,13,0,mañana
1,17,1,mañana
1,13,0,mañana
1,8,0,mañana
1,51,1,mañana
1,140,1,mañana
1,11,0,mañana
1,20,1,mañana
1,-1,0,mañana
1,6,0,mañana
1,66,1,mañana
1,5,0,mañana
1,-5,0,mañana
1,5,0,mañana
1,83,1,mañana
1,3,0,mañana
0,9,0,tarde
0,5,0,tarde
0,7,0,tarde
0,22,1,tarde
0,20,1,tarde
0,4,0,tarde
1,43,1,tarde
1,51,1,tarde
1,14,0,tarde
1,1,0,tarde
1,10,0,mañana
1,22,1,tarde
1,65,1,tarde
1,13,0,tarde
1,-1,0,tarde
0,-6,0,tarde
0,3,0,tarde
0,1,0,tarde
0,12,0,tarde
0,65,1,tarde
0,7,0,tarde
1,10,0,tarde
1,1,0,tarde
1,-2,0,tarde
1,1,0,tarde
1,0,0,tarde
1,5,0,tarde
1,-1,0,tarde
0,1,0,tarde
0,0,0,tarde
0,2,0,tarde
0,5,0,tarde
0,10,0,tarde
0,22,1,tarde
0,-4,0,tarde
0,10,0,tarde
0,5,0,tarde
0,70,1,tarde
0,43,1,tarde
0,23,1,tarde
0,1,0,tarde
0,-1,0,tarde
1,85,1,tarde
1,0,0,tarde
1,34,1,tarde
1,6,0,tarde
1,4,0,tarde
1,135,1,tarde
1,1,0,tarde
1,18,1,tarde
1,23,1,tarde
1,-1,0,tarde
1,25,1,tarde
1,0,0,tarde
1,-4,0,tarde
1,-6,0,tarde
1,-3,0,tarde
0,-1,0,noche
0,0,0,tarde
0,7,0,noche
0,13,0,noche
0,25,1,noche
0,22,1,noche
0,26,1,tarde
0,-3,0,noche
0,27,1,tarde
0,17,1,noche
1,30,1,noche
1,51,1,tarde
1,-1,0,noche
1,6,0,noche
1,59,1,tarde
1,29,1,noche
1,6,0,noche
1,39,1,tarde
1,0,0,noche
1,4,0,tarde
1,3,0,noche
1,-5,0,noche
1,19,1,tarde
0,-1,0,mañana
0,13,0,mañana
0,14,0,mañana
0,14,0,mañana
1,68,1,mañana
1,18,1,mañana
1,4,0,mañana
1,2,0,mañana
1,4,0,mañana
1,0,0,mañana
1,8,0,mañana
1,12,0,mañana
1,-4,0,mañana
0,19,1,tarde
1,10,0,tarde
1,-2,0,tarde
1,5,0,tarde
0,6,0,tarde
0,15,0,tarde
0,2,0,tarde
0,-4,0,tarde
0,10,0,tarde
0,24,1,tarde
0,7,0,tarde
0,60,1,tarde
0,3,0,tarde
0,13,0,tarde
0,4,0,tarde
1,49,1,tarde
1,64,1,tarde
1,-3,0,tarde
1,25,1,tarde
1,-1,0,tarde
1,34,1,tarde
1,4,0,tarde
1,5,0,tarde
1,1,0,tarde
1,14,0,tarde
1,2,0,tarde
1,10,0,tarde
1,-3,0,tarde
0,-3,0,tarde
0,1,0,noche
0,0,0,tarde
0,26,1,tarde
1,32,1,tarde
1,12,0,tarde
0,5,0,tarde
0,4,0,tarde
0,10,0,tarde
0,5,0,tarde
0,10,0,tarde
0,4,0,tarde
0,7,0,tarde
0,2,0,tarde
0,1,0,tarde
0,2,0,tarde
0,44,1,tarde
1,14,0,tarde
1,64,1,tarde
1,66,1,tarde
1,5,0,tarde
1,28,1,tarde
1,82,1,tarde
1,1,0,tarde
1,52,1,tarde
1,7,0,tarde
1,33,1,tarde
1,-3,0,tarde
1,62,1,tarde
1,2,0,tarde
0,-5,0,noche
0,10,0,tarde
0,7,0,tarde
0,22,1,tarde
0,0,0,noche
0,12,0,noche
0,5,0,tarde
0,4,0,tarde
0,-2,0,tarde
1,10,0,noche
1,9,0,tarde
1,37,1,tarde
1,42,1,tarde
1,1,0,tarde
1,23,1,noche
1,11,0,tarde
1,14,0,tarde
1,-1,0,tarde
1,-2,0,noche
0,10,0,noche
1,27,1,noche
0,11,0,noche
0,-3,0,noche
0,2,0,noche
0,75,1,noche
0,1,0,tarde
0,17,1,noche
0,40,1,noche
0,147,1,noche
1,33,1,noche
1,39,1,noche
1,11,0,noche
1,1,0,noche
1,2,0,noche
1,99,1,noche
1,13,0,noche
1,0,0,noche
1,2,0,noche
1,15,0,noche
1,0,0,noche
1,14,0,noche
1,-4,0,tarde
1,-4,0,noche
1,11,0,noche
0,5,0,tarde
0,2,0,mañana
0,0,0,tarde
0,-1,0,mañana
1,44,1,tarde
1,7,0,mañana
1,7,0,mañana
1,2,0,mañana
0,8,0,mañana
0,0,0,mañana
0,2,0,tarde
0,-4,0,mañana
0,2,0,mañana
0,75,1,mañana
0,41,1,mañana
0,1,0,tarde
0,-1,0,mañana
0,11,0,mañana
1,27,1,mañana
1,51,1,mañana
1,22,1,mañana
1,0,0,tarde
1,-2,0,mañana
1,2,0,mañana
1,4,0,mañana
1,18,1,mañana
1,101,1,mañana
1,7,0,mañana
1,11,0,mañana
1,1,0,mañana
0,-5,0,tarde
0,10,0,tarde
0,23,1,noche
0,6,0,tarde
0,-3,0,mañana
0,16,1,tarde
0,58,1,tarde
0,19,1,noche
1,39,1,mañana
1,33,1,tarde
1,22,1,tarde
1,103,1,noche
1,6,0,tarde
1,16,1,mañana
1,2,0,tarde
1,58,1,tarde
1,7,0,noche
1,0,0,mañana
0,0,0,noche
0,-4,0,noche
0,12,0,noche
0,25,1,noche
0,121,1,noche
0,80,1,noche
0,10,0,noche
1,20,1,noche
1,3,0,noche
1,6,0,noche
1,1,0,noche
1,7,0,noche
1,26,1,noche
1,9,0,noche
1,9,0,noche
1,-1,0,noche
0,6,0,noche
0,3,0,noche
0,17,1,noche
0,8,0,noche
0,106,1,noche
0,21,1,noche
0,-2,0,noche
1,68,1,noche
1,62,1,noche
1,56,1,noche
1,-1,0,noche
1,20,1,noche
1,-4,0,noche
1,17,1,tarde
0,6,0,mañana
0,5,0,tarde
0,8,0,tarde
0,1,0,mañana
0,1,0,tarde
0,19,1,mañana
0,-1,0,mañana
0,6,0,tarde
0,7,0,tarde
0,9,0,mañana
0,3,0,tarde
0,-2,0,mañana
0,5,0,mañana
1,22,1,mañana
1,7,0,tarde
1,20,1,tarde
1,8,0,tarde
1,15,0,mañana
1,2,0,mañana
1,9,0,tarde
1,-1,0,tarde
1,7,0,tarde
1,4,0,tarde
1,4,0,mañana
1,14,0,mañana
1,0,0,tarde
1,-6,0,mañana
1,21,1,tarde
0,8,0,mañana
0,0,0,mañana
0,2,0,mañana
0,12,0,mañana
0,7,0,mañana
0,8,0,mañana
0,-2,0,mañana
0,40,1,mañana
0,7,0,mañana
0,3,0,mañana
0,2,0,mañana
1,-2,0,mañana
1,7,0,mañana
1,8,0,mañana
1,3,0,mañana
1,2,0,mañana
1,3,0,mañana
1,17,1,mañana
1,28,1,mañana
1,0,0,mañana
1,0,0,mañana
1,2,0,mañana
0,-1,0,mañana
0,-2,0,mañana
0,3,0,tarde
0,16,1,tarde
0,5,0,noche
0,8,0,tarde
0,41,1,tarde
0,0,0,tarde
0,87,1,mañana
0,10,0,tarde
0,5,0,noche
1,38,1,tarde
1,38,1,tarde
1,-1,0,tarde
1,1,0,tarde
1,-1,0,noche
1,3,0,tarde
1,23,1,tarde
1,15,0,tarde
1,3,0,tarde
1,4,0,noche
1,2,0,tarde
1,4,0,noche
1,41,1,mañana
0,9,0,tarde
0,7,0,tarde
0,5,0,tarde
0,6,0,tarde
0,3,0,tarde
0,3,0,tarde
0,14,0,tarde
0,0,0,tarde
0,-2,0,tarde
0,30,1,tarde
0,8,0,tarde
0,8,0,tarde
0,17,1,tarde
1,68,1,tarde
1,22,1,tarde
1,25,1,tarde
1,7,0,tarde
1,11,0,tarde
1,7,0,tarde
1,0,0,tarde
1,6,0,tarde
1,13,0,tarde
1,6,0,tarde
1,2,0,tarde
1,1,0,tarde
1,-2,0,tarde
1,3,0,tarde
1,10,0,tarde
1,-3,0,tarde
1,63,1,tarde
1,2,0,tarde
0,-3,0,noche
0,21,1,noche
0,0,0,noche
0,5,0,noche
0,2,0,noche
0,1,0,noche
0,68,1,noche
0,2,0,noche
0,3,0,noche
0,-5,0,noche
0,-2,0,noche
1,22,1,noche
1,104,1,noche
1,19,1,noche
1,13,0,noche
1,5,0,noche
1,1,0,tarde
1,0,0,noche
1,7,0,noche
1,4,0,noche
1,-1,0,noche
1,7,0,noche
1,1,0,noche
1,7,0,noche
0,-7,0,noche
0,27,1,noche
0,17,1,noche
0,13,0,noche
0,6,0,noche
0,65,1,noche
0,128,1,noche
0,9,0,noche
0,1,0,noche
1,6,0,noche
1,14,0,noche
1,12,0,noche
1,20,1,noche
1,82,1,noche
1,7,0,noche
1,-2,0,noche
1,6,0,noche
1,46,1,noche
1,37,1,noche
1,15,0,noche
1,-6,0,noche
0,9,0,noche
0,14,0,noche
0,14,0,noche
0,4,0,noche
1,-7,0,noche
1,100,1,noche
1,4,0,noche
1,1,0,noche
1,18,1,tarde
0,0,0,noche
0,51,1,noche
1,78,1,noche
1,15,0,noche
0,5,0,noche
0,16,1,noche
0,116,1,noche
0,14,0,noche
1,16,1,noche
1,68,1,noche
1,71,1,noche
1,11,0,noche
0,13,0,noche
1,16,1,noche
1,0,0,noche
0,3,0,noche
1,4,0,noche
1,11,0,noche
1,-1,0,noche
0,-2,0,noche
0,8,0,noche
0,35,1,noche
0,-2,0,noche
0,-2,0,noche
0,0,0,noche
0,8,0,noche
0,4,0,noche
0,11,0,noche
0,2,0,noche
1,9,0,noche
1,2,0,noche
1,8,0,noche
1,-2,0,noche
1,12,0,noche
1,-1,0,noche
1,17,1,noche
1,6,0,noche
1,9,0,noche
1,1,0,noche
1,1,0,noche
0,4,0,mañana
0,0,0,noche
0,13,0,mañana
0,6,0,mañana
0,0,0,noche
0,10,0,noche
0,10,0,mañana
0,21,1,noche
0,15,0,mañana
0,10,0,mañana
0,19,1,noche
0,3,0,noche
1,9,0,mañana
1,27,1,noche
1,13,0,mañana
1,8,0,mañana
1,0,0,noche
1,5,0,mañana
1,18,1,mañana
1,7,0,mañana
1,15,0,noche
1,-1,0,mañana
1,-3,0,noche
0,7,0,mañana
0,10,0,tarde
0,12,0,mañana
0,2,0,mañana
0,-5,0,noche
0,8,0,tarde
0,36,1,noche
0,83,1,mañana
0,11,0,tarde
0,4,0,mañana
0,14,0,mañana
0,25,1,noche
1,43,1,mañana
1,4,0,tarde
1,4,0,mañana
1,4,0,mañana
1,4,0,mañana
1,8,0,tarde
1,16,1,noche
1,27,1,mañana
1,17,1,tarde
1,1,0,mañana
1,10,0,mañana
1,4,0,mañana
1,10,0,tarde
1,13,0,noche
1,2,0,mañana
0,8,0,noche
0,21,1,noche
1,50,1,noche
1,15,0,noche
1,10,0,noche
0,1,0,mañana
0,17,1,mañana
0,15,0,mañana
0,14,0,mañana
0,17,1,mañana
0,10,0,mañana
0,20,1,mañana
0,28,1,mañana
0,51,1,mañana
0,151,1,mañana
0,42,1,mañana
1,70,1,mañana
1,38,1,mañana
1,3,0,mañana
1,8,0,mañana
1,6,0,mañana
1,83,1,mañana
1,22,1,mañana
1,0,0,mañana
1,44,1,mañana
1,2,0,mañana
1,15,0,mañana
1,13,0,mañana
1,8,0,mañana
1,15,0,mañana
0,2,0,mañana
0,24,1,mañana
1,26,1,mañana
1,4,0,mañana
1,7,0,mañana
0,5,0,tarde
0,4,0,tarde
0,10,0,tarde
0,9,0,tarde
0,0,0,tarde
0,6,0,tarde
0,7,0,tarde
0,3,0,tarde
0,45,1,tarde
0,21,1,tarde
0,23,1,tarde
0,17,1,tarde
0,10,0,tarde
0,8,0,tarde
1,159,1,tarde
1,10,0,tarde
1,15,0,tarde
1,22,1,tarde
1,10,0,tarde
1,34,1,tarde
1,13,0,tarde
1,15,0,tarde
1,8,0,tarde
1,11,0,tarde
1,11,0,tarde
1,-3,0,tarde
1,14,0,tarde
1,2,0,tarde
1,15,0,tarde
1,8,0,tarde
0,6,0,tarde
0,47,1,mañana
1,3,0,tarde
1,20,1,tarde
0,18,1,mañana
0,10,0,mañana
0,8,0,mañana
0,29,1,mañana
0,22,1,mañana
0,16,1,mañana
0,9,0,mañana
0,83,1,mañana
0,4,0,mañana
0,40,1,mañana
0,0,0,mañana
0,11,0,mañana
0,13,0,mañana
0,17,1,mañana
1,125,1,mañana
1,19,1,mañana
1,31,1,mañana
1,34,1,mañana
1,19,1,mañana
1,12,0,mañana
1,10,0,mañana
1,1,0,mañana
1,7,0,mañana
1,5,0,mañana
1,92,1,mañana
1,18,1,mañana
1,21,1,mañana
1,41,1,mañana
1,15,0,mañana
1,15,0,mañana
1,2,0,mañana
0,4,0,tarde
0,0,0,tarde
0,1,0,tarde
0,0,0,tarde
0,1,0,tarde
0,1,0,tarde
0,1,0,tarde
0,8,0,tarde
0,6,0,tarde
0,8,0,tarde
0,11,0,tarde
0,13,0,tarde
0,-2,0,tarde
0,6,0,tarde
1,4,0,tarde
1,4,0,tarde
1,4,0,tarde
1,-3,0,tarde
1,8,0,tarde
1,9,0,tarde
1,5,0,tarde
1,15,0,tarde
1,2,0,tarde
1,14,0,tarde
1,27,1,tarde
1,20,1,tarde
1,10,0,tarde
1,-2,0,tarde
1,-4,0,tarde
1,7,0,tarde
0,2,0,mañana
0,8,0,mañana
0,15,0,mañana
0,19,1,mañana
0,-1,0,mañana
0,3,0,mañana
0,-2,0,mañana
0,10,0,mañana
0,-1,0,mañana
0,17,1,mañana
0,13,0,mañana
0,5,0,mañana
0,1,0,mañana
0,62,1,mañana
1,2,0,mañana
1,119,1,mañana
1,18,1,mañana
1,3,0,mañana
1,22,1,mañana
1,4,0,mañana
1,9,0,mañana
1,17,1,mañana
1,29,1,mañana
1,47,1,mañana
1,19,1,mañana
1,11,0,mañana
1,16,1,mañana
1,-1,0,mañana
1,14,0,mañana
0,4,0,mañana
0,-4,0,mañana
0,0,0,mañana
0,0,0,mañana
0,-9,0,mañana
0,8,0,mañana
0,3,0,mañana
0,7,0,mañana
0,1,0,mañana
0,16,1,mañana
0,32,1,mañana
0,-4,0,mañana
0,19,1,mañana
1,3,0,mañana
1,49,1,mañana
1,14,0,mañana
1,0,0,mañana
1,0,0,mañana
1,-2,0,mañana
1,3,0,mañana
1,4,0,mañana
1,5,0,mañana
1,18,1,mañana
1,4,0,mañana
1,41,1,mañana
1,20,1,mañana
1,3,0,mañana
1,2,0,mañana
1,2,0,mañana
1,12,0,mañana
0,7,0,tarde
0,27,1,tarde
0,2,0,tarde
0,1,0,tarde
0,6,0,tarde
0,23,1,tarde
0,28,1,tarde
0,3,0,tarde
0,2,0,tarde
0,28,1,tarde
1,14,0,tarde
1,52,1,tarde
1,33,1,tarde
1,21,1,tarde
1,3,0,tarde
1,68,1,tarde
1,21,1,tarde
1,26,1,tarde
1,4,0,tarde
1,18,1,tarde
1,19,1,tarde
1,17,1,tarde
0,7,0,tarde
0,2,0,tarde
0,14,0,tarde
0,2,0,tarde
0,104,1,tarde
0,56,1,tarde
0,7,0,tarde
0,120,1,tarde
0,0,0,tarde
0,2,0,tarde
0,-1,0,tarde
0,0,0,tarde
0,-3,0,tarde
0,1,0,tarde
1,9,0,tarde
1,20,1,tarde
1,15,0,tarde
1,-8,0,tarde
1,7,0,tarde
1,19,1,tarde
1,2,0,tarde
1,6,0,tarde
1,9,0,tarde
1,-3,0,tarde
1,32,1,tarde
1,16,1,tarde
1,17,1,tarde
1,2,0,tarde
1,15,0,tarde
1,10,0,tarde
1,7,0,tarde
0,1,0,mañana
0,19,1,mañana
0,0,0,mañana
0,2,0,mañana
0,10,0,mañana
0,10,0,mañana
0,4,0,mañana
0,15,0,mañana
0,44,1,mañana
0,8,0,mañana
0,6,0,mañana
0,2,0,mañana
1,48,1,mañana
1,31,1,mañana
1,27,1,mañana
1,5,0,mañana
1,9,0,mañana
1,-4,0,mañana
1,6,0,mañana
1,-2,0,mañana
1,18,1,mañana
1,25,1,mañana
1,45,1,mañana
1,11,0,mañana
1,37,1,mañana
1,29,1,mañana
1,29,1,mañana
0,5,0,mañana
0,13,0,mañana
0,5,0,mañana
0,56,1,mañana
0,1,0,mañana
0,7,0,mañana
0,12,0,mañana
0,11,0,mañana
0,17,1,mañana
0,133,1,mañana
0,4,0,mañana
0,3,0,mañana
0,24,1,mañana
1,78,1,mañana
1,7,0,mañana
1,60,1,mañana
1,20,1,mañana
1,9,0,mañana
1,15,0,mañana
1,14,0,mañana
1,17,1,mañana
1,13,0,mañana
1,60,1,mañana
1,9,0,mañana
1,24,1,mañana
1,23,1,mañana
1,21,1,mañana
1,18,1,mañana
0,43,1,tarde
0,4,0,tarde
0,28,1,tarde
0,21,1,tarde
0,11,0,tarde
0,10,0,tarde
0,14,0,tarde
0,29,1,tarde
0,8,0,tarde
0,6,0,tarde
0,14,0,tarde
0,18,1,tarde
0,16,1,tarde
1,5,0,tarde
1,51,1,tarde
1,24,1,tarde
1,17,1,tarde
1,8,0,tarde
1,22,1,tarde
1,8,0,tarde
1,3,0,tarde
1,4,0,tarde
1,26,1,tarde
1,31,1,tarde
1,0,0,tarde
1,18,1,tarde
1,32,1,tarde
1,3,0,tarde
1,18,1,tarde
0,123,1,mañana
0,12,0,mañana
0,80,1,mañana
0,15,0,mañana
0,8,0,mañana
0,5,0,mañana
0,133,1,mañana
0,2,0,mañana
1,81,1,mañana
1,15,0,mañana
1,45,1,mañana
1,2,0,mañana
1,7,0,mañana
1,52,1,mañana
1,31,1,mañana
0,-3,0,noche
0,8,0,noche
0,-2,0,noche
0,4,0,noche
0,2,0,noche
0,8,0,noche
1,-2,0,noche
1,4,0,noche
1,0,0,noche
1,1,0,noche
1,5,0,noche
1,5,0,noche
1,9,0,noche
1,0,0,noche
1,6,0,noche
1,4,0,noche
1,49,1,noche
0,5,0,tarde
0,6,0,tarde
0,10,0,tarde
0,10,0,tarde
0,40,1,tarde
0,19,1,tarde
0,8,0,tarde
0,6,0,tarde
0,60,1,tarde
0,0,0,tarde
0,14,0,tarde
0,17,1,tarde
1,27,1,tarde
1,47,1,tarde
1,7,0,tarde
1,21,1,tarde
1,20,1,tarde
1,5,0,tarde
1,148,1,tarde
1,11,0,tarde
1,42,1,tarde
1,7,0,tarde
1,18,1,tarde
1,5,0,tarde
1,6,0,tarde
1,15,0,tarde
0,15,0,mañana
0,19,1,mañana
0,10,0,mañana
0,142,1,mañana
0,5,0,mañana
0,18,1,mañana
0,8,0,mañana
0,15,0,mañana
0,21,1,mañana
0,91,1,mañana
0,55,1,mañana
0,8,0,mañana
0,11,0,mañana
0,25,1,mañana
1,15,0,mañana
1,18,1,mañana
1,11,0,mañana
1,37,1,mañana
1,16,1,mañana
1,13,0,mañana
1,63,1,mañana
1,40,1,mañana
1,137,1,mañana
1,12,0,mañana
1,21,1,mañana
1,11,0,mañana
1,9,0,mañana
1,6,0,mañana
0,54,1,noche
0,10,0,noche
0,13,0,noche
0,3,0,noche
0,47,1,noche
0,17,1,noche
0,106,1,noche
0,14,0,noche
0,8,0,noche
0,2,0,noche
0,9,0,noche
0,32,1,noche
1,11,0,noche
1,25,1,noche
1,6,0,noche
1,139,1,noche
1,4,0,noche
1,7,0,noche
1,3,0,noche
1,28,1,noche
1,3,0,noche
1,14,0,noche
1,24,1,noche
1,1,0,noche
1,0,0,noche
1,0,0,noche
1,16,1,noche
1,-1,0,noche
0,42,1,noche
0,11,0,noche
0,21,1,noche
0,65,1,noche
0,12,0,noche
0,16,1,noche
0,8,0,noche
1,91,1,noche
1,14,0,noche
1,13,0,noche
1,6,0,noche
1,11,0,noche
1,3,0,noche
1,23,1,noche
1,-2,0,noche
1,0,0,noche
1,4,0,noche
1,4,0,noche
1,1,0,noche
0,18,1,noche
0,8,0,noche
1,23,1,noche
1,12,0,noche
1,14,0,noche
0,7,0,noche
0,26,1,noche
0,6,0,noche
0,23,1,noche
1,0,0,noche
1,3,0,noche
1,12,0,noche
1,0,0,noche
0,15,0,noche
0,4,0,noche
0,90,1,noche
0,55,1,noche
0,6,0,noche
0,86,1,noche
0,6,0,noche
0,12,0,noche
0,12,0,noche
0,8,0,noche
0,13,0,noche
0,4,0,noche
0,25,1,noche
1,25,1,noche
1,23,1,noche
1,15,0,noche
1,8,0,noche
1,-2,0,noche
1,1,0,noche
1,7,0,noche
1,3,0,noche
1,-3,0,noche
1,1,0,noche
1,13,0,noche
1,-2,0,noche
1,4,0,noche
1,5,0,noche
1,-1,0,noche
1,7,0,noche
1,7,0,noche
0,14,0,noche
0,5,0,noche
0,2,0,noche
0,13,0,noche
0,91,1,noche
0,140,1,noche
0,44,1,noche
0,5,0,noche
0,14,0,noche
0,11,0,noche
1,9,0,noche
1,7,0,noche
1,0,0,noche
1,3,0,noche
1,10,0,noche
1,14,0,noche
1,10,0,noche
1,2,0,noche
1,10,0,noche
1,30,1,noche
1,29,1,noche
1,12,0,noche
1,11,0,noche
1,9,0,noche
1,17,1,noche
1,-5,0,noche
0,3,0,noche
0,20,1,noche
0,36,1,noche
0,10,0,noche
1,26,1,noche
1,69,1,noche
1,14,0,noche
1,-5,0,noche
1,10,0,noche
0,7,0,mañana
0,20,1,mañana
0,13,0,mañana
0,20,1,mañana
1,16,1,mañana
1,20,1,mañana
1,15,0,mañana
1,41,1,mañana
1,8,0,mañana
0,12,0,mañana
0,29,1,mañana
1,32,1,mañana
0,1,0,noche
0,1,0,noche
0,4,0,noche
0,-1,0,noche
0,140,1,noche
0,2,0,noche
0,0,0,noche
0,140,1,noche
0,12,0,noche
0,95,1,noche
0,17,1,noche
0,32,1,noche
0,32,1,noche
1,5,0,noche
1,9,0,noche
1,30,1,noche
1,-6,0,noche
1,58,1,noche
1,20,1,noche
1,-2,0,noche
1,4,0,noche
1,-3,0,noche
1,3,0,noche
1,112,1,noche
1,16,1,noche
1,11,0,noche
1,-1,0,noche
1,5,0,noche
1,7,0,noche
0,10,0,mañana
0,25,1,mañana
0,74,1,mañana
0,9,0,mañana
0,17,1,mañana
0,19,1,mañana
1,14,0,mañana
1,11,0,mañana
1,1,0,mañana
1,10,0,mañana
1,44,1,mañana
1,7,0,mañana
1,6,0,mañana
0,-4,0,tarde
0,147,1,tarde
0,10,0,tarde
0,7,0,tarde
0,31,1,tarde
0,-1,0,tarde
0,3,0,tarde
1,8,0,tarde
1,12,0,tarde
1,8,0,tarde
1,35,1,tarde
1,-4,0,tarde
1,6,0,tarde
1,3,0,tarde
1,5,0,tarde
1,10,0,tarde
0,6,0,mañana
0,7,0,mañana
1,4,0,mañana
1,-7,0,mañana
1,9,0,mañana
1,-11,0,mañana
0,12,0,mañana
0,28,1,mañana
1,6,0,mañana
1,-2,0,mañana
1,3,0,mañana
0,3,0,mañana
0,4,0,mañana
0,7,0,mañana
0,15,0,mañana
0,-2,0,mañana
0,3,0,mañana
0,13,0,mañana
0,7,0,mañana
0,11,0,mañana
0,3,0,mañana
1,0,0,mañana
1,1,0,mañana
1,-1,0,mañana
1,-1,0,mañana
1,1,0,mañana
1,-3,0,mañana
1,3,0,mañana
1,1,0,mañana
1,7,0,mañana
1,2,0,mañana
1,0,0,mañana
0,26,1,noche
0,19,1,noche
0,0,0,noche
0,-1,0,noche
0,9,0,noche
0,12,0,noche
0,3,0,noche
0,14,0,noche
1,14,0,noche
1,0,0,noche
1,10,0,noche
1,5,0,noche
1,2,0,noche
1,7,0,noche
1,13,0,noche
1,-7,0,noche
1,6,0,noche
0,4,0,mañana
0,10,0,mañana
0,-6,0,mañana
0,1,0,mañana
1,112,1,mañana
1,51,1,mañana
1,-4,0,mañana
1,-3,0,mañana
1,0,0,mañana
1,6,0,mañana
0,9,0,noche
0,62,1,noche
0,-1,0,noche
0,3,0,noche
0,4,0,noche
0,65,1,noche
0,3,0,noche
0,8,0,noche
0,3,0,noche
0,3,0,noche
0,17,1,noche
0,6,0,noche
0,5,0,noche
0,0,0,noche
1,2,0,noche
1,10,0,noche
1,4,0,noche
1,2,0,noche
1,26,1,noche
1,21,1,noche
1,-1,0,noche
1,1,0,noche
1,-7,0,noche
1,7,0,noche
1,1,0,noche
1,0,0,noche
1,-1,0,noche
1,63,1,noche
1,1,0,noche
1,8,0,noche
0,1,0,tarde
0,1,0,tarde
0,11,0,tarde
0,4,0,tarde
0,6,0,tarde
0,89,1,tarde
0,8,0,tarde
0,10,0,tarde
0,27,1,tarde
0,-2,0,tarde
0,38,1,tarde
0,2,0,tarde
1,14,0,tarde
1,11,0,tarde
1,3,0,tarde
1,9,0,tarde
1,30,1,tarde
1,7,0,tarde
1,-4,0,tarde
1,6,0,tarde
1,14,0,tarde
1,9,0,tarde
1,-2,0,tarde
1,12,0,tarde
1,3,0,tarde
0,21,1,tarde
0,3,0,noche
0,1,0,noche
0,4,0,noche
0,4,0,noche
0,2,0,noche
0,4,0,noche
0,8,0,noche
0,4,0,noche
0,14,0,noche
0,88,1,noche
0,6,0,noche
0,-3,0,noche
0,16,1,noche
1,42,1,noche
1,15,0,noche
1,2,0,noche
1,6,0,noche
1,1,0,noche
1,3,0,noche
1,4,0,noche
1,103,1,noche
1,-2,0,noche
1,0,0,noche
1,-3,0,noche
1,-7,0,noche
1,-2,0,noche
1,0,0,noche
1,7,0,noche
1,6,0,noche
0,5,0,tarde
0,0,0,tarde
0,9,0,tarde
0,25,1,tarde
0,6,0,tarde
0,11,0,tarde
0,8,0,tarde
0,13,0,tarde
0,20,1,tarde
0,10,0,tarde
0,3,0,tarde
0,58,1,tarde
1,4,0,tarde
1,15,0,tarde
1,21,1,tarde
1,9,0,tarde
1,2,0,tarde
1,8,0,tarde
1,3,0,tarde
1,8,0,tarde
1,-3,0,tarde
1,10,0,tarde
1,-3,0,tarde
1,1,0,tarde
1,0,0,tarde
1,5,0,tarde
1,3,0,tarde
0,3,0,tarde
0,-2,0,tarde
0,-2,0,tarde
0,15,0,tarde
0,36,1,tarde
0,13,0,tarde
0,4,0,tarde
0,12,0,tarde
0,8,0,tarde
0,4,0,tarde
0,8,0,tarde
0,13,0,tarde
0,25,1,tarde
1,81,1,tarde
1,58,1,tarde
1,78,1,tarde
1,12,0,tarde
1,6,0,tarde
1,3,0,tarde
1,26,1,tarde
1,2,0,tarde
1,1,0,tarde
1,26,1,tarde
1,15,0,tarde
1,-1,0,tarde
1,2,0,tarde
1,0,0,tarde
1,9,0,tarde
0,9,0,mañana
0,36,1,mañana
0,2,0,mañana
0,5,0,mañana
0,12,0,noche
0,2,0,mañana
0,29,1,mañana
0,1,0,noche
1,12,0,noche
1,13,0,mañana
1,-5,0,mañana
1,11,0,mañana
1,-1,0,mañana
1,22,1,mañana
1,90,1,mañana
1,7,0,mañana
1,17,1,mañana
1,11,0,noche
1,0,0,tarde
1,7,0,tarde
0,-2,0,mañana
0,22,1,mañana
1,-1,0,mañana
1,33,1,mañana
0,3,0,tarde
0,-5,0,tarde
0,-2,0,tarde
0,19,1,tarde
0,3,0,tarde
0,20,1,tarde
0,2,0,tarde
0,108,1,tarde
0,26,1,tarde
0,13,0,tarde
0,-1,0,tarde
0,17,1,tarde
0,0,0,tarde
0,-4,0,tarde
1,2,0,tarde
1,57,1,tarde
1,13,0,tarde
1,34,1,tarde
1,0,0,tarde
1,3,0,tarde
1,6,0,tarde
1,2,0,tarde
1,10,0,tarde
1,-6,0,tarde
1,8,0,tarde
1,-3,0,tarde
1,-1,0,tarde
1,1,0,tarde
1,5,0,tarde
1,6,0,tarde
1,13,0,tarde
0,12,0,tarde
0,8,0,tarde
0,25,1,tarde
0,3,0,tarde
0,159,1,tarde
1,81,1,tarde
1,12,0,tarde
1,136,1,tarde
1,6,0,tarde
1,35,1,tarde
1,3,0,tarde
1,0,0,tarde
0,92,1,mañana
0,4,0,mañana
0,-1,0,mañana
0,3,0,mañana
0,12,0,mañana
0,18,1,mañana
0,70,1,mañana
0,112,1,mañana
0,8,0,mañana
0,1,0,mañana
0,2,0,mañana
1,127,1,mañana
1,77,1,mañana
1,21,1,mañana
1,13,0,mañana
1,63,1,mañana
1,14,0,mañana
1,13,0,mañana
1,7,0,mañana
1,133,1,mañana
1,27,1,mañana
1,2,0,mañana
1,16,1,mañana
1,13,0,mañana
1,9,0,mañana
1,2,0,mañana
1,7,0,mañana
0,14,0,mañana
0,0,0,mañana
0,2,0,mañana
0,51,1,mañana
0,24,1,mañana
0,19,1,mañana
0,16,1,mañana
0,49,1,mañana
0,1,0,mañana
0,53,1,mañana
0,57,1,mañana
0,1,0,mañana
0,12,0,mañana
0,0,0,mañana
1,143,1,mañana
1,21,1,mañana
1,59,1,mañana
1,14,0,mañana
1,101,1,mañana
1,6,0,mañana
1,9,0,mañana
1,6,0,mañana
1,1,0,mañana
1,16,1,mañana
1,104,1,mañana
1,2,0,mañana
1,14,0,mañana
1,26,1,mañana
1,3,0,mañana
1,1,0,mañana
1,35,1,mañana
0,1,0,tarde
0,1,0,tarde
0,5,0,tarde
0,15,0,tarde
0,11,0,tarde
0,21,1,tarde
0,17,1,tarde
0,-2,0,tarde
0,11,0,tarde
0,19,1,tarde
0,21,1,tarde
0,50,1,tarde
0,21,1,tarde
0,23,1,tarde
1,55,1,tarde
1,117,1,tarde
1,14,0,tarde
1,0,0,tarde
1,-5,0,tarde
1,10,0,tarde
1,11,0,tarde
1,17,1,tarde
1,11,0,tarde
1,-2,0,tarde
1,82,1,tarde
1,121,1,tarde
1,6,0,tarde
1,9,0,tarde
1,7,0,tarde
1,6,0,tarde
1,13,0,tarde
0,1,0,noche
0,13,0,noche
0,4,0,noche
0,11,0,noche
0,11,0,noche
0,11,0,noche
0,1,0,noche
0,19,1,noche
0,12,0,noche
0,47,1,noche
0,21,1,noche
0,0,0,noche
0,0,0,noche
0,9,0,noche
1,6,0,noche
1,60,1,noche
1,38,1,noche
1,8,0,noche
1,9,0,noche
1,6,0,noche
1,17,1,noche
1,33,1,noche
1,5,0,noche
1,14,0,noche
1,57,1,noche
1,49,1,noche
1,3,0,noche
1,-1,0,noche
1,12,0,noche
1,-4,0,noche
0,24,1,tarde
0,57,1,tarde
1,120,1,tarde
1,-2,0,tarde
1,8,0,tarde
0,10,0,mañana
0,9,0,mañana
0,5,0,mañana
0,14,0,mañana
0,44,1,mañana
0,13,0,mañana
0,2,0,mañana
0,117,1,mañana
0,22,1,mañana
1,101,1,mañana
1,15,0,mañana
1,18,1,mañana
1,5,0,mañana
1,44,1,mañana
1,9,0,mañana
1,16,1,mañana
1,3,0,mañana
1,2,0,mañana
1,13,0,mañana
1,15,0,mañana
1,7,0,mañana
1,10,0,mañana
1,4,0,mañana
1,2,0,mañana
0,106,1,mañana
0,76,1,mañana
0,0,0,mañana
0,3,0,mañana
1,23,1,mañana
1,101,1,mañana
1,38,1,mañana
1,13,0,mañana
0,9,0,mañana
0,20,1,mañana
0,0,0,mañana
0,3,0,mañana
0,154,1,mañana
0,11,0,mañana
0,24,1,mañana
1,27,1,mañana
1,7,0,mañana
1,9,0,mañana
1,5,0,mañana
1,6,0,mañana
1,25,1,mañana
1,4,0,mañana
0,7,0,tarde
0,3,0,tarde
1,92,1,tarde
1,11,0,tarde
1,10,0,tarde
0,18,1,tarde
0,9,0,mañana
0,14,0,tarde
1,28,1,mañana
1,15,0,tarde
1,-2,0,mañana
1,33,1,tarde
1,2,0,mañana
0,22,1,mañana
0,0,0,mañana
0,6,0,mañana
0,21,1,mañana
0,2,0,mañana
0,11,0,mañana
0,18,1,mañana
0,17,1,mañana
1,4,0,mañana
1,28,1,mañana
1,1,0,mañana
1,3,0,mañana
1,3,0,mañana
1,97,1,mañana
1,30,1,mañana
1,8,0,mañana
1,2,0,mañana
0,7,0,mañana
1,106,1,mañana
1,6,0,mañana
0,8,0,mañana
1,2,0,noche
0,5,0,tarde
0,18,1,noche
0,3,0,tarde
0,6,0,noche
1,7,0,noche
1,4,0,noche
1,1,0,tarde
1,5,0,noche
0,16,1,noche
0,18,1,noche
0,15,0,noche
0,83,1,noche
0,5,0,noche
0,4,0,noche
1,35,1,noche
1,10,0,noche
1,37,1,noche
1,15,0,noche
1,13,0,noche
1,0,0,noche
1,-6,0,noche
1,59,1,mañana
0,17,1,noche
0,-2,0,noche
0,10,0,mañana
0,15,0,tarde
0,-3,0,tarde
0,14,0,tarde
0,9,0,tarde
0,0,0,tarde
0,126,1,tarde
0,10,0,tarde
0,16,1,tarde
0,16,1,tarde
0,70,1,tarde
0,7,0,tarde
0,4,0,tarde
0,1,0,tarde
1,5,0,tarde
1,6,0,tarde
1,9,0,tarde
1,2,0,tarde
1,-1,0,tarde
1,-1,0,tarde
1,-2,0,tarde
1,7,0,tarde
1,8,0,tarde
1,-5,0,tarde
1,24,1,tarde
1,9,0,tarde
1,9,0,tarde
1,15,0,tarde
1,50,1,noche
1,8,0,tarde
1,8,0,tarde
0,-7,0,tarde
0,0,0,tarde
0,9,0,tarde
1,13,0,tarde
1,-7,0,tarde
1,20,1,tarde
1,25,1,tarde
1,6,0,tarde
0,20,1,tarde
0,15,0,tarde
0,4,0,tarde
0,1,0,tarde
1,-1,0,tarde
1,7,0,tarde
1,-3,0,tarde
1,10,0,tarde
0,31,1,noche
0,0,0,noche
0,0,0,noche
0,16,1,noche
0,10,0,noche
0,7,0,noche
0,22,1,noche
0,31,1,noche
0,20,1,noche
0,16,1,noche
0,49,1,noche
0,87,1,noche
0,1,0,noche
0,2,0,noche
1,10,0,noche
1,14,0,noche
1,21,1,noche
1,5,0,noche
1,1,0,noche
1,-4,0,noche
1,-3,0,noche
1,15,0,noche
1,56,1,noche
1,52,1,noche
1,8,0,noche
1,10,0,noche
1,18,1,noche
1,27,1,noche
1,15,0,noche
1,15,0,noche
0,-4,0,noche
0,13,0,noche
0,13,0,mañana
0,9,0,mañana
0,2,0,noche
0,4,0,noche
0,5,0,noche
0,4,0,mañana
0,30,1,noche
0,54,1,mañana
0,11,0,mañana
0,17,1,noche
0,18,1,noche
0,4,0,mañana
1,61,1,mañana
1,19,1,noche
1,-5,0,mañana
1,30,1,mañana
1,10,0,noche
1,29,1,noche
1,4,0,mañana
1,8,0,noche
1,4,0,mañana
1,19,1,noche
1,2,0,noche
1,-2,0,noche
1,0,0,noche
1,132,1,noche
1,-3,0,mañana
1,0,0,noche
0,15,0,noche
0,10,0,noche
0,2,0,noche
0,16,1,noche
1,86,1,noche
1,35,1,noche
1,3,0,noche
1,0,0,noche
1,0,0,noche
0,97,1,tarde
1,8,0,tarde
1,30,1,tarde
0,1,0,mañana
0,20,1,mañana
0,8,0,mañana
0,85,1,mañana
0,2,0,mañana
0,21,1,mañana
0,12,0,mañana
0,10,0,mañana
0,3,0,mañana
0,22,1,mañana
0,88,1,mañana
0,3,0,mañana
0,4,0,mañana
0,45,1,mañana
1,87,1,mañana
1,13,0,mañana
1,2,0,mañana
1,12,0,mañana
1,4,0,mañana
1,14,0,mañana
1,16,1,mañana
1,43,1,mañana
1,98,1,mañana
1,14,0,mañana
1,55,1,mañana
1,24,1,mañana
1,25,1,mañana
1,15,0,mañana
0,9,0,tarde
0,9,0,tarde
0,11,0,tarde
0,0,0,tarde
0,14,0,tarde
0,9,0,tarde
0,-4,0,tarde
0,19,1,tarde
0,9,0,tarde
0,27,1,tarde
0,49,1,tarde
0,20,1,tarde
0,24,1,tarde
1,18,1,tarde
1,16,1,tarde
1,41,1,tarde
1,31,1,tarde
1,17,1,tarde
1,5,0,tarde
1,7,0,tarde
1,13,0,tarde
1,9,0,tarde
1,11,0,tarde
1,26,1,tarde
1,22,1,tarde
1,1,0,tarde
1,26,1,tarde
1,28,1,tarde
1,12,0,tarde
1,30,1,noche
0,5,0,noche
0,15,0,mañana
0,125,1,tarde
0,2,0,mañana
0,1,0,mañana
1,58,1,tarde
0,13,0,tarde
0,74,1,mañana
1,0,0,tarde
0,8,0,noche
1,63,1,tarde
1,1,0,noche
0,20,1,noche
0,2,0,mañana
0,66,1,mañana
0,15,0,noche
0,2,0,noche
1,60,1,mañana
0,5,0,noche
0,8,0,mañana
0,3,0,mañana
0,18,1,mañana
0,50,1,mañana
0,15,0,mañana
0,-6,0,mañana
0,48,1,mañana
1,1,0,mañana
1,0,0,mañana
1,4,0,mañana
1,-1,0,mañana
1,8,0,mañana
1,119,1,mañana
1,8,0,mañana
1,25,1,mañana
1,10,0,mañana
0,6,0,tarde
0,0,0,tarde
0,3,0,tarde
0,38,1,tarde
0,-1,0,tarde
0,28,1,tarde
0,47,1,tarde
0,6,0,tarde
1,-3,0,tarde
1,-4,0,tarde
1,3,0,tarde
1,3,0,tarde
1,-1,0,tarde
1,0,0,tarde
1,1,0,tarde
1,9,0,tarde
0,1,0,mañana
0,7,0,mañana
0,25,1,mañana
0,5,0,mañana
0,14,0,mañana
0,30,1,mañana
0,8,0,mañana
1,-4,0,mañana
1,0,0,mañana
1,3,0,mañana
1,-5,0,mañana
1,23,1,mañana
1,30,1,mañana
1,8,0,mañana
1,0,0,mañana
1,-6,0,mañana
0,-6,0,tarde
0,5,0,tarde
0,10,0,tarde
0,-4,0,tarde
0,-1,0,tarde
0,-13,0,tarde
0,26,1,tarde
0,-1,0,tarde
1,7,0,tarde
1,-5,0,tarde
1,-4,0,tarde
1,1,0,tarde
1,2,0,tarde
1,18,1,tarde
1,-1,0,tarde
1,6,0,tarde
0,6,0,mañana
0,6,0,mañana
0,7,0,mañana
0,72,1,mañana
0,68,1,mañana
0,58,1,mañana
0,40,1,mañana
0,2,0,mañana
0,87,1,mañana
1,24,1,mañana
1,10,0,mañana
1,33,1,mañana
1,0,0,mañana
1,19,1,mañana
1,8,0,mañana
1,131,1,mañana
1,75,1,mañana
0,35,1,tarde
0,16,1,tarde
0,-3,0,noche
0,19,1,noche
0,2,0,noche
1,4,0,tarde
1,22,1,noche
1,0,0,noche
1,39,1,noche
1,-9,0,tarde
1,105,1,noche
1,7,0,noche
1,-4,0,tarde
1,7,0,noche
0,10,0,tarde
0,-4,0,tarde
0,5,0,tarde
0,30,1,mañana
0,3,0,tarde
0,0,0,tarde
0,0,0,tarde
0,19,1,tarde
0,-1,0,tarde
1,12,0,tarde
1,42,1,tarde
1,-12,0,tarde
0,14,0,noche
0,5,0,noche
0,10,0,noche
0,0,0,noche
0,79,1,noche
0,74,1,noche
0,15,0,noche
0,39,1,noche
0,17,1,noche
0,49,1,noche
0,6,0,noche
0,19,1,noche
1,6,0,noche
1,60,1,noche
1,52,1,noche
1,58,1,noche
1,57,1,noche
1,65,1,noche
1,37,1,noche
1,95,1,noche
1,72,1,noche
1,50,1,noche
1,5,0,noche
1,49,1,noche
0,-3,0,mañana
0,11,0,mañana
1,5,0,mañana
1,-2,0,mañana
1,-3,0,mañana
0,3,0,noche
0,0,0,noche
0,22,1,noche
0,6,0,noche
1,3,0,noche
1,-10,0,noche
1,11,0,noche
1,132,1,noche
1,6,0,noche
1,-8,0,noche
0,-1,0,noche
0,22,1,noche
0,5,0,noche
0,76,1,noche
0,3,0,noche
0,11,0,noche
0,-2,0,noche
0,-6,0,noche
0,86,1,noche
0,13,0,noche
0,4,0,noche
0,-2,0,noche
1,3,0,noche
1,-5,0,noche
1,0,0,noche
1,-1,0,noche
1,-11,0,noche
1,-6,0,noche
1,-9,0,noche
1,44,1,noche
1,9,0,noche
1,122,1,noche
1,8,0,noche
1,21,1,noche
1,4,0,noche
0,-4,0,mañana
0,22,1,mañana
0,21,1,mañana
0,11,0,mañana
0,18,1,mañana
0,-11,0,mañana
1,35,1,mañana
1,15,0,mañana
1,2,0,mañana
1,38,1,mañana
1,-6,0,mañana
1,-1,0,mañana
1,3,0,mañana
1,130,1,tarde
1,1,0,noche
0,18,1,mañana
0,7,0,mañana
0,17,1,mañana
1,58,1,mañana
1,18,1,mañana
0,0,0,tarde
0,14,0,tarde
0,12,0,tarde
0,-1,0,tarde
1,-4,0,tarde
1,-2,0,tarde
1,42,1,tarde
1,4,0,tarde
1,123,1,tarde
1,34,1,tarde
1,36,1,mañana
1,5,0,mañana
1,18,1,mañana
1,18,1,mañana
1,-1,0,mañana
1,2,0,mañana
1,16,1,tarde
1,10,0,tarde
1,3,0,tarde
1,8,0,tarde
1,41,1,mañana
1,10,0,mañana
0,-3,0,noche
0,-5,0,noche
0,-8,0,noche
0,-4,0,noche
0,-7,0,noche
0,-3,0,noche
0,-3,0,noche
0,-10,0,noche
0,48,1,noche
0,0,0,noche
0,5,0,noche
0,-4,0,noche
0,7,0,noche
0,0,0,noche
0,0,0,noche
0,-4,0,noche
0,-3,0,noche
0,-6,0,noche
0,-9,0,noche
0,-1,0,noche
0,-9,0,noche
0,-9,0,noche
0,-4,0,noche
0,-6,0,noche
0,-2,0,noche
0,-7,0,noche
0,-13,0,noche
0,0,0,noche
0,-2,0,noche
0,20,1,noche
0,-10,0,noche
0,-5,0,noche
0,-8,0,noche
0,-6,0,noche
0,-6,0,noche
0,-7,0,noche
0,-6,0,noche
0,3,0,noche
0,6,0,noche
0,0,0,noche
0,4,0,noche
0,-5,0,noche
0,-10,0,noche
0,0,0,noche
0,25,1,noche
0,27,1,noche
0,0,0,noche
0,-8,0,noche
0,0,0,noche
0,-3,0,noche
0,-11,0,noche
0,-8,0,noche
0,1,0,noche
0,-11,0,noche
0,1,0,noche
0,-12,0,noche
0,-4,0,noche
0,-1,0,noche
0,-4,0,noche
0,-2,0,noche
0,148,1,mañana
0,40,1,mañana
0,39,1,mañana
0,28,1,mañana
0,130,1,mañana
0,28,1,mañana
0,44,1,mañana
0,62,1,mañana
0,31,1,mañana
0,9,0,mañana
0,97,1,mañana
0,0,0,mañana
0,6,0,mañana
0,22,1,mañana
0,13,0,mañana
0,0,0,mañana
0,22,1,mañana
0,35,1,mañana
0,57,1,mañana
0,-3,0,mañana
0,27,1,mañana
0,0,0,mañana
0,-11,0,mañana
0,-11,0,mañana
0,41,1,mañana
0,-2,0,mañana
0,73,1,tarde
0,-3,0,tarde
0,1,0,tarde
0,0,0,tarde
0,72,1,tarde
0,10,0,tarde
0,8,0,tarde
0,6,0,tarde
0,0,0,tarde
0,-8,0,tarde
0,20,1,noche
0,0,0,noche
0,-3,0,noche
0,34,1,noche
0,117,1,noche
0,-1,0,noche
0,-11,0,noche
0,-4,0,noche
0,16,1,noche
0,-3,0,noche
0,6,0,noche
0,3,0,noche
0,9,0,noche
0,6,0,noche
0,8,0,noche
0,5,0,noche
0,6,0,tarde
0,31,1,tarde
0,-2,0,tarde
0,2,0,tarde
0,-5,0,tarde
0,-5,0,tarde
0,-2,0,tarde
0,-6,0,tarde
0,1,0,tarde
0,35,1,tarde
0,16,1,tarde
0,-8,0,tarde
0,0,0,tarde
0,1,0,tarde
0,-7,0,tarde
0,-13,0,tarde
0,8,0,tarde
0,5,0,tarde
0,-1,0,tarde
0,-4,0,tarde
0,3,0,tarde
0,-1,0,tarde
0,1,0,tarde
0,-1,0,tarde
0,8,0,tarde
0,-4,0,tarde
0,1,0,tarde
0,-9,0,tarde
0,-2,0,tarde
0,13,0,tarde
0,-12,0,tarde
0,-2,0,noche
0,-10,0,noche
0,-7,0,noche
0,-3,0,noche
0,0,0,noche
0,0,0,noche
0,-4,0,noche
0,6,0,noche
0,-1,0,noche
0,-2,0,noche
0,-3,0,noche
0,-8,0,noche
0,5,0,noche
0,2,0,noche
0,-5,0,noche
0,-13,0,noche
0,-5,0,noche
0,-1,0,noche
0,-4,0,noche
0,0,0,noche
0,-8,0,noche
0,-7,0,noche
0,-7,0,noche
0,-11,0,noche
0,-4,0,noche
0,-6,0,noche
0,-8,0,noche
0,-4,0,noche
0,4,0,noche
0,-9,0,noche
0,18,1,noche
0,-2,0,mañana
0,-1,0,mañana
0,-11,0,mañana
0,30,1,mañana
0,10,0,mañana
0,8,0,mañana
0,-7,0,mañana
0,-3,0,mañana
0,50,1,mañana
0,88,1,mañana
0,13,0,mañana
0,60,1,mañana
0,18,1,mañana
0,13,0,mañana
0,62,1,mañana
0,-4,0,mañana
0,18,1,mañana
0,29,1,mañana
0,47,1,mañana
0,-7,0,mañana
0,-2,0,mañana
0,-10,0,mañana
0,38,1,mañana
0,94,1,mañana
0,-1,0,mañana
0,43,1,mañana
0,2,0,mañana
0,-4,0,mañana
0,9,0,mañana
0,-2,0,mañana
0,33,1,mañana
0,15,0,mañana
0,-2,0,mañana
0,20,1,mañana
0,22,1,mañana
0,23,1,mañana
0,-8,0,mañana
0,-3,0,mañana
0,-3,0,mañana
0,1,0,mañana
0,-1,0,mañana
0,11,0,mañana
0,-1,0,mañana
0,-2,0,mañana
0,-6,0,mañana
0,-9,0,mañana
0,53,1,mañana
0,28,1,mañana
0,14,0,mañana
0,13,0,mañana
0,12,0,mañana
0,-7,0,mañana
0,1,0,mañana
0,-8,0,mañana
0,0,0,mañana
0,-3,0,mañana
0,18,1,mañana
0,1,0,mañana
0,1,0,mañana
0,3,0,mañana
0,33,1,mañana
0,4,0,tarde
0,41,1,tarde
0,27,1,tarde
0,5,0,tarde
0,145,1,tarde
0,2,0,tarde
0,15,0,tarde
0,-8,0,tarde
0,22,1,tarde
0,47,1,tarde
0,84,1,tarde
0,2,0,tarde
0,8,0,tarde
0,4,0,tarde
0,-9,0,tarde
0,8,0,tarde
0,28,1,tarde
0,6,0,tarde
0,24,1,tarde
0,-10,0,tarde
0,48,1,tarde
0,37,1,tarde
0,21,1,tarde
0,75,1,tarde
0,28,1,tarde
0,6,0,tarde
0,14,0,tarde
0,53,1,tarde
0,61,1,tarde
0,2,0,tarde
0,37,1,tarde
0,-12,0,tarde
0,6,0,tarde
0,30,1,tarde
0,49,1,tarde
0,-2,0,tarde
0,-6,0,tarde
0,5,0,tarde
0,-3,0,tarde
0,30,1,tarde
0,0,0,tarde
0,-12,0,noche
0,4,0,noche
0,-1,0,noche
0,-2,0,noche
0,15,0,noche
0,-9,0,noche
0,-7,0,noche
0,3,0,noche
0,15,0,noche
0,4,0,noche
0,-3,0,noche
0,21,1,noche
0,4,0,noche
0,1,0,noche
0,-7,0,noche
0,7,0,noche
0,-8,0,noche
0,16,1,mañana
0,5,0,mañana
0,-7,0,mañana
0,-1,0,mañana
0,0,0,mañana
0,12,0,mañana
0,-3,0,mañana
0,0,0,mañana
0,-11,0,mañana
0,-1,0,mañana
0,0,0,mañana
0,-9,0,mañana
0,2,0,mañana
0,-10,0,mañana
0,0,0,mañana
0,3,0,mañana
0,17,1,mañana
0,-2,0,mañana
0,14,0,mañana
0,-4,0,mañana
0,0,0,mañana
0,12,0,mañana
0,7,0,mañana
0,0,0,mañana
0,-7,0,mañana
0,4,0,mañana
0,17,1,mañana
0,3,0,mañana
0,16,1,mañana
0,0,0,mañana
0,-12,0,noche
0,1,0,noche
0,13,0,noche
0,11,0,noche
0,72,1,noche
0,14,0,noche
0,7,0,noche
0,0,0,noche
0,21,1,noche
0,22,1,noche
0,13,0,noche
0,14,0,noche
0,35,1,noche
0,4,0,noche
0,154,1,noche
0,54,1,noche
0,0,0,noche
0,30,1,noche
0,5,0,noche
0,21,1,noche
0,19,1,noche
0,27,1,noche
0,22,1,noche
0,14,0,noche
0,15,0,noche
0,26,1,noche
0,26,1,noche
0,20,1,tarde
0,5,0,tarde
0,21,1,noche
0,-4,0,noche
0,3,0,noche
0,15,0,noche
0,9,0,mañana
0,1,0,mañana
0,3,0,mañana
0,36,1,mañana
0,1,0,mañana
0,2,0,mañana
0,66,1,mañana
0,25,1,mañana
0,36,1,mañana
0,28,1,mañana
0,8,0,mañana
0,12,0,mañana
0,-3,0,mañana
0,7,0,mañana
0,54,1,mañana
0,44,1,mañana
0,130,1,mañana
0,128,1,mañana
0,3,0,mañana
0,4,0,mañana
0,0,0,mañana
0,2,0,mañana
0,78,1,mañana
0,-3,0,mañana
0,-2,0,mañana
0,57,1,tarde
0,29,1,tarde
0,15,0,tarde
0,14,0,tarde
0,0,0,tarde
0,0,0,tarde
0,5,0,tarde
0,6,0,tarde
0,75,1,tarde
0,16,1,tarde
0,16,1,tarde
0,63,1,tarde
0,7,0,tarde
0,0,0,tarde
0,4,0,tarde
0,34,1,tarde
0,24,1,tarde
0,19,1,tarde
0,18,1,tarde
0,45,1,tarde
0,39,1,tarde
0,31,1,tarde
0,41,1,tarde
0,11,0,tarde
0,23,1,tarde
0,11,0,tarde
0,107,1,tarde
0,57,1,tarde
0,0,0,tarde
0,28,1,tarde
0,39,1,tarde
0,-13,0,noche
0,2,0,noche
0,-9,0,noche
0,-6,0,noche
0,-11,0,noche
0,-7,0,noche
0,-14,0,noche
0,-11,0,noche
0,0,0,noche
0,0,0,noche
0,-9,0,noche
0,0,0,noche
0,1,0,noche
0,3,0,noche
0,-11,0,noche
0,158,1,noche
0,-4,0,noche
0,-8,0,noche
0,3,0,noche
0,-2,0,noche
0,-3,0,noche
0,-10,0,noche
0,-2,0,noche
0,-11,0,noche
0,13,0,mañana
0,4,0,mañana
0,6,0,mañana
0,-7,0,mañana
0,1,0,mañana
0,9,0,mañana
0,78,1,mañana
0,27,1,mañana
0,14,0,mañana
0,10,0,mañana
0,-6,0,mañana
0,-3,0,mañana
0,1,0,mañana
0,37,1,mañana
0,-10,0,mañana
0,0,0,mañana
0,-8,0,mañana
0,0,0,mañana
0,3,0,mañana
0,11,0,mañana
0,4,0,mañana
0,17,1,mañana
0,16,1,tarde
0,11,0,tarde
0,1,0,tarde
0,12,0,tarde
0,0,0,tarde
0,60,1,tarde
0,9,0,tarde
0,-5,0,tarde
0,3,0,tarde
0,2,0,tarde
0,1,0,tarde
0,-4,0,tarde
0,1,0,tarde
0,-2,0,tarde
0,0,0,tarde
0,0,0,tarde
0,-2,0,tarde
0,-3,0,tarde
0,4,0,noche
0,1,0,noche
0,-6,0,noche
0,-11,0,noche
0,4,0,noche
0,3,0,noche
0,-5,0,noche
0,-5,0,noche
0,-13,0,noche
0,-9,0,noche
0,-9,0,noche
0,-5,0,noche
0,19,1,mañana
0,-9,0,mañana
0,79,1,mañana
0,-3,0,mañana
0,0,0,mañana
0,2,0,mañana
0,-6,0,mañana
0,-4,0,mañana
0,-6,0,mañana
0,-3,0,mañana
0,-7,0,mañana
0,-6,0,mañana
0,-8,0,mañana
0,-1,0,mañana
0,8,0,mañana
0,0,0,mañana
0,0,0,mañana
0,-6,0,mañana
0,-1,0,mañana
0,-7,0,mañana
0,16,1,mañana
0,-4,0,mañana
0,6,0,mañana
0,4,0,mañana
0,1,0,mañana
0,-2,0,mañana
0,1,0,mañana
0,-12,0,mañana
0,4,0,mañana
0,-2,0,mañana
0,5,0,mañana
0,-13,0,tarde
0,0,0,tarde
0,-10,0,tarde
0,-2,0,tarde
0,-9,0,tarde
0,-4,0,tarde
0,2,0,tarde
0,-9,0,tarde
0,-2,0,tarde
0,1,0,tarde
0,1,0,tarde
0,28,1,tarde
0,-2,0,tarde
0,-4,0,tarde
0,10,0,tarde
0,0,0,tarde
0,-9,0,tarde
0,-14,0,tarde
0,-4,0,noche
0,13,0,noche
0,-1,0,noche
0,7,0,noche
0,-1,0,noche
0,2,0,noche
0,-1,0,noche
0,-4,0,noche
0,-1,0,noche
0,3,0,noche
0,-1,0,noche
0,9,0,noche
0,-8,0,noche
0,0,0,noche
0,49,1,noche
0,24,1,noche
0,-1,0,noche
0,1,0,noche
0,5,0,noche
0,-5,0,noche
0,-1,0,noche
0,0,0,noche
0,2,0,noche
0,-10,0,noche
0,-6,0,noche
0,-5,0,noche
0,-6,0,noche
0,8,0,noche
0,-10,0,noche
0,5,0,noche
0,-6,0,noche
0,4,0,mañana
0,6,0,mañana
0,-1,0,mañana
0,5,0,mañana
0,-8,0,mañana
0,-8,0,mañana
0,1,0,mañana
0,2,0,mañana
0,-4,0,mañana
0,35,1,mañana
0,-6,0,mañana
0,4,0,mañana
0,65,1,mañana
0,1,0,noche
0,-4,0,noche
0,-7,0,noche
0,-5,0,noche
0,-3,0,noche
0,-4,0,noche
0,-14,0,noche
0,-6,0,noche
0,-5,0,noche
0,-5,0,noche
0,0,0,noche
0,4,0,noche
0,-6,0,noche
0,-3,0,noche
0,-6,0,noche
0,44,1,noche
0,6,0,noche
0,-6,0,noche
0,0,0,noche
0,27,1,noche
0,-10,0,noche
0,-1,0,noche
0,-6,0,noche
0,29,1,noche
0,2,0,noche
0,-6,0,noche
0,-2,0,noche
0,4,0,noche
0,-8,0,noche
0,-5,0,noche
0,-11,0,noche
0,-11,0,noche
0,5,0,noche
0,-5,0,noche
0,-1,0,noche
0,4,0,noche
0,10,0,noche
0,-8,0,noche
0,-8,0,noche
0,10,0,noche
0,3,0,noche
0,9,0,noche
0,-1,0,noche
0,6,0,noche
0,-1,0,noche
0,119,1,noche
0,19,1,noche
0,21,1,noche
0,-7,0,noche
0,18,1,noche
0,8,0,noche
0,35,1,noche
0,6,0,noche
0,-3,0,noche
0,-1,0,noche
0,5,0,noche
0,0,0,noche
0,-11,0,noche
0,26,1,noche
0,-3,0,noche
0,-6,0,noche
0,9,0,noche
0,-2,0,noche
0,-2,0,noche
0,1,0,noche
0,1,0,noche
0,-4,0,noche
0,2,0,noche
0,-8,0,noche
0,-6,0,noche
0,8,0,noche
0,0,0,noche
0,0,0,noche
0,-6,0,noche
0,3,0,noche
0,0,0,noche
0,4,0,noche
0,-6,0,noche
0,1,0,noche
0,-5,0,noche
0,-3,0,noche
0,4,0,noche
0,2,0,noche
0,-8,0,noche
0,-2,0,noche
0,-2,0,noche
0,-8,0,noche
0,-5,0,noche
0,0,0,noche
0,24,1,noche
0,0,0,noche
0,-4,0,noche
0,7,0,noche
0,-11,0,mañana
0,-4,0,mañana
0,-12,0,mañana
0,-9,0,mañana
0,-8,0,mañana
0,0,0,mañana
0,-10,0,mañana
0,-11,0,mañana
0,-12,0,mañana
0,49,1,mañana
0,-2,0,mañana
0,0,0,mañana
0,-9,0,mañana
0,-10,0,mañana
0,2,0,mañana
0,-7,0,mañana
0,-4,0,mañana
0,-8,0,mañana
0,1,0,mañana
0,-4,0,mañana
0,-12,0,mañana
0,0,0,mañana
0,-8,0,mañana
0,-6,0,mañana
0,1,0,mañana
0,-5,0,mañana
0,65,1,tarde
0,31,1,tarde
0,30,1,tarde
0,51,1,tarde
0,45,1,tarde
0,31,1,tarde
0,35,1,tarde
0,37,1,tarde
0,20,1,tarde
0,21,1,tarde
0,29,1,tarde
0,36,1,tarde
0,48,1,tarde
0,10,0,tarde
0,104,1,tarde
0,45,1,tarde
0,88,1,tarde
0,35,1,tarde
0,35,1,tarde
0,29,1,tarde
0,78,1,tarde
0,7,0,tarde
0,28,1,tarde
0,24,1,tarde
0,33,1,tarde
0,22,1,tarde
0,64,1,tarde
0,29,1,tarde
0,24,1,tarde
0,47,1,tarde
0,-2,0,tarde
0,-1,0,tarde
0,-6,0,tarde
0,-1,0,tarde
0,-3,0,tarde
0,21,1,tarde
0,-8,0,tarde
0,-6,0,tarde
0,-8,0,tarde
0,-10,0,tarde
0,-2,0,tarde
0,0,0,tarde
0,-3,0,tarde
0,-5,0,tarde
0,-5,0,tarde
0,0,0,tarde
0,-12,0,tarde
0,30,1,noche
0,58,1,noche
0,33,1,noche
0,-3,0,mañana
0,-4,0,mañana
0,8,0,mañana
0,6,0,mañana
0,-2,0,mañana
0,15,0,mañana
0,-3,0,mañana
0,-10,0,mañana
0,2,0,mañana
0,6,0,mañana
0,11,0,mañana
0,5,0,mañana
0,-5,0,tarde
0,0,0,tarde
0,-9,0,tarde
0,-10,0,tarde
0,23,1,tarde
0,6,0,tarde
0,-9,0,tarde
0,-9,0,tarde
0,18,1,tarde
0,-2,0,tarde
0,1,0,tarde
0,10,0,tarde
0,4,0,tarde
0,-3,0,tarde
0,-9,0,tarde
0,-3,0,tarde
0,-6,0,tarde
0,3,0,tarde
0,2,0,tarde
0,-7,0,mañana
0,-8,0,mañana
0,-2,0,mañana
0,2,0,mañana
0,7,0,mañana
0,-1,0,mañana
0,-3,0,mañana
0,6,0,mañana
0,-5,0,mañana
0,9,0,mañana
0,-13,0,mañana
0,-12,0,mañana
0,0,0,mañana
0,-3,0,mañana
0,10,0,mañana
0,-10,0,mañana
0,-7,0,mañana
0,2,0,mañana
0,-5,0,mañana
0,-11,0,mañana
0,40,1,mañana
0,2,0,mañana
0,-6,0,mañana
0,0,0,mañana
0,1,0,mañana
0,-4,0,mañana
0,4,0,mañana
0,-5,0,mañana
0,4,0,mañana
0,-6,0,mañana
0,120,1,mañana
0,20,1,mañana
0,-6,0,mañana
0,-8,0,mañana
0,1,0,mañana
0,-7,0,mañana
0,116,1,tarde
0,21,1,mañana
0,-8,0,mañana
0,-5,0,mañana
0,-7,0,mañana
0,-4,0,mañana
0,-4,0,mañana
0,-6,0,mañana
0,-2,0,mañana
0,4,0,mañana
0,-3,0,mañana
0,1,0,mañana
0,21,1,mañana
0,-2,0,mañana
0,1,0,mañana
0,75,1,noche
0,35,1,noche
0,40,1,noche
0,40,1,noche
0,23,1,noche
0,19,1,noche
0,10,0,noche
0,9,0,noche
0,6,0,noche
0,22,1,noche
0,20,1,noche
0,95,1,noche
0,14,0,tarde
0,10,0,tarde
0,26,1,tarde
0,54,1,tarde
0,32,1,tarde
0,3,0,tarde
0,35,1,tarde
0,8,0,tarde
0,3,0,tarde
0,7,0,tarde
0,26,1,tarde
0,8,0,tarde
0,1,0,tarde
0,8,0,tarde
0,6,0,tarde
0,23,1,tarde
0,-11,0,noche
0,-2,0,noche
0,-12,0,noche
0,-10,0,noche
0,-7,0,noche
0,-2,0,noche
0,-3,0,noche
0,4,0,noche
0,-3,0,noche
0,40,1,noche
0,2,0,noche
0,-10,0,noche
0,1,0,noche
0,0,0,noche
0,-10,0,noche
0,-14,0,noche
0,-5,0,noche
0,18,1,noche
0,36,1,noche
0,-4,0,noche
0,-13,0,noche
0,6,0,noche
0,-7,0,noche
0,0,0,noche
0,0,0,noche
0,13,0,tarde
0,0,0,tarde
0,-2,0,tarde
0,110,1,tarde
0,5,0,tarde
0,6,0,tarde
0,18,1,tarde
0,6,0,tarde
0,1,0,tarde
0,120,1,tarde
0,-2,0,tarde
0,0,0,tarde
0,60,1,tarde
0,9,0,tarde
0,0,0,tarde
0,0,0,tarde
0,1,0,tarde
0,2,0,tarde
0,3,0,tarde
0,4,0,tarde
0,11,0,tarde
0,1,0,tarde
0,-4,0,tarde
0,-3,0,tarde
0,-5,0,tarde
0,43,1,noche
0,-11,0,noche
0,2,0,noche
0,-1,0,noche
0,3,0,noche
0,25,1,noche
0,14,0,noche
0,0,0,noche
0,-1,0,noche
0,0,0,noche
0,2,0,noche
0,0,0,noche
0,10,0,noche
0,2,0,noche
0,-5,0,noche
0,6,0,noche
0,0,0,noche
0,8,0,noche
0,-10,0,noche
0,3,0,noche
0,5,0,noche
0,-4,0,noche
0,-7,0,noche
0,-7,0,noche
0,-4,0,noche
0,21,1,tarde
0,53,1,tarde
0,6,0,tarde
0,0,0,tarde
0,2,0,tarde
0,2,0,tarde
0,2,0,tarde
0,27,1,tarde
0,8,0,tarde
0,9,0,tarde
0,5,0,tarde
0,44,1,tarde
0,3,0,tarde
0,-1,0,tarde
0,-2,0,tarde
0,4,0,tarde
0,10,0,tarde
0,7,0,tarde
0,7,0,tarde
0,-2,0,tarde
0,6,0,tarde
0,5,0,tarde
0,-5,0,tarde
0,3,0,tarde
0,2,0,tarde
0,26,1,mañana
0,13,0,mañana
0,22,1,mañana
0,5,0,mañana
0,8,0,mañana
0,-4,0,mañana
0,18,1,mañana
0,24,1,tarde
0,-2,0,tarde
0,-3,0,tarde
0,2,0,tarde
0,11,0,tarde
0,22,1,tarde
0,19,1,tarde
0,3,0,tarde
0,62,1,tarde
0,8,0,tarde
0,7,0,tarde
0,-2,0,tarde
0,21,1,tarde
0,10,0,tarde
0,-2,0,tarde
0,37,1,tarde
0,2,0,tarde
0,3,0,tarde
0,32,1,tarde
0,8,0,tarde
0,6,0,tarde
0,0,0,tarde
0,19,1,tarde
0,14,0,tarde
0,0,0,tarde
0,4,0,tarde
0,15,0,tarde
0,-5,0,tarde
0,13,0,tarde
0,19,1,tarde
0,8,0,tarde
0,9,0,tarde
0,20,1,tarde
0,17,1,tarde
0,8,0,tarde
0,11,0,tarde
0,-3,0,tarde
0,10,0,tarde
0,-5,0,tarde
0,9,0,tarde
0,7,0,tarde
0,1,0,noche
0,11,0,noche
0,2,0,noche
0,3,0,noche
0,4,0,noche
0,2,0,noche
0,14,0,noche
0,8,0,noche
0,15,0,noche
0,108,1,noche
0,-3,0,noche
0,14,0,noche
0,13,0,mañana
0,35,1,mañana
0,0,0,mañana
0,18,1,mañana
0,2,0,mañana
0,8,0,mañana
0,14,0,mañana
0,7,0,mañana
0,4,0,mañana
0,5,0,mañana
0,1,0,mañana
0,24,1,mañana
0,4,0,mañana
0,6,0,mañana
0,3,0,mañana
0,-2,0,mañana
0,5,0,mañana
0,109,1,mañana
0,5,0,mañana
0,14,0,tarde
0,55,1,tarde
0,4,0,tarde
0,12,0,tarde
0,17,1,tarde
0,27,1,tarde
0,2,0,tarde
0,19,1,tarde
0,15,0,tarde
0,13,0,tarde
0,90,1,tarde
0,15,0,tarde
0,21,1,noche
0,35,1,noche
0,0,0,noche
0,31,1,noche
0,13,0,noche
0,130,1,noche
0,1,0,noche
0,8,0,noche
0,56,1,noche
0,46,1,noche
0,12,0,noche
0,25,1,noche
0,23,1,noche
0,7,0,noche
0,-4,0,noche
0,29,1,noche
0,-4,0,noche
0,17,1,noche
0,33,1,noche
0,12,0,mañana
0,21,1,mañana
0,3,0,mañana
0,3,0,mañana
0,21,1,mañana
0,13,0,mañana
0,5,0,mañana
0,6,0,mañana
0,13,0,mañana
0,6,0,mañana
0,47,1,mañana
0,18,1,mañana
0,7,0,mañana
0,-2,0,mañana
0,9,0,mañana
0,75,1,mañana
0,15,0,mañana
0,24,1,mañana
0,-1,0,mañana
0,4,0,mañana
0,-1,0,mañana
0,30,1,mañana
0,4,0,mañana
0,8,0,tarde
0,6,0,tarde
0,76,1,tarde
0,12,0,tarde
0,10,0,tarde
0,9,0,tarde
0,9,0,tarde
0,12,0,tarde
0,7,0,tarde
0,10,0,tarde
0,0,0,tarde
0,16,1,tarde
0,-1,0,tarde
0,11,0,tarde
0,8,0,tarde
0,7,0,tarde
0,17,1,tarde
0,-2,0,tarde
0,11,0,tarde
0,3,0,tarde
0,1,0,tarde
0,31,1,tarde
0,0,0,tarde
0,1,0,tarde
0,3,0,tarde
0,35,1,tarde
0,38,1,tarde
0,49,1,tarde
0,43,1,tarde
0,29,1,tarde
0,12,0,mañana
0,23,1,mañana
0,27,1,mañana
0,105,1,mañana
0,23,1,mañana
0,11,0,mañana
0,98,1,mañana
0,153,1,mañana
0,15,0,mañana
0,16,1,mañana
0,12,0,mañana
0,35,1,mañana
0,20,1,mañana
0,5,0,mañana
0,7,0,mañana
0,6,0,mañana
0,-1,0,mañana
0,-2,0,mañana
0,9,0,mañana
0,11,0,mañana
0,13,0,mañana
0,-2,0,mañana
0,2,0,mañana
0,3,0,mañana
0,-5,0,mañana
0,-2,0,mañana
0,3,0,mañana
0,29,1,mañana
0,8,0,mañana
0,2,0,mañana
0,37,1,tarde
0,29,1,tarde
0,19,1,tarde
0,85,1,tarde
0,30,1,tarde
0,10,0,tarde
0,18,1,tarde
0,11,0,tarde
0,9,0,tarde
0,11,0,tarde
0,16,1,tarde
0,19,1,tarde
0,41,1,tarde
0,9,0,tarde
0,42,1,tarde
0,1,0,tarde
0,77,1,tarde
0,21,1,tarde
0,23,1,tarde
0,13,0,tarde
0,15,0,tarde
0,9,0,tarde
0,55,1,tarde
0,24,1,tarde
0,28,1,tarde
0,41,1,tarde
0,-2,0,tarde
0,56,1,tarde
0,13,0,tarde
0,2,0,tarde
0,6,0,mañana
0,2,0,mañana
0,0,0,mañana
0,0,0,mañana
0,21,1,mañana
0,4,0,mañana
0,20,1,mañana
0,17,1,mañana
0,-4,0,mañana
0,27,1,mañana
0,7,0,mañana
0,52,1,mañana
0,27,1,mañana
0,4,0,mañana
0,2,0,mañana
0,-1,0,mañana
0,-5,0,mañana
0,-1,0,mañana
0,-3,0,mañana
0,11,0,mañana
0,9,0,mañana
0,9,0,mañana
0,7,0,mañana
0,0,0,mañana
0,0,0,mañana
0,5,0,mañana
0,10,0,mañana
0,8,0,mañana
0,18,1,mañana
0,2,0,mañana
0,10,0,noche
0,-2,0,noche
0,-2,0,noche
0,-1,0,noche
0,8,0,noche
0,4,0,noche
0,4,0,noche
0,2,0,noche
0,8,0,noche
0,66,1,noche
0,20,1,noche
0,40,1,noche
0,1,0,noche
0,5,0,noche
0,7,0,noche
0,72,1,mañana
0,15,0,tarde
0,16,1,mañana
0,1,0,mañana
0,-1,0,mañana
0,11,0,mañana
0,-2,0,mañana
0,6,0,mañana
0,-1,0,mañana
0,-2,0,mañana
0,4,0,mañana
0,12,0,mañana
0,4,0,mañana
0,33,1,mañana
0,-3,0,mañana
0,-2,0,mañana
0,-9,0,mañana
0,10,0,mañana
0,-1,0,mañana
0,-4,0,mañana
0,1,0,mañana
0,10,0,mañana
0,-2,0,mañana
0,-2,0,mañana
0,2,0,mañana
0,7,0,mañana
0,-5,0,mañana
0,0,0,mañana
0,1,0,mañana
0,21,1,mañana
0,2,0,mañana
0,58,1,mañana
0,2,0,mañana
0,11,0,mañana
0,17,1,mañana
0,3,0,mañana
0,17,1,mañana
0,3,0,mañana
0,4,0,mañana
0,6,0,mañana
0,9,0,mañana
0,3,0,mañana
0,30,1,mañana
0,44,1,mañana
0,23,1,mañana
0,3,0,mañana
0,4,0,mañana
0,-4,0,mañana
0,1,0,mañana
0,-3,0,mañana
0,-6,0,mañana
0,0,0,mañana
0,5,0,mañana
0,-2,0,mañana
0,1,0,mañana
0,-2,0,mañana
0,1,0,mañana
0,0,0,mañana
0,4,0,mañana
0,3,0,mañana
0,-3,0,mañana
0,11,0,mañana
0,3,0,mañana
0,4,0,mañana
0,7,0,mañana
0,21,1,mañana
0,6,0,mañana
0,2,0,mañana
0,1,0,mañana
0,-1,0,mañana
0,1,0,mañana
0,8,0,mañana
0,0,0,mañana
0,3,0,mañana
0,17,1,mañana
0,10,0,mañana
0,-3,0,mañana
0,1,0,mañana
0,0,0,mañana
0,-1,0,mañana
0,3,0,mañana
0,1,0,mañana
0,4,0,mañana
0,4,0,mañana
0,1,0,mañana
0,-2,0,mañana
0,-4,0,mañana
0,0,0,mañana
0,11,0,mañana
0,1,0,mañana
0,-1,0,mañana
0,47,1,mañana
0,4,0,mañana
0,1,0,mañana
0,0,0,mañana
0,1,0,tarde
0,17,1,tarde
0,14,0,tarde
0,5,0,tarde
0,0,0,tarde
0,2,0,tarde
0,0,0,tarde
0,6,0,tarde
0,5,0,tarde
0,-6,0,tarde
0,-4,0,tarde
0,-1,0,tarde
0,1,0,tarde
0,0,0,tarde
0,21,1,tarde
0,4,0,tarde
0,-2,0,tarde
0,71,1,tarde
0,0,0,tarde
0,5,0,tarde
0,-1,0,tarde
0,-2,0,tarde
0,3,0,tarde
0,51,1,tarde
0,7,0,tarde
0,20,1,tarde
0,14,0,tarde
0,4,0,mañana
0,48,1,mañana
0,-4,0,mañana
0,-3,0,mañana
0,6,0,noche
0,-4,0,noche
0,5,0,noche
0,11,0,noche
0,9,0,noche
0,3,0,noche
0,-1,0,noche
0,9,0,noche
0,-1,0,noche
0,-1,0,noche
0,23,1,noche
0,13,0,noche
0,-3,0,noche
0,9,0,noche
0,6,0,noche
0,-1,0,noche
0,37,1,noche
0,13,0,noche
0,-1,0,noche
0,-2,0,noche
0,43,1,noche
0,3,0,noche
0,9,0,noche
0,13,0,noche
0,11,0,noche
0,-8,0,noche
0,-3,0,noche
0,32,1,noche
0,14,0,noche
0,3,0,noche
0,8,0,noche
0,7,0,mañana
0,30,1,mañana
0,30,1,tarde
0,-2,0,mañana
0,5,0,mañana
0,4,0,mañana
0,8,0,tarde
0,2,0,tarde
0,-1,0,tarde
0,13,0,tarde
0,11,0,tarde
0,7,0,tarde
0,0,0,tarde
0,1,0,tarde
0,32,1,tarde
0,3,0,tarde
0,-6,0,tarde
0,40,1,tarde
0,-2,0,tarde
0,1,0,tarde
0,-2,0,tarde
0,-2,0,tarde
0,4,0,tarde
0,53,1,tarde
0,14,0,tarde
0,0,0,tarde
0,8,0,tarde
0,1,0,tarde
0,91,1,mañana
0,7,0,tarde
0,3,0,mañana
0,-1,0,tarde
0,85,1,mañana
0,144,1,tarde
0,6,0,mañana
0,35,1,tarde
0,33,1,tarde
0,3,0,tarde
0,119,1,mañana
0,47,1,tarde
0,51,1,tarde
0,-4,0,tarde
0,52,1,mañana
0,2,0,tarde
0,0,0,tarde
0,-1,0,mañana
0,18,1,mañana
0,0,0,mañana
0,34,1,mañana
0,-1,0,mañana
0,-1,0,mañana
0,1,0,mañana
0,3,0,mañana
0,-3,0,mañana
0,-2,0,mañana
0,33,1,mañana
0,70,1,mañana
0,0,0,mañana
0,-1,0,mañana
0,5,0,mañana
0,0,0,mañana
0,-3,0,mañana
0,-1,0,mañana
0,0,0,mañana
0,-2,0,mañana
0,3,0,mañana
0,-1,0,mañana
0,0,0,mañana
0,2,0,mañana
0,-2,0,mañana
0,-3,0,mañana
0,-1,0,mañana
0,6,0,mañana
0,11,0,mañana
0,0,0,mañana
0,-6,0,mañana
0,-4,0,tarde
0,-3,0,tarde
0,2,0,tarde
0,21,1,tarde
0,2,0,tarde
0,16,1,tarde
0,110,1,tarde
0,1,0,tarde
0,1,0,tarde
0,-1,0,tarde
0,-2,0,tarde
0,6,0,tarde
0,27,1,tarde
0,-2,0,tarde
0,0,0,tarde
0,-4,0,tarde
0,2,0,tarde
0,-2,0,tarde
0,5,0,tarde
0,0,0,tarde
0,1,0,tarde
0,6,0,tarde
0,-1,0,tarde
0,9,0,tarde
0,11,0,tarde
0,4,0,tarde
0,70,1,tarde
0,3,0,tarde
0,8,0,tarde
0,-3,0,tarde
0,62,1,tarde
0,5,0,tarde
0,1,0,tarde
0,11,0,tarde
0,-2,0,tarde
0,0,0,tarde
0,7,0,tarde
0,30,1,tarde
0,-2,0,tarde
0,19,1,tarde
0,-2,0,tarde
0,2,0,tarde
0,22,1,tarde
0,12,0,tarde
0,-3,0,mañana
0,4,0,mañana
0,-4,0,mañana
0,108,1,mañana
0,0,0,mañana
0,41,1,mañana
0,1,0,mañana
0,-1,0,mañana
0,-3,0,mañana
0,13,0,mañana
0,-3,0,mañana
0,69,1,mañana
0,-2,0,mañana
0,-2,0,mañana
0,0,0,mañana
0,1,0,mañana
0,-3,0,mañana
0,0,0,mañana
0,-5,0,mañana
0,2,0,mañana
0,-1,0,mañana
0,0,0,mañana
0,-2,0,mañana
0,-1,0,mañana
0,-3,0,mañana
0,75,1,mañana
0,-1,0,mañana
0,7,0,mañana
0,-1,0,mañana
0,3,0,mañana
0,7,0,mañana
0,19,1,mañana
0,1,0,mañana
0,4,0,tarde
0,28,1,mañana
0,0,0,mañana
0,-2,0,mañana
0,20,1,mañana
0,5,0,mañana
0,4,0,mañana
0,5,0,mañana
0,0,0,mañana
0,48,1,mañana
0,1,0,mañana
0,-2,0,mañana
0,2,0,mañana
0,-6,0,mañana
0,1,0,mañana
0,3,0,mañana
0,12,0,mañana
0,-3,0,mañana
0,23,1,mañana
0,36,1,mañana
0,6,0,mañana
0,7,0,mañana
0,26,1,tarde
0,7,0,tarde
0,-2,0,tarde
0,31,1,tarde
0,15,0,tarde
0,-1,0,tarde
0,5,0,tarde
0,7,0,tarde
0,1,0,tarde
0,-6,0,tarde
0,-2,0,tarde
0,-1,0,tarde
0,0,0,tarde
0,-5,0,tarde
0,0,0,tarde
0,0,0,tarde
0,13,0,noche
0,-2,0,noche
0,11,0,noche
0,-3,0,noche
0,19,1,noche
0,4,0,noche
0,1,0,noche
0,-2,0,noche
0,141,1,noche
0,25,1,noche
0,83,1,noche
0,11,0,noche
0,-3,0,noche
0,-2,0,noche
0,-2,0,noche
0,1,0,noche
0,0,0,noche
0,6,0,noche
0,-2,0,noche
0,0,0,noche
0,20,1,noche
0,-1,0,noche
0,-2,0,noche
0,-3,0,noche
0,-4,0,noche
0,18,1,noche
0,-1,0,noche
0,-7,0,tarde
0,-7,0,tarde
0,-2,0,mañana
0,-1,0,mañana
0,-2,0,mañana
0,31,1,mañana
0,-1,0,mañana
0,-5,0,mañana
0,0,0,mañana
0,6,0,mañana
0,2,0,mañana
0,25,1,mañana
0,1,0,mañana
0,11,0,mañana
0,4,0,mañana
0,15,0,mañana
0,21,1,mañana
0,15,0,mañana
0,-1,0,mañana
0,152,1,mañana
0,2,0,mañana
0,-4,0,mañana
0,4,0,mañana
0,-2,0,mañana
0,-1,0,mañana
0,152,1,mañana
0,5,0,mañana
0,13,0,mañana
0,-1,0,mañana
0,-4,0,tarde
0,-4,0,tarde
0,-4,0,tarde
0,7,0,tarde
0,-1,0,tarde
0,7,0,tarde
0,14,0,tarde
0,-6,0,tarde
0,-2,0,tarde
0,12,0,tarde
0,-1,0,tarde
0,-6,0,tarde
0,0,0,tarde
0,0,0,tarde
0,0,0,tarde
0,-2,0,tarde
0,9,0,tarde
0,97,1,tarde
0,11,0,tarde
0,8,0,tarde
0,-1,0,tarde
0,5,0,tarde
0,1,0,tarde
0,-2,0,tarde
0,-6,0,tarde
0,-5,0,noche
0,4,0,noche
0,0,0,noche
0,8,0,mañana
0,12,0,mañana
0,1,0,mañana
0,18,1,mañana
0,7,0,tarde
0,7,0,mañana
0,4,0,mañana
0,0,0,mañana
0,-3,0,mañana
0,15,0,mañana
0,4,0,mañana
0,2,0,tarde
0,2,0,mañana
0,56,1,mañana
0,0,0,mañana
0,-2,0,mañana
0,-4,0,mañana
0,-3,0,mañana
0,-1,0,tarde
0,4,0,mañana
0,-3,0,mañana
0,-6,0,mañana
0,-5,0,mañana
0,0,0,mañana
0,4,0,tarde
0,3,0,mañana
0,8,0,mañana
0,-1,0,mañana
0,11,0,mañana
0,3,0,mañana
0,-2,0,tarde
0,-3,0,tarde
0,0,0,tarde
0,2,0,tarde
0,-3,0,tarde
0,-2,0,tarde
0,6,0,tarde
0,-3,0,tarde
0,-3,0,tarde
0,0,0,tarde
0,0,0,tarde
0,-1,0,tarde
0,-4,0,tarde
0,9,0,tarde
0,7,0,tarde
0,15,0,tarde
0,-1,0,tarde
0,32,1,tarde
0,2,0,tarde
0,10,0,tarde
0,0,0,tarde
0,120,1,tarde
0,-1,0,tarde
0,15,0,tarde
0,3,0,tarde
0,12,0,tarde
0,-11,0,tarde
0,-1,0,mañana
0,6,0,mañana
0,29,1,mañana
0,7,0,mañana
0,8,0,mañana
0,-1,0,mañana
0,-4,0,mañana
0,0,0,mañana
0,-3,0,mañana
0,-9,0,mañana
0,-14,0,mañana
0,-1,0,mañana
0,51,1,mañana
0,-2,0,mañana
0,-2,0,mañana
0,1,0,mañana
0,-2,0,mañana
0,-1,0,mañana
0,-2,0,mañana
0,-3,0,mañana
0,1,0,mañana
0,-3,0,mañana
0,15,0,mañana
0,-2,0,mañana
0,0,0,mañana
0,-2,0,mañana
0,-3,0,mañana
0,11,0,mañana
0,-3,0,mañana
0,-4,0,mañana
0,-2,0,mañana
0,7,0,mañana
0,11,0,mañana
0,26,1,mañana
0,56,1,mañana
0,-4,0,mañana
0,-4,0,mañana
0,11,0,mañana
0,2,0,mañana
0,-3,0,mañana
0,4,0,mañana
0,-1,0,mañana
0,-1,0,mañana
0,-4,0,mañana
0,-4,0,mañana
0,13,0,mañana
0,4,0,mañana
0,10,0,mañana
0,19,1,mañana
0,-5,0,mañana
0,40,1,mañana
0,-7,0,mañana
0,-6,0,mañana
0,0,0,mañana
0,0,0,mañana
0,46,1,mañana
0,22,1,mañana
0,-3,0,tarde
0,1,0,tarde
0,-4,0,tarde
0,32,1,tarde
0,-4,0,tarde
0,-3,0,tarde
0,-5,0,tarde
0,-2,0,tarde
0,64,1,tarde
0,-4,0,tarde
0,1,0,tarde
0,-4,0,tarde
0,0,0,tarde
0,-11,0,tarde
0,-2,0,tarde
0,-1,0,tarde
0,-7,0,tarde
0,-6,0,tarde
0,-1,0,tarde
0,-2,0,tarde
0,-5,0,tarde
0,0,0,tarde
0,-1,0,tarde
0,21,1,tarde
0,2,0,tarde
0,0,0,tarde
0,-3,0,tarde
0,-5,0,tarde
0,-4,0,tarde
0,-5,0,tarde
0,-3,0,tarde
0,2,0,tarde
0,-5,0,tarde
0,-6,0,tarde
0,0,0,tarde
0,-3,0,tarde
0,4,0,tarde
0,-1,0,tarde
0,8,0,tarde
0,-5,0,tarde
0,35,1,tarde
0,5,0,tarde
0,-2,0,tarde
0,1,0,tarde
0,0,0,tarde
0,14,0,tarde
0,0,0,tarde
0,4,0,tarde
0,-2,0,tarde
0,-2,0,tarde
0,1,0,tarde
0,14,0,tarde
0,-2,0,tarde
0,-2,0,tarde
0,134,1,tarde
0,0,0,tarde
0,10,0,tarde
0,-1,0,tarde
0,3,0,tarde
0,18,1,tarde
0,0,0,tarde
0,7,0,tarde
0,-2,0,tarde
0,12,0,tarde
0,30,1,tarde
0,13,0,tarde
0,18,1,tarde
0,10,0,tarde
0,12,0,tarde
0,44,1,tarde
0,10,0,tarde
0,5,0,tarde
0,20,1,tarde
0,0,0,tarde
0,-2,0,tarde
0,0,0,tarde
0,-3,0,tarde
0,-3,0,tarde
0,-1,0,tarde
0,-8,0,tarde
0,-1,0,tarde
0,-1,0,tarde
0,66,1,tarde
0,8,0,tarde
0,0,0,noche
0,2,0,noche
0,-2,0,noche
0,18,1,mañana
0,-1,0,mañana
0,4,0,mañana
0,-1,0,mañana
0,7,0,mañana
0,11,0,mañana
0,26,1,mañana
0,17,1,mañana
0,2,0,mañana
0,-4,0,mañana
0,-2,0,mañana
0,-1,0,mañana
0,-1,0,mañana
0,40,1,mañana
0,-8,0,mañana
0,6,0,mañana
0,-3,0,mañana
0,-2,0,mañana
0,-2,0,mañana
0,-1,0,mañana
0,-3,0,mañana
0,0,0,mañana
0,17,1,mañana
0,-1,0,mañana
0,-6,0,mañana
0,-4,0,mañana
0,0,0,mañana
0,1,0,mañana
0,4,0,mañana
0,-3,0,mañana
0,-1,0,mañana
0,3,0,mañana
0,3,0,mañana
0,-3,0,mañana
0,-1,0,mañana
0,-2,0,tarde
0,2,0,mañana
0,-1,0,mañana
0,5,0,mañana
0,-1,0,mañana
0,-4,0,mañana
0,-1,0,mañana
0,1,0,tarde
0,20,1,tarde
0,5,0,tarde
0,17,1,mañana
0,-1,0,tarde
0,7,0,tarde
0,3,0,tarde
0,7,0,tarde
0,-1,0,tarde
0,0,0,mañana
0,29,1,tarde
0,-4,0,tarde
0,1,0,tarde
0,21,1,tarde
0,-4,0,tarde
0,3,0,tarde
0,7,0,tarde
0,-2,0,tarde
0,-1,0,tarde
0,-3,0,tarde
0,4,0,tarde
0,9,0,tarde
0,0,0,tarde
0,27,1,tarde
0,8,0,tarde
0,-4,0,tarde
0,-1,0,tarde
0,-3,0,tarde
0,-3,0,tarde
0,0,0,tarde
0,-1,0,tarde
0,5,0,tarde
0,-3,0,tarde
0,0,0,tarde
0,-2,0,tarde
0,12,0,tarde
0,-1,0,tarde
0,-1,0,tarde
0,-7,0,tarde
0,29,1,tarde
0,3,0,tarde
0,79,1,tarde
0,2,0,tarde
0,6,0,tarde
0,-1,0,tarde
0,7,0,tarde
0,-3,0,tarde
0,-2,0,tarde
0,6,0,tarde
0,12,0,tarde
0,-3,0,tarde
0,2,0,tarde
0,1,0,tarde
0,26,1,tarde
0,12,0,tarde
0,-3,0,tarde
0,-6,0,tarde
0,14,0,tarde
0,-2,0,tarde
0,11,0,tarde
0,2,0,tarde
0,-1,0,noche
0,0,0,noche
0,0,0,noche
0,29,1,noche
0,15,0,noche
0,0,0,noche
0,-2,0,noche
0,-3,0,noche
0,-1,0,noche
0,-2,0,noche
0,10,0,noche
0,-4,0,mañana
0,10,0,mañana
0,-5,0,mañana
0,2,0,mañana
0,-2,0,mañana
0,9,0,mañana
0,4,0,mañana
0,-1,0,mañana
0,0,0,mañana
0,-4,0,mañana
0,-4,0,mañana
0,0,0,mañana
0,-3,0,mañana
0,-5,0,mañana
0,-1,0,mañana
0,-6,0,mañana
0,-3,0,mañana
0,-4,0,mañana
0,-2,0,mañana
0,-3,0,mañana
0,-6,0,mañana
0,-6,0,mañana
0,-5,0,mañana
0,-1,0,mañana
0,-1,0,mañana
0,2,0,mañana
0,-4,0,mañana
0,-1,0,mañana
0,1,0,mañana
0,-5,0,mañana
0,-4,0,mañana
0,47,1,mañana
0,-5,0,tarde
0,13,0,mañana
0,-4,0,mañana
0,22,1,mañana
0,10,0,tarde
0,22,1,tarde
0,-1,0,tarde
0,-3,0,tarde
0,8,0,mañana
0,5,0,mañana
0,30,1,mañana
0,59,1,tarde
0,-3,0,mañana
0,4,0,mañana
0,-6,0,mañana
0,-3,0,mañana
0,13,0,mañana
0,5,0,mañana
0,2,0,mañana
0,13,0,mañana
0,-2,0,mañana
0,-6,0,mañana
0,8,0,mañana
0,22,1,mañana
0,1,0,mañana
0,23,1,mañana
0,6,0,mañana
0,-2,0,mañana
0,70,1,mañana
0,-4,0,tarde
0,-3,0,tarde
0,1,0,tarde
0,4,0,tarde
0,0,0,tarde
0,-1,0,tarde
0,-5,0,tarde
0,84,1,tarde
0,-2,0,tarde
0,9,0,tarde
0,4,0,tarde
0,8,0,tarde
0,-2,0,tarde
0,1,0,tarde
0,4,0,tarde
0,-4,0,tarde
0,-1,0,tarde
0,11,0,tarde
0,-3,0,tarde
0,3,0,tarde
0,6,0,tarde
0,46,1,tarde
0,-4,0,tarde
0,-2,0,tarde
0,4,0,tarde
0,0,0,tarde
0,33,1,noche
0,19,1,tarde
0,3,0,tarde
0,5,0,noche
0,55,1,tarde
0,1,0,noche
0,3,0,noche
0,2,0,noche
0,-1,0,noche
0,-3,0,noche
0,25,1,noche
0,12,0,noche
0,18,1,noche
0,6,0,noche
0,14,0,noche
0,15,0,noche
0,-2,0,noche
0,0,0,noche
0,3,0,noche
0,7,0,noche
0,21,1,noche
0,1,0,noche
0,9,0,noche
0,22,1,noche
0,10,0,noche
0,8,0,noche
0,0,0,noche
0,-5,0,noche
0,10,0,noche
0,-4,0,noche
0,6,0,mañana
0,4,0,mañana
0,15,0,mañana
0,1,0,mañana
0,-1,0,mañana
0,0,0,mañana
0,-5,0,mañana
0,0,0,mañana
0,4,0,mañana
0,-7,0,mañana
0,21,1,mañana
0,1,0,mañana
0,4,0,mañana
0,-4,0,mañana
0,0,0,mañana
0,-4,0,mañana
0,-8,0,mañana
0,0,0,mañana
0,-1,0,mañana
0,-4,0,mañana
0,-3,0,mañana
0,-5,0,mañana
0,-1,0,mañana
0,2,0,mañana
0,0,0,mañana
0,-1,0,mañana
0,-4,0,mañana
0,-13,0,mañana
0,5,0,mañana
0,25,1,mañana
0,-3,0,mañana
0,-1,0,tarde
0,-1,0,tarde
0,-1,0,tarde
0,15,0,tarde
0,-4,0,tarde
0,-2,0,tarde
0,-1,0,tarde
0,2,0,tarde
0,84,1,tarde
0,9,0,tarde
0,-3,0,tarde
0,-9,0,tarde
0,-3,0,tarde
0,-7,0,tarde
0,79,1,tarde
0,-1,0,tarde
0,10,0,tarde
0,1,0,tarde
0,-1,0,tarde
0,11,0,tarde
0,-8,0,tarde
0,3,0,tarde
0,7,0,noche
0,17,1,noche
0,10,0,tarde
0,-4,0,tarde
0,17,1,noche
0,-1,0,noche
0,18,1,noche
0,33,1,tarde
0,4,0,noche
0,4,0,noche
0,1,0,noche
0,-1,0,tarde
0,1,0,noche
0,0,0,noche
0,-1,0,noche
0,1,0,tarde
0,71,1,noche
0,43,1,noche
0,-4,0,noche
0,11,0,noche
0,-1,0,noche
0,25,1,noche
0,-1,0,noche
0,0,0,noche
0,2,0,noche
0,107,1,noche
0,5,0,noche
0,10,0,noche
0,-5,0,noche
0,7,0,noche
0,-1,0,noche
0,-6,0,mañana
0,4,0,mañana
0,3,0,mañana
0,0,0,mañana
0,-1,0,mañana
0,1,0,mañana
0,-4,0,mañana
0,-1,0,mañana
0,0,0,mañana
0,22,1,mañana
0,7,0,mañana
0,-4,0,mañana
0,1,0,mañana
0,6,0,mañana
0,-4,0,mañana
0,-5,0,mañana
0,-10,0,mañana
0,1,0,mañana
0,10,0,mañana
0,3,0,mañana
0,-5,0,mañana
0,12,0,mañana
0,-4,0,mañana
0,0,0,mañana
0,-1,0,mañana
0,-2,0,mañana
0,-1,0,mañana
0,6,0,mañana
0,0,0,mañana
0,-3,0,mañana
0,3,0,mañana
0,13,0,noche
0,49,1,noche
0,34,1,noche
0,13,0,noche
0,20,1,noche
0,22,1,noche
0,14,0,noche
0,28,1,noche
0,1,0,noche
0,17,1,noche
0,20,1,noche
0,2,0,noche
0,5,0,noche
0,16,1,noche
0,11,0,noche
0,14,0,noche
0,1,0,noche
0,6,0,tarde
0,5,0,tarde
0,6,0,tarde
0,4,0,tarde
0,-1,0,tarde
0,8,0,tarde
0,7,0,tarde
0,10,0,tarde
0,2,0,tarde
0,18,1,tarde
0,13,0,tarde
0,2,0,tarde
0,-3,0,tarde
0,3,0,tarde
0,4,0,tarde
0,-2,0,tarde
0,0,0,tarde
0,4,0,tarde
0,15,0,tarde
0,6,0,tarde
0,-3,0,tarde
0,24,1,tarde
0,5,0,tarde
0,11,0,tarde
0,-1,0,tarde
0,1,0,tarde
0,0,0,tarde
0,9,0,tarde
0,15,0,tarde
0,8,0,tarde
0,14,0,tarde
0,7,0,tarde
0,7,0,tarde
0,2,0,tarde
0,39,1,tarde
0,3,0,tarde
0,-1,0,tarde
0,2,0,tarde
0,-6,0,tarde
0,4,0,tarde
0,4,0,tarde
0,48,1,tarde
0,-2,0,tarde
0,12,0,tarde
0,18,1,tarde
0,1,0,tarde
0,0,0,tarde
0,-2,0,tarde
0,18,1,tarde
0,13,0,tarde
0,0,0,tarde
0,81,1,tarde
0,0,0,tarde
0,-1,0,tarde
0,2,0,tarde
0,0,0,tarde
0,-3,0,tarde
0,-2,0,tarde
0,68,1,tarde
0,-2,0,tarde
0,-3,0,tarde
0,-4,0,tarde
0,10,0,tarde
0,11,0,tarde
0,8,0,tarde
0,-1,0,tarde
0,1,0,tarde
0,23,1,tarde
0,21,1,tarde
0,13,0,tarde
0,32,1,tarde
0,16,1,tarde
0,19,1,tarde
0,9,0,tarde
0,12,0,tarde
0,6,0,tarde
0,4,0,tarde
0,3,0,tarde
0,7,0,tarde
0,22,1,tarde
0,14,0,tarde
0,-2,0,tarde
0,-1,0,tarde
0,58,1,tarde
0,20,1,tarde
0,4,0,tarde
0,-1,0,tarde
0,-3,0,tarde
0,0,0,tarde
0,4,0,tarde
0,11,0,tarde
0,15,0,tarde
0,13,0,tarde
0,-4,0,mañana
0,12,0,mañana
0,4,0,mañana
0,26,1,mañana
0,4,0,mañana
0,8,0,mañana
0,20,1,mañana
0,5,0,mañana
0,3,0,mañana
0,2,0,mañana
0,3,0,mañana
0,-4,0,mañana
0,0,0,mañana
0,6,0,mañana
0,11,0,mañana
0,7,0,noche
0,5,0,noche
0,15,0,noche
0,-3,0,noche
0,-3,0,noche
0,0,0,noche
0,0,0,noche
0,31,1,noche
0,8,0,tarde
0,-3,0,tarde
0,2,0,tarde
0,56,1,tarde
0,4,0,tarde
0,11,0,tarde
0,-1,0,tarde
0,2,0,tarde
0,-1,0,tarde
0,3,0,tarde
0,6,0,tarde
0,31,1,tarde
0,0,0,tarde
0,26,1,tarde
0,1,0,tarde
0,3,0,tarde
0,-2,0,tarde
0,-6,0,tarde
0,1,0,tarde
0,4,0,tarde
0,3,0,tarde
0,11,0,tarde
0,2,0,tarde
0,8,0,tarde
0,11,0,tarde
0,-6,0,tarde
0,-2,0,tarde
0,16,1,tarde
0,2,0,tarde
0,3,0,tarde
0,0,0,tarde
0,4,0,mañana
0,-2,0,mañana
0,-3,0,mañana
0,17,1,mañana
0,3,0,mañana
0,9,0,mañana
0,4,0,mañana
0,-4,0,mañana
0,3,0,mañana
0,18,1,mañana
0,3,0,mañana
0,1,0,mañana
0,1,0,mañana
0,6,0,mañana
0,0,0,mañana
0,-1,0,mañana
0,1,0,mañana
0,-3,0,mañana
0,6,0,mañana
0,-2,0,mañana
0,2,0,mañana
0,-1,0,mañana
0,-3,0,mañana
0,-2,0,mañana
0,-2,0,mañana
0,-2,0,mañana
0,-5,0,mañana
0,0,0,mañana
0,1,0,mañana
0,-3,0,mañana
0,1,0,mañana
0,13,0,noche
0,-3,0,noche
0,-4,0,noche
0,-5,0,noche
0,37,1,noche
0,1,0,noche
0,1,0,noche
0,54,1,noche
0,5,0,noche
0,24,1,noche
0,-5,0,noche
0,5,0,noche
0,-3,0,noche
0,-2,0,noche
0,-2,0,noche
0,27,1,noche
0,-1,0,mañana
0,-1,0,mañana
0,-1,0,mañana
0,4,0,mañana
0,5,0,mañana
0,2,0,mañana
0,11,0,mañana
0,5,0,mañana
0,3,0,mañana
0,-2,0,mañana
0,-4,0,mañana
0,1,0,mañana
0,6,0,mañana
0,-4,0,mañana
0,4,0,mañana
0,2,0,mañana
0,8,0,mañana
0,-4,0,mañana
0,7,0,mañana
0,9,0,mañana
0,28,1,mañana
0,6,0,mañana
0,2,0,mañana
0,-2,0,mañana
0,-2,0,mañana
0,1,0,mañana
0,20,1,mañana
0,0,0,mañana
0,3,0,mañana
0,-1,0,mañana
0,7,0,mañana
0,7,0,noche
0,29,1,noche
0,4,0,noche
0,-2,0,noche
0,-1,0,noche
0,22,1,noche
0,1,0,mañana
0,4,0,mañana
0,-1,0,mañana
0,6,0,mañana
0,14,0,mañana
0,16,1,mañana
0,0,0,mañana
0,-1,0,mañana
0,-3,0,mañana
0,-1,0,mañana
0,145,1,mañana
0,1,0,mañana
0,7,0,mañana
0,-3,0,mañana
0,-4,0,mañana
0,6,0,mañana
0,6,0,mañana
0,15,0,tarde
0,43,1,tarde
0,4,0,noche
0,17,1,noche
0,2,0,noche
0,-2,0,noche
0,0,0,noche
0,1,0,noche
0,-6,0,noche
0,1,0,noche
0,-2,0,noche
0,1,0,noche
0,3,0,noche
0,2,0,noche
0,2,0,noche
0,9,0,noche
0,3,0,noche
0,-1,0,noche
0,-2,0,noche
0,63,1,noche
0,1,0,noche
0,15,0,noche
0,1,0,noche
0,0,0,noche
0,2,0,noche
0,6,0,noche
0,7,0,mañana
0,2,0,mañana
0,1,0,mañana
0,0,0,mañana
0,19,1,mañana
0,2,0,mañana
0,2,0,mañana
0,17,1,mañana
0,8,0,mañana
0,5,0,mañana
0,5,0,mañana
0,6,0,mañana
0,7,0,mañana
0,85,1,mañana
0,12,0,mañana
0,1,0,mañana
0,6,0,mañana
0,2,0,mañana
0,2,0,mañana
0,3,0,mañana
0,30,1,mañana
0,0,0,mañana
0,41,1,tarde
0,5,0,tarde
0,-3,0,tarde
0,-4,0,tarde
0,1,0,tarde
0,21,1,tarde
0,3,0,tarde
0,10,0,tarde
0,-3,0,tarde
0,8,0,tarde
0,8,0,tarde
0,6,0,tarde
0,5,0,tarde
0,53,1,tarde
0,-2,0,tarde
0,14,0,tarde
0,1,0,tarde
0,-2,0,tarde
0,-6,0,mañana
0,1,0,mañana
0,-4,0,mañana
0,-5,0,mañana
0,8,0,mañana
0,4,0,mañana
0,-6,0,mañana
0,9,0,mañana
0,-3,0,mañana
0,-2,0,mañana
0,0,0,mañana
0,-3,0,mañana
0,13,0,mañana
0,-3,0,mañana
0,26,1,mañana
0,-2,0,mañana
0,2,0,mañana
0,2,0,mañana
0,4,0,mañana
0,5,0,mañana
0,-3,0,mañana
0,4,0,mañana
0,5,0,mañana
0,-2,0,mañana
0,4,0,mañana
0,11,0,mañana
0,-1,0,mañana
0,4,0,mañana
0,-5,0,mañana
0,2,0,mañana
0,2,0,tarde
0,-4,0,mañana
0,5,0,mañana
0,5,0,mañana
0,0,0,tarde
0,-1,0,mañana
0,6,0,mañana
0,-2,0,tarde
0,23,1,mañana
0,-9,0,mañana
0,-4,0,mañana
0,0,0,tarde
0,0,0,mañana
0,-2,0,mañana
0,16,1,mañana
0,13,0,mañana
0,-3,0,mañana
0,8,0,mañana
0,1,0,mañana
0,-1,0,mañana
0,2,0,mañana
0,7,0,mañana
0,11,0,mañana
0,3,0,mañana
0,5,0,mañana
0,4,0,mañana
0,0,0,mañana
0,-2,0,mañana
0,1,0,mañana
0,2,0,mañana
0,0,0,mañana
0,3,0,mañana
0,1,0,mañana
0,2,0,mañana
0,3,0,mañana
0,5,0,mañana
0,-2,0,mañana
0,-1,0,mañana
0,1,0,mañana
0,19,1,mañana
0,1,0,mañana
0,-2,0,mañana
0,7,0,mañana
0,-2,0,mañana
0,-1,0,noche
0,10,0,noche
0,12,0,mañana
0,-6,0,noche
0,5,0,tarde
0,14,0,mañana
0,-1,0,tarde
0,4,0,mañana
0,10,0,tarde
0,0,0,mañana
0,2,0,tarde
0,-1,0,mañana
0,6,0,tarde
0,4,0,tarde
0,1,0,tarde
0,6,0,tarde
0,-4,0,tarde
0,0,0,mañana
0,-3,0,tarde
0,0,0,tarde
0,8,0,tarde
0,3,0,mañana
0,9,0,tarde
0,8,0,mañana
0,5,0,tarde
0,2,0,tarde
0,-4,0,tarde
0,7,0,mañana
0,-2,0,mañana
0,1,0,tarde
0,11,0,tarde
0,-4,0,tarde
0,24,1,mañana
0,-6,0,tarde
0,-4,0,tarde
0,0,0,tarde
0,0,0,tarde
0,7,0,tarde
0,1,0,tarde
0,1,0,tarde
0,2,0,tarde
0,0,0,tarde
0,-6,0,tarde
0,-8,0,tarde
0,6,0,tarde
0,5,0,tarde
0,8,0,tarde
0,1,0,tarde
0,0,0,tarde
0,-2,0,tarde
0,7,0,tarde
0,14,0,tarde
0,1,0,tarde
0,-3,0,tarde
0,-2,0,tarde
0,75,1,tarde
0,1,0,tarde
0,22,1,tarde
0,-3,0,tarde
0,4,0,tarde
0,6,0,tarde
0,27,1,tarde
0,0,0,tarde
0,-3,0,tarde
0,0,0,tarde
0,-5,0,tarde
0,2,0,tarde
0,5,0,tarde
0,-1,0,tarde
0,1,0,tarde
0,5,0,tarde
0,3,0,tarde
0,2,0,tarde
0,-5,0,tarde
0,-6,0,tarde
0,2,0,tarde
0,5,0,tarde
0,6,0,tarde
0,2,0,tarde
0,7,0,tarde
0,5,0,tarde
0,-7,0,noche
0,-3,0,noche
0,48,1,noche
0,-6,0,noche
0,-3,0,noche
0,6,0,noche
0,1,0,noche
0,-3,0,noche
0,-9,0,noche
0,2,0,noche
0,0,0,noche
0,-2,0,noche
0,9,0,mañana
0,-5,0,mañana
0,-3,0,mañana
0,3,0,mañana
0,25,1,mañana
0,11,0,mañana
0,-2,0,mañana
0,5,0,mañana
0,-5,0,mañana
0,2,0,mañana
0,14,0,mañana
0,-5,0,mañana
0,-2,0,mañana
0,12,0,mañana
0,2,0,mañana
0,-7,0,mañana
0,97,1,mañana
0,-4,0,tarde
0,-1,0,mañana
0,4,0,mañana
0,-1,0,mañana
0,-5,0,tarde
0,0,0,mañana
0,-2,0,mañana
0,0,0,mañana
0,2,0,tarde
0,-1,0,mañana
0,7,0,mañana
0,5,0,mañana
0,-10,0,tarde
0,7,0,mañana
0,0,0,mañana
0,-2,0,tarde
0,2,0,mañana
0,-3,0,mañana
0,-2,0,mañana
0,6,0,mañana
0,7,0,mañana
0,2,0,mañana
0,-3,0,mañana
0,3,0,mañana
0,26,1,mañana
0,-2,0,mañana
0,0,0,mañana
0,-2,0,mañana
0,2,0,mañana
0,12,0,mañana
0,4,0,mañana
0,9,0,mañana
0,1,0,mañana
0,-1,0,mañana
0,4,0,mañana
0,0,0,mañana
0,-1,0,mañana
0,9,0,mañana
0,-3,0,mañana
0,-1,0,mañana
0,3,0,mañana
0,126,1,mañana
0,38,1,mañana
0,13,0,mañana
0,1,0,mañana
0,-3,0,mañana
0,0,0,mañana
0,3,0,tarde
0,10,0,mañana
0,5,0,mañana
0,-6,0,mañana
0,-1,0,mañana
0,1,0,mañana
0,-3,0,mañana
0,0,0,mañana
0,0,0,mañana
0,21,1,mañana
0,14,0,mañana
0,3,0,mañana
0,16,1,mañana
0,3,0,mañana
0,3,0,mañana
0,-4,0,tarde
0,-2,0,tarde
0,3,0,tarde
0,4,0,tarde
0,0,0,tarde
0,-1,0,tarde
0,22,1,tarde
0,4,0,tarde
0,-7,0,tarde
0,-2,0,tarde
0,1,0,tarde
0,18,1,tarde
0,7,0,tarde
0,0,0,tarde
0,3,0,tarde
0,122,1,tarde
0,33,1,tarde
0,38,1,tarde
0,1,0,tarde
0,3,0,tarde
0,0,0,tarde
0,18,1,tarde
0,0,0,tarde
0,36,1,tarde
0,4,0,tarde
0,3,0,tarde
0,-3,0,tarde
0,5,0,tarde
0,28,1,tarde
0,9,0,tarde
0,8,0,tarde
0,0,0,tarde
0,4,0,tarde
0,7,0,tarde
0,1,0,tarde
0,1,0,tarde
0,9,0,tarde
0,5,0,tarde
0,-4,0,tarde
0,0,0,tarde
0,13,0,tarde
0,1,0,tarde
0,0,0,tarde
0,57,1,tarde
0,-3,0,tarde
0,2,0,tarde
0,2,0,tarde
0,-2,0,tarde
0,-5,0,tarde
0,2,0,tarde
0,1,0,noche
0,6,0,tarde
0,27,1,tarde
0,5,0,tarde
0,3,0,tarde
0,0,0,tarde
0,10,0,tarde
0,17,1,tarde
0,0,0,tarde
0,-4,0,noche
0,2,0,tarde
0,-5,0,tarde
0,1,0,tarde
0,0,0,tarde
0,-1,0,tarde
0,-1,0,noche
0,6,0,tarde
0,1,0,tarde
0,4,0,noche
0,0,0,tarde
0,8,0,tarde
0,9,0,noche
0,0,0,noche
0,16,1,tarde
0,-4,0,noche
0,-1,0,noche
0,2,0,tarde
0,3,0,tarde
0,-1,0,noche
0,-1,0,noche
0,10,0,tarde
0,0,0,tarde
0,3,0,noche
0,13,0,noche
0,7,0,tarde
0,0,0,noche
0,-2,0,noche
0,2,0,noche
0,1,0,mañana
0,4,0,mañana
0,1,0,mañana
0,0,0,mañana
0,-1,0,mañana
0,12,0,mañana
0,7,0,mañana
0,2,0,mañana
0,17,1,mañana
0,1,0,mañana
0,10,0,mañana
0,-5,0,mañana
0,0,0,mañana
0,-2,0,mañana
0,1,0,mañana
0,-2,0,mañana
0,6,0,mañana
0,4,0,mañana
0,12,0,mañana
0,2,0,mañana
0,-4,0,mañana
0,2,0,mañana
0,7,0,mañana
0,4,0,mañana
0,14,0,mañana
0,17,1,mañana
0,0,0,mañana
0,24,1,mañana
0,4,0,mañana
0,3,0,mañana
0,1,0,mañana
0,-1,0,mañana
0,5,0,mañana
0,7,0,mañana
0,8,0,mañana
0,8,0,mañana
0,1,0,mañana
0,1,0,mañana
0,5,0,mañana
0,8,0,mañana
0,8,0,mañana
0,-2,0,mañana
0,9,0,mañana
0,5,0,mañana
0,2,0,mañana
0,-3,0,mañana
0,15,0,mañana
0,1,0,mañana
0,-1,0,mañana
0,-2,0,noche
0,8,0,noche
0,1,0,tarde
0,45,1,noche
0,-5,0,tarde
0,9,0,noche
0,2,0,tarde
0,72,1,noche
0,-2,0,tarde
0,5,0,tarde
0,3,0,mañana
0,3,0,tarde
0,1,0,tarde
0,6,0,mañana
0,0,0,mañana
0,2,0,tarde
0,2,0,mañana
0,-3,0,tarde
0,9,0,mañana
0,1,0,mañana
0,7,0,tarde
0,11,0,tarde
0,1,0,mañana
0,-1,0,mañana
0,16,1,tarde
0,7,0,mañana
0,5,0,tarde
0,7,0,tarde
0,2,0,tarde
0,0,0,tarde
0,-1,0,tarde
0,1,0,mañana
0,-1,0,tarde
0,0,0,tarde
0,31,1,tarde
0,6,0,tarde
0,12,0,tarde
0,-2,0,tarde
0,2,0,tarde
0,2,0,tarde
0,10,0,tarde
0,0,0,noche
0,6,0,mañana
0,6,0,tarde
0,5,0,tarde
0,2,0,tarde
0,1,0,noche
0,1,0,mañana
0,2,0,tarde
0,0,0,tarde
0,-2,0,tarde
0,17,1,tarde
0,13,0,tarde
0,-1,0,tarde
0,13,0,tarde
0,2,0,tarde
0,7,0,tarde
0,3,0,tarde
0,2,0,tarde
0,0,0,tarde
0,8,0,tarde
0,-3,0,tarde
0,15,0,tarde
0,1,0,tarde
0,-1,0,tarde
0,2,0,tarde
0,4,0,tarde
0,8,0,tarde
0,11,0,tarde
0,-3,0,tarde
0,29,1,tarde
0,8,0,tarde
0,3,0,tarde
0,8,0,tarde
0,1,0,tarde
0,-1,0,noche
0,6,0,noche
0,5,0,noche
0,2,0,tarde
0,6,0,tarde
0,3,0,tarde
0,10,0,noche
0,0,0,tarde
0,0,0,tarde
0,-5,0,tarde
0,0,0,noche
0,-1,0,noche
0,14,0,noche
0,-1,0,tarde
0,6,0,tarde
0,2,0,tarde
0,2,0,noche
0,2,0,noche
0,20,1,noche
0,19,1,tarde
0,2,0,tarde
0,2,0,noche
0,6,0,noche
0,11,0,mañana
0,10,0,noche
0,5,0,noche
0,0,0,noche
0,0,0,noche
0,-2,0,noche
0,13,0,noche
0,9,0,noche
0,0,0,noche
0,2,0,mañana
0,0,0,mañana
0,38,1,mañana
0,15,0,mañana
0,3,0,mañana
0,-1,0,mañana
0,6,0,mañana
0,17,1,mañana
0,0,0,mañana
0,-2,0,mañana
0,6,0,mañana
0,7,0,mañana
0,13,0,noche
0,27,1,noche
0,3,0,noche
0,11,0,noche
0,-4,0,noche
0,21,1,noche
0,6,0,noche
0,28,1,noche
0,8,0,noche
0,9,0,noche
0,1,0,noche
0,6,0,noche
0,9,0,noche
0,3,0,noche
0,12,0,noche
0,3,0,noche
0,21,1,noche
0,4,0,noche
0,10,0,noche
0,8,0,noche
0,31,1,noche
0,0,0,noche
0,6,0,noche
0,-3,0,noche
0,3,0,mañana
0,11,0,mañana
0,22,1,mañana
0,2,0,mañana
0,5,0,mañana
0,0,0,mañana
0,0,0,mañana
0,33,1,mañana
0,19,1,mañana
0,0,0,mañana
0,115,1,mañana
0,8,0,mañana
0,3,0,mañana
0,1,0,mañana
0,1,0,mañana
0,3,0,mañana
0,0,0,mañana
0,3,0,mañana
0,6,0,mañana
0,7,0,mañana
0,0,0,mañana
0,3,0,mañana
0,1,0,mañana
0,31,1,mañana
0,4,0,mañana
0,70,1,mañana
0,5,0,mañana
0,-1,0,mañana
0,3,0,mañana
0,2,0,mañana
0,7,0,mañana
0,8,0,mañana
0,12,0,mañana
0,-1,0,mañana
0,1,0,mañana
0,-1,0,mañana
0,5,0,mañana
0,9,0,mañana
0,-4,0,mañana
0,0,0,mañana
0,-2,0,mañana
0,3,0,mañana
0,0,0,mañana
0,12,0,mañana
0,2,0,mañana
0,-1,0,mañana
0,15,0,mañana
0,1,0,mañana
0,0,0,mañana
0,5,0,mañana
0,-1,0,tarde
0,7,0,mañana
0,8,0,mañana
0,-1,0,mañana
0,-1,0,mañana
0,12,0,mañana
0,1,0,mañana
0,-2,0,tarde
0,4,0,mañana
0,-9,0,mañana
0,5,0,mañana
0,9,0,mañana
0,0,0,mañana
0,37,1,tarde
0,-3,0,mañana
0,3,0,mañana
0,13,0,mañana
0,0,0,mañana
0,10,0,mañana
0,-1,0,tarde
0,2,0,mañana
0,0,0,mañana
0,4,0,mañana
0,-4,0,mañana
0,0,0,mañana
0,4,0,tarde
0,-1,0,tarde
0,-1,0,tarde
0,3,0,tarde
0,-2,0,tarde
0,6,0,tarde
0,1,0,tarde
0,2,0,tarde
0,-2,0,tarde
0,0,0,tarde
0,3,0,tarde
0,0,0,tarde
0,22,1,tarde
0,7,0,tarde
0,5,0,tarde
0,3,0,tarde
0,6,0,tarde
0,4,0,tarde
0,6,0,tarde
0,0,0,tarde
0,12,0,tarde
0,-4,0,tarde
0,3,0,tarde
0,2,0,tarde
0,10,0,tarde
0,0,0,tarde
0,3,0,tarde
0,-3,0,tarde
0,-1,0,tarde
0,13,0,tarde
0,-4,0,tarde
0,1,0,tarde
0,-1,0,tarde
0,-2,0,tarde
0,-2,0,tarde
0,1,0,tarde
0,-4,0,tarde
0,0,0,tarde
0,2,0,tarde
0,6,0,tarde
0,-8,0,tarde
0,11,0,tarde
0,15,0,tarde
0,-1,0,tarde
0,-1,0,tarde
0,2,0,tarde
0,0,0,tarde
0,7,0,tarde
0,2,0,tarde
0,7,0,tarde
0,0,0,tarde
0,-4,0,tarde
0,1,0,tarde
0,2,0,tarde
0,5,0,tarde
0,-4,0,tarde
0,-2,0,tarde
0,-3,0,tarde
0,4,0,tarde
0,-4,0,tarde
0,-2,0,tarde
0,3,0,tarde
0,0,0,tarde
0,2,0,tarde
0,-1,0,noche
0,0,0,tarde
0,18,1,tarde
0,26,1,tarde
0,15,0,tarde
0,-2,0,tarde
0,2,0,tarde
0,-4,0,tarde
0,-4,0,tarde
0,3,0,tarde
0,2,0,tarde
0,9,0,tarde
0,-3,0,noche
0,1,0,tarde
0,-2,0,tarde
0,0,0,tarde
0,-4,0,tarde
0,9,0,tarde
0,-2,0,noche
0,-3,0,tarde
0,17,1,tarde
0,5,0,tarde
0,1,0,tarde
0,7,0,noche
0,5,0,tarde
0,-3,0,tarde
0,-1,0,tarde
0,0,0,tarde
0,-1,0,tarde
0,1,0,tarde
0,-5,0,tarde
0,3,0,noche
0,3,0,tarde
0,4,0,tarde
0,9,0,noche
0,-2,0,noche
0,-1,0,tarde
0,0,0,noche
0,0,0,noche
0,23,1,tarde
0,8,0,noche
0,1,0,noche
0,3,0,tarde
0,1,0,noche
0,4,0,tarde
0,1,0,noche
0,2,0,noche
0,9,0,noche
0,4,0,noche
0,7,0,noche
0,4,0,noche
0,-1,0,noche
0,-1,0,noche
0,31,1,noche
0,1,0,noche
0,6,0,noche
0,2,0,noche
0,0,0,noche
0,6,0,noche
0,-1,0,tarde
0,4,0,noche
0,-3,0,noche
0,4,0,noche
0,13,0,noche
0,0,0,noche
0,-1,0,noche
0,-3,0,noche
0,14,0,mañana
0,5,0,mañana
0,7,0,mañana
0,4,0,mañana
0,2,0,mañana
0,1,0,mañana
0,2,0,mañana
0,1,0,mañana
0,41,1,mañana
0,2,0,mañana
0,25,1,mañana
0,0,0,mañana
0,1,0,mañana
0,1,0,mañana
0,-3,0,mañana
0,7,0,mañana
0,9,0,mañana
0,21,1,mañana
0,14,0,mañana
0,1,0,mañana
0,4,0,mañana
0,7,0,mañana
0,5,0,mañana
0,10,0,mañana
0,7,0,mañana
0,-1,0,mañana
0,1,0,mañana
0,9,0,mañana
0,3,0,mañana
0,-3,0,mañana
0,2,0,mañana
0,8,0,mañana
0,2,0,tarde
0,-3,0,mañana
0,14,0,tarde
0,12,0,mañana
0,3,0,mañana
0,5,0,mañana
0,0,0,mañana
0,1,0,mañana
0,1,0,mañana
0,5,0,mañana
0,-3,0,mañana
0,0,0,mañana
0,15,0,tarde
0,0,0,mañana
0,0,0,mañana
0,3,0,mañana
0,0,0,mañana
0,34,1,tarde
0,1,0,mañana
0,-1,0,mañana
0,3,0,tarde
0,3,0,tarde
0,1,0,tarde
0,5,0,tarde
0,3,0,tarde
0,1,0,tarde
0,0,0,tarde
0,5,0,tarde
0,3,0,tarde
0,4,0,tarde
0,5,0,tarde
0,1,0,tarde
0,2,0,tarde
0,1,0,tarde
0,3,0,tarde
0,1,0,tarde
0,11,0,tarde
0,-2,0,tarde
0,-2,0,tarde
0,-4,0,tarde
0,5,0,tarde
0,0,0,tarde
0,6,0,tarde
0,-3,0,tarde
0,-10,0,tarde
0,-2,0,tarde
0,18,1,tarde
0,-4,0,tarde
0,8,0,tarde
0,-3,0,tarde
0,3,0,tarde
0,25,1,tarde
0,20,1,tarde
0,19,1,tarde
0,-3,0,tarde
0,-3,0,tarde
0,3,0,tarde
0,13,0,tarde
0,2,0,tarde
0,4,0,tarde
0,6,0,tarde
0,5,0,tarde
0,-6,0,tarde
0,15,0,tarde
0,2,0,tarde
0,4,0,tarde
0,33,1,tarde
0,2,0,tarde
0,11,0,tarde
0,2,0,tarde
0,-3,0,tarde
0,4,0,tarde
0,0,0,tarde
0,13,0,tarde
0,0,0,tarde
0,0,0,tarde
0,2,0,tarde
0,-1,0,tarde
0,-1,0,tarde
0,-1,0,tarde
0,-3,0,tarde
0,0,0,tarde
0,3,0,tarde
0,8,0,tarde
0,55,1,tarde
0,7,0,tarde
0,2,0,tarde
0,-3,0,tarde
0,19,1,tarde
0,-3,0,tarde
0,11,0,tarde
0,-3,0,tarde
0,1,0,tarde
0,2,0,tarde
0,14,0,tarde
0,2,0,tarde
0,7,0,tarde
0,-2,0,tarde
0,-4,0,tarde
0,6,0,tarde
0,9,0,tarde
0,4,0,tarde
0,18,1,tarde
0,3,0,tarde
0,8,0,tarde
0,-4,0,tarde
0,-3,0,tarde
0,-1,0,tarde
0,-3,0,tarde
0,-3,0,tarde
0,1,0,tarde
0,5,0,tarde
0,-4,0,tarde
0,-2,0,tarde
0,0,0,tarde
0,2,0,tarde
0,1,0,tarde
0,39,1,tarde
0,9,0,tarde
0,15,0,tarde
0,-4,0,tarde
0,3,0,tarde
0,-3,0,tarde
0,7,0,tarde
0,8,0,tarde
0,12,0,tarde
0,0,0,tarde
0,2,0,tarde
0,24,1,mañana
0,15,0,mañana
0,9,0,mañana
0,2,0,mañana
0,0,0,mañana
0,4,0,mañana
0,-1,0,mañana
0,7,0,mañana
0,11,0,mañana
0,7,0,mañana
0,-1,0,mañana
0,-2,0,mañana
0,7,0,mañana
0,10,0,mañana
0,1,0,mañana
0,-1,0,mañana
0,2,0,mañana
0,3,0,mañana
0,5,0,mañana
0,7,0,mañana
0,4,0,mañana
0,0,0,mañana
0,0,0,mañana
0,1,0,mañana
0,8,0,mañana
0,12,0,mañana
0,11,0,mañana
0,18,1,mañana
0,0,0,mañana
0,5,0,mañana
0,-2,0,mañana
0,2,0,mañana
0,7,0,mañana
0,-2,0,mañana
0,16,1,mañana
0,19,1,mañana
0,2,0,mañana
0,0,0,mañana
0,4,0,mañana
0,0,0,mañana
0,2,0,mañana
0,3,0,mañana
0,2,0,mañana
0,11,0,mañana
0,10,0,mañana
0,7,0,mañana
0,3,0,mañana
0,7,0,tarde
0,0,0,tarde
0,5,0,tarde
0,27,1,tarde
0,84,1,tarde
0,0,0,tarde
0,6,0,tarde
0,9,0,tarde
0,11,0,tarde
0,5,0,tarde
0,-3,0,mañana
0,28,1,mañana
0,0,0,mañana
0,-2,0,mañana
0,12,0,mañana
0,4,0,mañana
0,-3,0,mañana
0,11,0,mañana
0,1,0,mañana
0,18,1,mañana
0,4,0,mañana
0,16,1,tarde
0,-1,0,tarde
0,8,0,noche
0,-1,0,tarde
0,17,1,noche
0,-2,0,tarde
0,1,0,tarde
0,7,0,noche
0,-3,0,tarde
0,1,0,noche
0,0,0,tarde
0,-4,0,tarde
0,5,0,noche
0,-2,0,tarde
0,-2,0,noche
0,5,0,tarde
0,1,0,tarde
0,6,0,noche
0,14,0,tarde
0,10,0,noche
0,1,0,tarde
0,8,0,tarde
0,11,0,noche
0,2,0,noche
0,12,0,tarde
0,19,1,tarde
0,45,1,noche
0,29,1,tarde
0,0,0,tarde
0,-1,0,noche
0,3,0,tarde
0,-1,0,tarde
0,-1,0,noche
0,-10,0,tarde
0,8,0,tarde
0,4,0,noche
0,6,0,noche
0,11,0,noche
0,42,1,noche
0,10,0,noche
0,-4,0,noche
0,-3,0,noche
0,-1,0,noche
0,19,1,noche
0,27,1,noche
0,11,0,noche
0,8,0,mañana
0,10,0,mañana
0,4,0,mañana
0,20,1,mañana
0,7,0,mañana
0,1,0,mañana
0,-3,0,mañana
0,-1,0,mañana
0,15,0,mañana
0,71,1,mañana
0,9,0,mañana
0,2,0,mañana
0,-5,0,mañana
0,-1,0,mañana
0,0,0,mañana
0,11,0,mañana
0,7,0,mañana
0,2,0,mañana
0,2,0,mañana
0,-3,0,mañana
0,6,0,mañana
0,0,0,mañana
0,3,0,mañana
0,13,0,mañana
0,7,0,mañana
0,2,0,mañana
0,4,0,tarde
0,14,0,tarde
0,18,1,tarde
0,-4,0,tarde
0,1,0,tarde
0,8,0,tarde
0,1,0,tarde
0,36,1,tarde
0,-1,0,tarde
0,4,0,tarde
0,2,0,tarde
0,4,0,tarde
0,0,0,tarde
0,13,0,tarde
0,3,0,tarde
0,4,0,tarde
0,13,0,tarde
0,-1,0,tarde
0,-1,0,tarde
0,11,0,tarde
0,4,0,tarde
0,-1,0,tarde
0,8,0,tarde
0,10,0,tarde
0,6,0,tarde
0,11,0,tarde
0,1,0,tarde
0,-3,0,tarde
0,11,0,tarde
0,10,0,tarde
0,9,0,tarde
0,0,0,mañana
0,45,1,mañana
0,11,0,mañana
0,-3,0,mañana
0,40,1,mañana
0,-1,0,mañana
0,3,0,mañana
0,16,1,mañana
0,-2,0,mañana
0,2,0,mañana
0,1,0,mañana
0,4,0,mañana
0,4,0,mañana
0,8,0,mañana
0,-8,0,mañana
0,-2,0,mañana
0,4,0,mañana
0,3,0,mañana
0,-1,0,mañana
0,3,0,mañana
0,0,0,mañana
0,-1,0,mañana
0,10,0,mañana
0,11,0,mañana
0,13,0,mañana
0,23,1,mañana
0,18,1,mañana
0,9,0,mañana
0,3,0,mañana
0,11,0,mañana
0,5,0,tarde
0,0,0,mañana
0,0,0,mañana
0,0,0,mañana
0,4,0,mañana
0,4,0,mañana
0,-5,0,mañana
0,-1,0,mañana
0,9,0,mañana
0,111,1,mañana
0,6,0,mañana
0,29,1,mañana
0,5,0,mañana
0,5,0,mañana
0,2,0,mañana
0,16,1,mañana
0,6,0,mañana
0,10,0,mañana
0,2,0,mañana
0,25,1,mañana
0,3,0,mañana
0,35,1,mañana
0,0,0,mañana
0,3,0,mañana
0,6,0,mañana
0,-2,0,mañana
0,3,0,mañana
0,0,0,mañana
0,4,0,mañana
0,0,0,mañana
0,0,0,mañana
0,1,0,mañana
0,3,0,mañana
0,3,0,mañana
0,4,0,mañana
0,2,0,mañana
0,4,0,mañana
0,7,0,mañana
0,1,0,mañana
0,0,0,mañana
0,10,0,mañana
0,9,0,mañana
0,-2,0,mañana
0,17,1,tarde
0,16,1,mañana
0,0,0,tarde
0,3,0,mañana
0,11,0,mañana
0,3,0,tarde
0,11,0,mañana
0,0,0,tarde
0,20,1,tarde
0,-1,0,tarde
0,2,0,tarde
0,5,0,tarde
0,2,0,tarde
0,2,0,tarde
0,4,0,tarde
0,4,0,tarde
0,6,0,tarde
0,16,1,tarde
0,5,0,tarde
0,15,0,tarde
0,31,1,tarde
0,0,0,tarde
0,6,0,tarde
0,4,0,tarde
0,8,0,tarde
0,5,0,tarde
0,16,1,tarde
0,3,0,tarde
0,1,0,tarde
0,-1,0,tarde
0,-1,0,tarde
0,22,1,tarde
0,4,0,tarde
0,3,0,tarde
0,4,0,tarde
0,3,0,tarde
0,18,1,tarde
0,4,0,tarde
0,2,0,tarde
0,2,0,noche
0,15,0,tarde
0,-2,0,noche
0,8,0,noche
0,17,1,noche
0,13,0,noche
0,23,1,noche
0,-3,0,noche
0,8,0,noche
0,3,0,noche
0,5,0,noche
0,11,0,noche
0,11,0,mañana
0,9,0,mañana
0,1,0,mañana
0,2,0,mañana
0,0,0,mañana
0,7,0,mañana
0,84,1,mañana
0,129,1,mañana
0,11,0,mañana
0,30,1,mañana
0,4,0,mañana
0,3,0,mañana
0,17,1,mañana
0,9,0,mañana
0,32,1,mañana
0,3,0,mañana
0,0,0,mañana
0,25,1,mañana
0,4,0,mañana
0,14,0,mañana
0,1,0,mañana
0,8,0,mañana
0,11,0,mañana
0,11,0,mañana
0,3,0,mañana
0,2,0,mañana
0,-1,0,mañana
0,0,0,mañana
0,-4,0,mañana
0,3,0,mañana
0,0,0,mañana
0,3,0,mañana
0,-1,0,mañana
0,1,0,mañana
0,1,0,mañana
0,0,0,mañana
0,0,0,mañana
0,2,0,mañana
0,13,0,mañana
0,-4,0,mañana
0,-1,0,mañana
0,3,0,mañana
0,5,0,mañana
0,1,0,mañana
0,10,0,mañana
0,7,0,mañana
0,17,1,mañana
0,-4,0,mañana
0,1,0,mañana
0,4,0,mañana
0,2,0,mañana
0,7,0,mañana
0,-2,0,mañana
0,22,1,mañana
0,4,0,mañana
0,1,0,mañana
0,-1,0,mañana
0,-2,0,tarde
0,1,0,tarde
0,1,0,tarde
0,19,1,tarde
0,30,1,tarde
0,3,0,mañana
0,3,0,tarde
0,1,0,tarde
0,18,1,tarde
0,-3,0,tarde
0,7,0,tarde
0,50,1,tarde
0,26,1,tarde
0,6,0,tarde
0,-4,0,tarde
0,1,0,tarde
0,3,0,tarde
0,10,0,tarde
0,9,0,tarde
0,3,0,tarde
0,6,0,tarde
0,5,0,tarde
0,7,0,tarde
0,3,0,tarde
0,-1,0,tarde
0,7,0,tarde
0,-2,0,tarde
0,-2,0,tarde
0,-1,0,tarde
0,2,0,tarde
0,7,0,tarde
0,5,0,tarde
0,19,1,tarde
0,7,0,tarde
0,0,0,tarde
0,-4,0,tarde
0,5,0,tarde
0,0,0,tarde
0,1,0,tarde
0,11,0,tarde
0,-2,0,tarde
0,1,0,tarde
0,-1,0,tarde
0,3,0,tarde
0,-2,0,tarde
0,1,0,tarde
0,-3,0,tarde
0,0,0,tarde
0,-1,0,tarde
0,3,0,tarde
0,3,0,tarde
0,4,0,tarde
0,21,1,tarde
0,-2,0,noche
0,-2,0,tarde
0,-3,0,noche
0,0,0,noche
0,5,0,tarde
0,3,0,noche
0,12,0,noche
0,18,1,noche
0,4,0,noche
0,3,0,noche
0,7,0,noche
0,8,0,noche
0,12,0,noche
0,15,0,tarde
0,9,0,noche
0,6,0,tarde
0,28,1,noche
0,2,0,noche
0,2,0,tarde
0,3,0,noche
0,-1,0,tarde
0,0,0,mañana
0,0,0,mañana
0,4,0,mañana
0,34,1,mañana
0,73,1,mañana
0,4,0,mañana
0,23,1,mañana
0,7,0,mañana
0,4,0,mañana
0,2,0,mañana
0,0,0,mañana
0,-2,0,tarde
0,0,0,tarde
0,-2,0,tarde
0,4,0,tarde
0,10,0,tarde
0,6,0,tarde
0,2,0,tarde
0,-2,0,tarde
0,1,0,tarde
0,10,0,tarde
0,12,0,tarde
0,-2,0,tarde
0,17,1,tarde
0,39,1,tarde
0,4,0,tarde
0,0,0,tarde
0,3,0,tarde
0,-1,0,tarde
0,6,0,noche
0,16,1,tarde
0,0,0,tarde
0,3,0,tarde
0,23,1,tarde
0,2,0,tarde
0,14,0,tarde
0,-5,0,tarde
0,24,1,tarde
0,10,0,tarde
0,-1,0,tarde
0,19,1,tarde
0,3,0,tarde
0,9,0,tarde
0,10,0,noche
0,6,0,noche
0,2,0,tarde
0,1,0,tarde
0,1,0,tarde
0,-4,0,tarde
0,0,0,tarde
0,6,0,tarde
0,13,0,tarde
0,3,0,tarde
0,17,1,tarde
0,-1,0,tarde
0,0,0,tarde
0,-1,0,tarde
0,-1,0,tarde
0,11,0,tarde
0,31,1,tarde
0,11,0,tarde
0,-3,0,tarde
0,9,0,tarde
0,10,0,tarde
0,4,0,tarde
0,-7,0,tarde
0,-1,0,tarde
0,-5,0,tarde
0,-5,0,tarde
0,-3,0,tarde
0,2,0,noche
0,14,0,tarde
0,1,0,tarde
0,1,0,tarde
0,17,1,tarde
0,4,0,noche
0,1,0,noche
0,5,0,tarde
0,4,0,tarde
0,5,0,noche
0,7,0,tarde
0,-2,0,tarde
0,20,1,tarde
0,6,0,tarde
0,5,0,noche
0,5,0,tarde
0,-1,0,tarde
0,-1,0,tarde
0,9,0,noche
0,20,1,noche
0,1,0,tarde
0,3,0,noche
0,0,0,noche
0,6,0,tarde
0,9,0,tarde
0,-6,0,noche
0,-2,0,tarde
0,0,0,noche
0,9,0,noche
0,-13,0,tarde
0,2,0,noche
0,-6,0,noche
0,10,0,tarde
0,1,0,noche
0,2,0,noche
0,-3,0,tarde
0,27,1,tarde
0,61,1,noche
0,-6,0,tarde
0,9,0,noche
0,0,0,noche
0,0,0,tarde
0,13,0,noche
0,11,0,mañana
0,3,0,mañana
0,4,0,mañana
0,4,0,mañana
0,1,0,mañana
0,0,0,mañana
0,0,0,mañana
0,4,0,mañana
0,8,0,mañana
0,7,0,mañana
0,67,1,tarde
0,-1,0,mañana
0,10,0,mañana
0,-3,0,mañana
0,10,0,mañana
0,2,0,mañana
0,6,0,tarde
0,6,0,mañana
0,-1,0,mañana
0,1,0,mañana
0,11,0,mañana
0,3,0,mañana
0,-2,0,mañana
0,-1,0,mañana
0,0,0,mañana
0,7,0,mañana
0,20,1,mañana
0,-2,0,mañana
0,3,0,tarde
0,-4,0,mañana
0,4,0,mañana
0,5,0,mañana
0,-2,0,mañana
0,5,0,mañana
0,2,0,mañana
0,6,0,tarde
0,90,1,mañana
0,-1,0,tarde
0,-3,0,tarde
0,5,0,tarde
0,0,0,mañana
0,2,0,tarde
0,-3,0,tarde
0,7,0,tarde
0,-2,0,mañana
0,12,0,noche
0,3,0,noche
0,10,0,noche
0,1,0,noche
0,9,0,noche
0,30,1,noche
0,2,0,noche
0,1,0,noche
0,5,0,noche
0,0,0,noche
0,9,0,noche
0,7,0,noche
0,2,0,noche
0,3,0,noche
0,9,0,noche
0,-3,0,noche
0,6,0,noche
0,2,0,noche
0,-5,0,noche
0,-3,0,tarde
0,-4,0,noche
0,54,1,noche
0,-2,0,noche
0,10,0,noche
0,2,0,tarde
0,21,1,noche
0,12,0,noche
0,8,0,tarde
0,0,0,noche
0,-4,0,noche
0,2,0,mañana
0,3,0,tarde
0,-3,0,mañana
0,-4,0,mañana
0,-3,0,tarde
0,16,1,mañana
0,22,1,mañana
0,-2,0,mañana
0,2,0,tarde
0,3,0,mañana
0,4,0,mañana
0,-1,0,tarde
0,0,0,tarde
0,2,0,mañana
0,8,0,mañana
0,3,0,mañana
0,0,0,mañana
0,-9,0,tarde
0,1,0,tarde
0,18,1,mañana
0,5,0,mañana
0,-3,0,tarde
0,0,0,tarde
0,5,0,mañana
0,-9,0,tarde
0,-2,0,tarde
0,7,0,mañana
0,2,0,tarde
0,-3,0,tarde
0,7,0,tarde
0,0,0,mañana
0,17,1,mañana
0,0,0,mañana
0,-2,0,mañana
0,12,0,mañana
0,0,0,mañana
0,-1,0,mañana
0,10,0,mañana
0,2,0,mañana
0,-1,0,mañana
0,6,0,mañana
0,0,0,mañana
0,4,0,mañana
0,-2,0,mañana
0,-2,0,mañana
0,30,1,mañana
0,5,0,mañana
0,5,0,mañana
0,0,0,mañana
0,16,1,mañana
0,1,0,mañana
0,24,1,tarde
0,-3,0,tarde
0,-3,0,tarde
0,7,0,tarde
0,0,0,tarde
0,20,1,tarde
0,12,0,tarde
0,3,0,mañana
0,3,0,tarde
0,2,0,tarde
0,-3,0,tarde
0,-5,0,tarde
0,1,0,tarde
0,-5,0,tarde
0,31,1,tarde
0,2,0,tarde
0,1,0,tarde
0,-1,0,tarde
0,60,1,tarde
0,1,0,tarde
0,-3,0,tarde
0,2,0,tarde
0,-2,0,tarde
0,0,0,tarde
0,-1,0,tarde
0,2,0,tarde
0,-2,0,tarde
0,8,0,tarde
0,6,0,tarde
0,1,0,tarde
0,3,0,tarde
0,0,0,tarde
0,0,0,tarde
0,7,0,tarde
0,10,0,tarde
0,4,0,tarde
0,2,0,tarde
0,6,0,tarde
0,22,1,tarde
0,-1,0,tarde
0,-3,0,tarde
0,0,0,tarde
0,0,0,tarde
0,-4,0,tarde
0,4,0,tarde
0,-1,0,tarde
0,-3,0,tarde
0,0,0,tarde
0,-2,0,tarde
0,1,0,mañana
0,-2,0,tarde
0,10,0,noche
0,-4,0,noche
0,-5,0,noche
0,15,0,noche
0,14,0,noche
0,5,0,noche
0,-1,0,tarde
0,38,1,noche
0,13,0,noche
0,0,0,noche
0,0,0,noche
0,-2,0,noche
0,0,0,noche
0,-2,0,noche
0,0,0,noche
0,-4,0,noche
0,34,1,noche
0,-4,0,noche
0,-5,0,noche
0,-1,0,noche
0,-4,0,mañana
0,6,0,noche
0,8,0,noche
0,8,0,noche
0,3,0,noche
0,45,1,noche
0,-1,0,noche
0,-1,0,tarde
0,2,0,noche
0,19,1,noche
0,10,0,noche
0,-11,0,noche
0,15,0,noche
0,0,0,noche
0,1,0,noche
0,-7,0,noche
0,-4,0,noche
0,-4,0,noche
0,0,0,noche
0,-2,0,noche
0,-1,0,noche
0,-5,0,noche
0,-2,0,noche
0,-1,0,noche
0,4,0,noche
0,8,0,noche
0,5,0,noche
0,-3,0,noche
0,6,0,noche
0,4,0,noche
0,42,1,noche
0,0,0,noche
0,1,0,noche
0,6,0,noche
0,-1,0,noche
0,3,0,noche
0,6,0,noche
0,1,0,noche
0,8,0,noche
0,3,0,noche
0,6,0,noche
0,15,0,noche
0,12,0,noche
0,0,0,noche
0,19,1,noche
0,7,0,noche
0,-5,0,noche
0,0,0,noche
0,-2,0,noche
0,-2,0,noche
0,16,1,noche
0,26,1,noche
0,14,0,noche
0,-2,0,noche
0,7,0,noche
0,1,0,mañana
0,5,0,mañana
0,4,0,noche
0,12,0,mañana
0,3,0,mañana
0,7,0,mañana
0,-5,0,mañana
0,5,0,noche
0,15,0,mañana
0,1,0,mañana
0,19,1,noche
0,-1,0,mañana
0,13,0,mañana
0,3,0,mañana
0,-3,0,mañana
0,1,0,noche
0,0,0,mañana
0,0,0,mañana
0,5,0,mañana
0,2,0,mañana
0,-1,0,noche
0,10,0,tarde
0,4,0,mañana
0,2,0,mañana
0,0,0,noche
0,14,0,tarde
0,10,0,tarde
0,0,0,mañana
0,3,0,mañana
0,3,0,mañana
0,7,0,mañana
0,4,0,noche
0,8,0,tarde
0,3,0,tarde
0,52,1,mañana
0,2,0,tarde
0,12,0,mañana
0,4,0,mañana
0,0,0,noche
0,0,0,tarde
0,9,0,tarde
0,111,1,mañana
0,7,0,mañana
0,-1,0,noche
0,3,0,tarde
0,12,0,tarde
0,0,0,mañana
0,5,0,mañana
0,-1,0,noche
0,-2,0,noche
0,-1,0,noche
0,-2,0,noche
0,-1,0,noche
0,0,0,noche
0,11,0,mañana
0,5,0,mañana
0,5,0,mañana
0,22,1,mañana
0,4,0,mañana
0,-2,0,mañana
0,-7,0,mañana
0,9,0,mañana
0,65,1,mañana
0,11,0,mañana
0,24,1,mañana
0,19,1,mañana
0,5,0,mañana
0,5,0,mañana
0,-2,0,mañana
0,12,0,mañana
0,5,0,mañana
0,13,0,mañana
0,2,0,mañana
0,7,0,mañana
0,1,0,mañana
0,9,0,mañana
0,11,0,mañana
0,1,0,mañana
0,11,0,mañana
0,32,1,mañana
0,10,0,mañana
0,11,0,mañana
0,-1,0,mañana
0,14,0,tarde
0,17,1,tarde
0,13,0,tarde
0,4,0,tarde
0,-1,0,tarde
0,6,0,tarde
0,2,0,tarde
0,16,1,tarde
0,24,1,tarde
0,18,1,tarde
0,33,1,tarde
0,0,0,tarde
0,10,0,tarde
0,2,0,tarde
0,2,0,tarde
0,8,0,tarde
0,2,0,tarde
0,6,0,tarde
0,4,0,tarde
0,11,0,tarde
0,11,0,tarde
0,9,0,tarde
0,-3,0,tarde
0,7,0,tarde
0,10,0,tarde
0,12,0,tarde
0,11,0,tarde
0,3,0,tarde
0,2,0,tarde
0,9,0,tarde
0,3,0,tarde
0,12,0,mañana
0,8,0,mañana
0,7,0,mañana
0,24,1,mañana
0,1,0,mañana
0,8,0,mañana
0,11,0,mañana
0,-2,0,mañana
0,6,0,mañana
0,9,0,mañana
0,21,1,mañana
0,15,0,mañana
0,7,0,mañana
0,-6,0,mañana
0,-2,0,mañana
0,86,1,mañana
0,2,0,mañana
0,6,0,mañana
0,17,1,mañana
0,82,1,mañana
0,6,0,mañana
0,1,0,mañana
0,4,0,mañana
0,6,0,mañana
0,1,0,mañana
0,3,0,mañana
0,13,0,mañana
0,12,0,mañana
0,5,0,mañana
0,17,1,mañana
0,7,0,mañana
0,31,1,tarde
0,27,1,tarde
0,4,0,tarde
0,1,0,tarde
0,1,0,tarde
0,11,0,tarde
0,11,0,tarde
0,16,1,tarde
0,1,0,tarde
0,-2,0,tarde
0,14,0,tarde
0,3,0,tarde
0,-3,0,tarde
0,0,0,tarde
0,0,0,tarde
0,-3,0,tarde
0,8,0,tarde
0,-1,0,tarde
0,3,0,tarde
0,3,0,tarde
0,1,0,tarde
0,10,0,tarde
0,7,0,tarde
0,0,0,tarde
0,9,0,tarde
0,1,0,tarde
0,20,1,tarde
0,5,0,tarde
0,4,0,tarde
0,-5,0,tarde
0,23,1,tarde
0,8,0,mañana
0,4,0,mañana
0,8,0,mañana
0,22,1,mañana
0,7,0,mañana
0,6,0,mañana
0,5,0,mañana
0,56,1,mañana
0,5,0,mañana
0,26,1,mañana
0,28,1,mañana
0,10,0,mañana
0,4,0,tarde
0,9,0,tarde
0,11,0,tarde
0,15,0,tarde
0,9,0,tarde
0,6,0,tarde
0,0,0,tarde
0,11,0,tarde
0,33,1,tarde
0,13,0,tarde
0,8,0,tarde
0,-2,0,tarde
0,6,0,tarde
0,-2,0,tarde
0,2,0,tarde
0,35,1,tarde
0,9,0,tarde
0,1,0,tarde
0,2,0,tarde
0,10,0,mañana
0,-1,0,mañana
0,-2,0,mañana
0,7,0,mañana
0,-5,0,mañana
0,2,0,mañana
0,4,0,mañana
0,7,0,mañana
0,-5,0,mañana
0,8,0,mañana
0,0,0,mañana
0,-1,0,mañana
0,3,0,mañana
0,1,0,mañana
0,1,0,mañana
0,-12,0,mañana
0,-4,0,mañana
0,4,0,mañana
0,-3,0,mañana
0,2,0,mañana
0,2,0,mañana
0,-1,0,mañana
0,14,0,mañana
0,20,1,mañana
0,-8,0,mañana
0,8,0,mañana
0,-2,0,mañana
0,1,0,mañana
0,-6,0,mañana
0,-8,0,mañana
0,-6,0,mañana
0,5,0,tarde
0,12,0,tarde
0,13,0,tarde
0,4,0,tarde
0,7,0,tarde
0,8,0,tarde
0,9,0,tarde
0,17,1,tarde
0,10,0,tarde
0,13,0,tarde
0,10,0,tarde
0,7,0,tarde
0,12,0,tarde
0,12,0,tarde
0,11,0,tarde
0,20,1,tarde
0,-3,0,tarde
0,12,0,tarde
0,11,0,tarde
0,6,0,tarde
0,5,0,tarde
0,3,0,tarde
0,16,1,tarde
0,6,0,tarde
0,-4,0,tarde
0,6,0,tarde
0,-3,0,tarde
0,9,0,tarde
0,3,0,tarde
0,1,0,tarde
0,55,1,tarde
0,-1,0,tarde
0,22,1,tarde
0,1,0,tarde
0,4,0,tarde
0,21,1,tarde
0,0,0,tarde
0,4,0,tarde
0,2,0,tarde
0,-3,0,tarde
0,3,0,tarde
0,12,0,tarde
0,-7,0,tarde
0,0,0,tarde
0,4,0,tarde
0,0,0,tarde
0,11,0,tarde
0,4,0,tarde
0,1,0,tarde
0,6,0,tarde
0,1,0,tarde
0,-7,0,tarde
0,0,0,tarde
0,19,1,mañana
0,15,0,mañana
0,18,1,mañana
0,11,0,mañana
0,3,0,mañana
0,50,1,mañana
0,-1,0,mañana
0,16,1,mañana
0,41,1,mañana
0,37,1,mañana
0,20,1,mañana
0,13,0,mañana
0,7,0,mañana
0,6,0,mañana
0,35,1,mañana
0,11,0,mañana
0,12,0,mañana
0,12,0,mañana
0,6,0,mañana
0,-1,0,mañana
0,6,0,mañana
0,8,0,mañana
0,15,0,mañana
0,17,1,mañana
0,-1,0,mañana
0,-2,0,mañana
0,10,0,mañana
0,21,1,mañana
0,7,0,mañana
0,28,1,mañana
0,9,0,mañana
0,7,0,mañana
0,18,1,mañana
0,6,0,mañana
0,-3,0,mañana
0,28,1,mañana
0,60,1,mañana
0,16,1,mañana
0,8,0,mañana
0,2,0,mañana
0,3,0,mañana
0,10,0,mañana
0,18,1,mañana
0,17,1,mañana
0,19,1,mañana
0,23,1,mañana
0,21,1,mañana
0,3,0,mañana
0,6,0,mañana
0,27,1,mañana
0,9,0,mañana
0,11,0,mañana
0,21,1,mañana
0,14,0,mañana
0,2,0,mañana
0,-2,0,mañana
0,8,0,mañana
0,4,0,mañana
0,-4,0,mañana
0,6,0,mañana
0,22,1,tarde
0,10,0,mañana
0,-4,0,mañana
0,-1,0,mañana
0,2,0,mañana
0,-3,0,mañana
0,0,0,mañana
0,8,0,tarde
0,0,0,tarde
0,-5,0,tarde
0,3,0,tarde
0,1,0,tarde
0,14,0,tarde
0,-2,0,tarde
0,9,0,tarde
0,7,0,tarde
0,6,0,tarde
0,-3,0,tarde
0,6,0,tarde
0,9,0,tarde
0,-3,0,tarde
0,6,0,tarde
0,12,0,tarde
0,-3,0,tarde
0,15,0,tarde
0,10,0,tarde
0,21,1,tarde
0,1,0,tarde
0,9,0,tarde
0,8,0,tarde
0,3,0,tarde
0,-1,0,tarde
0,15,0,tarde
0,19,1,tarde
0,58,1,tarde
0,25,1,tarde
0,-4,0,tarde
0,2,0,tarde
0,4,0,tarde
0,14,0,tarde
0,3,0,tarde
0,11,0,tarde
0,-5,0,tarde
0,7,0,tarde
0,15,0,tarde
0,5,0,tarde
0,2,0,tarde
0,0,0,tarde
0,3,0,tarde
0,12,0,tarde
0,-1,0,tarde
0,35,1,tarde
0,1,0,tarde
0,5,0,tarde
0,9,0,mañana
0,20,1,mañana
0,10,0,mañana
0,4,0,mañana
0,23,1,mañana
0,16,1,mañana
0,5,0,mañana
0,21,1,mañana
0,7,0,mañana
0,24,1,mañana
0,4,0,mañana
0,20,1,mañana
0,12,0,mañana
0,6,0,mañana
0,21,1,mañana
0,4,0,noche
0,-1,0,noche
0,23,1,noche
0,10,0,noche
0,13,0,noche
0,19,1,noche
0,74,1,noche
0,6,0,noche
0,-4,0,noche
0,5,0,noche
0,34,1,noche
0,0,0,noche
0,13,0,noche
0,46,1,noche
0,9,0,noche
0,7,0,noche
0,23,1,noche
0,41,1,tarde
0,18,1,tarde
0,8,0,tarde
0,2,0,tarde
0,2,0,tarde
0,0,0,tarde
0,0,0,tarde
0,5,0,tarde
0,4,0,tarde
0,0,0,tarde
0,17,1,tarde
0,23,1,tarde
0,8,0,tarde
0,4,0,tarde
0,2,0,tarde
0,-1,0,tarde
0,14,0,tarde
0,1,0,tarde
0,31,1,tarde
0,9,0,tarde
0,13,0,tarde
0,-1,0,tarde
0,10,0,tarde
0,9,0,tarde
0,5,0,tarde
0,22,1,tarde
0,13,0,mañana
0,16,1,mañana
0,14,0,mañana
0,15,0,mañana
0,9,0,mañana
0,9,0,mañana
0,27,1,mañana
0,7,0,mañana
0,5,0,mañana
0,30,1,mañana
0,23,1,mañana
0,4,0,mañana
0,-1,0,mañana
0,7,0,mañana
0,10,0,mañana
0,12,0,mañana
0,7,0,mañana
0,9,0,mañana
0,29,1,mañana
0,1,0,mañana
0,14,0,mañana
0,-5,0,mañana
0,16,1,mañana
0,12,0,mañana
0,12,0,mañana
0,17,1,mañana
0,15,0,mañana
0,21,1,mañana
0,9,0,mañana
0,12,0,mañana
0,6,0,noche
0,5,0,noche
0,-3,0,noche
0,2,0,noche
0,-3,0,noche
0,7,0,noche
0,3,0,noche
0,-4,0,noche
0,12,0,noche
0,3,0,noche
0,23,1,noche
0,-6,0,noche
0,84,1,noche
0,14,0,noche
0,-1,0,noche
0,14,0,noche
0,3,0,noche
0,44,1,noche
0,-4,0,noche
0,10,0,noche
0,-9,0,noche
0,4,0,noche
0,-1,0,noche
0,6,0,noche
0,32,1,noche
0,2,0,noche
0,12,0,noche
0,-1,0,noche
0,9,0,noche
0,-3,0,noche
0,6,0,noche
0,22,1,noche
0,5,0,noche
0,-1,0,noche
0,0,0,noche
0,27,1,noche
0,15,0,noche
0,6,0,noche
0,90,1,noche
0,6,0,noche
0,44,1,noche
0,8,0,noche
0,11,0,noche
0,0,0,noche
0,9,0,noche
0,3,0,noche
0,3,0,noche
0,14,0,noche
0,9,0,noche
0,-2,0,noche
0,8,0,noche
0,8,0,noche
0,7,0,noche
0,-11,0,noche
0,2,0,noche
0,-3,0,noche
0,14,0,noche
0,-4,0,noche
0,2,0,noche
0,10,0,noche
0,62,1,noche
0,18,1,noche
0,16,1,noche
0,0,0,noche
0,-3,0,noche
0,6,0,noche
0,-4,0,noche
0,-2,0,noche
0,0,0,noche
0,11,0,noche
0,-2,0,noche
0,11,0,noche
0,8,0,noche
0,0,0,noche
0,16,1,noche
0,0,0,noche
0,5,0,noche
0,3,0,noche
0,1,0,noche
0,-5,0,noche
0,-3,0,noche
0,9,0,noche
0,0,0,noche
0,-2,0,noche
0,2,0,noche
0,-1,0,noche
0,2,0,noche
0,0,0,noche
0,5,0,noche
0,-8,0,noche
0,0,0,noche
0,-6,0,noche
0,41,1,noche
0,2,0,noche
0,8,0,noche
0,3,0,noche
0,1,0,noche
0,-2,0,noche
0,-1,0,noche
0,12,0,noche
0,0,0,noche
0,3,0,noche
0,7,0,noche
0,14,0,noche
0,-3,0,noche
0,7,0,noche
0,0,0,noche
0,8,0,noche
0,40,1,noche
0,1,0,noche
0,7,0,noche
0,8,0,noche
0,4,0,noche
0,3,0,noche
0,1,0,noche
0,10,0,noche
0,4,0,noche
0,47,1,noche
0,-4,0,noche
0,15,0,noche
0,29,1,noche
0,28,1,noche
0,0,0,noche
0,52,1,noche
0,10,0,mañana
0,5,0,mañana
0,-1,0,mañana
0,4,0,mañana
0,3,0,mañana
0,29,1,mañana
0,2,0,mañana
0,53,1,mañana
0,1,0,mañana
0,7,0,mañana
0,2,0,mañana
0,16,1,mañana
0,8,0,mañana
0,4,0,noche
0,2,0,noche
0,4,0,noche
0,6,0,noche
0,6,0,noche
0,1,0,noche
0,0,0,noche
0,-7,0,noche
0,9,0,noche
0,-2,0,noche
0,-1,0,noche
0,17,1,noche
0,10,0,noche
0,2,0,noche
0,0,0,noche
0,2,0,noche
0,6,0,noche
0,-3,0,noche
0,1,0,noche
0,-1,0,noche
0,1,0,noche
0,6,0,noche
0,23,1,noche
0,2,0,noche
0,-2,0,noche
0,11,0,noche
0,2,0,noche
0,3,0,noche
0,14,0,noche
0,-1,0,noche
0,7,0,noche
0,72,1,mañana
0,24,1,mañana
0,10,0,mañana
0,1,0,mañana
0,90,1,mañana
0,8,0,mañana
0,0,0,mañana
0,68,1,mañana
0,7,0,mañana
0,8,0,mañana
0,-3,0,mañana
0,3,0,mañana
0,9,0,mañana
0,0,0,tarde
0,1,0,tarde
0,-2,0,tarde
0,2,0,tarde
0,3,0,tarde
0,2,0,tarde
0,4,0,tarde
0,-3,0,tarde
0,3,0,tarde
0,18,1,tarde
0,-7,0,tarde
0,3,0,tarde
0,4,0,tarde
0,4,0,tarde
0,5,0,tarde
0,4,0,tarde
0,0,0,tarde
0,3,0,mañana
0,4,0,mañana
0,4,0,mañana
0,8,0,mañana
0,2,0,mañana
0,13,0,mañana
0,0,0,mañana
0,-5,0,mañana
0,26,1,mañana
0,-3,0,mañana
0,9,0,mañana
0,41,1,mañana
0,21,1,mañana
0,11,0,mañana
0,2,0,mañana
0,6,0,mañana
0,9,0,mañana
0,3,0,mañana
0,4,0,mañana
0,9,0,mañana
0,10,0,mañana
0,18,1,mañana
0,13,0,mañana
0,4,0,mañana
0,0,0,mañana
0,1,0,mañana
0,15,0,mañana
0,-1,0,mañana
0,47,1,mañana
0,-5,0,mañana
0,2,0,noche
0,-3,0,noche
0,-1,0,noche
0,8,0,noche
0,7,0,noche
0,-6,0,noche
0,13,0,noche
0,6,0,noche
0,0,0,noche
0,26,1,noche
0,22,1,noche
0,2,0,noche
0,-8,0,noche
0,-3,0,noche
0,-1,0,noche
0,-1,0,noche
0,5,0,noche
0,5,0,noche
0,-2,0,noche
0,13,0,noche
0,3,0,noche
0,0,0,noche
0,15,0,noche
0,3,0,noche
0,41,1,noche
0,5,0,noche
0,4,0,noche
0,4,0,noche
0,-5,0,noche
0,16,1,noche
0,4,0,noche
0,-8,0,noche
0,4,0,noche
0,4,0,noche
0,3,0,noche
0,94,1,noche
0,43,1,noche
0,2,0,noche
0,4,0,noche
0,17,1,noche
0,11,0,noche
0,4,0,noche
0,5,0,noche
0,2,0,tarde
0,4,0,tarde
0,2,0,tarde
0,5,0,tarde
0,30,1,tarde
0,5,0,tarde
0,17,1,tarde
0,38,1,tarde
0,15,0,tarde
0,1,0,tarde
0,3,0,tarde
0,5,0,tarde
0,11,0,tarde
0,-2,0,tarde
0,-4,0,tarde
0,-2,0,tarde
0,2,0,tarde
0,12,0,tarde
0,2,0,tarde
0,-5,0,tarde
0,7,0,tarde
0,14,0,tarde
0,-3,0,tarde
0,-2,0,tarde
0,15,0,tarde
0,-2,0,tarde
0,7,0,noche
0,-3,0,noche
0,0,0,noche
0,-2,0,noche
0,9,0,noche
0,22,1,noche
0,3,0,noche
0,-4,0,noche
0,3,0,noche
0,15,0,noche
0,2,0,noche
0,3,0,noche
0,3,0,noche
0,-1,0,noche
0,1,0,noche
0,48,1,noche
0,4,0,noche
0,14,0,noche
0,0,0,noche
0,0,0,noche
0,0,0,noche
0,5,0,noche
0,-4,0,noche
0,10,0,noche
0,0,0,noche
0,-1,0,noche
0,4,0,noche
0,-2,0,noche
0,0,0,noche
0,0,0,noche
0,3,0,noche
0,0,0,tarde
0,8,0,tarde
0,32,1,tarde
0,10,0,tarde
0,4,0,tarde
0,5,0,tarde
0,7,0,tarde
0,13,0,tarde
0,10,0,tarde
0,18,1,tarde
0,7,0,tarde
0,1,0,tarde
0,12,0,tarde
0,2,0,tarde
0,5,0,tarde
0,2,0,tarde
0,6,0,tarde
0,14,0,tarde
0,-4,0,tarde
0,5,0,tarde
0,12,0,tarde
0,-3,0,tarde
0,6,0,tarde
0,12,0,tarde
0,4,0,tarde
0,7,0,tarde
0,7,0,tarde
0,4,0,tarde
0,5,0,tarde
0,4,0,tarde
0,20,1,tarde
0,0,0,tarde
0,-8,0,tarde
0,-4,0,tarde
0,-2,0,tarde
0,1,0,tarde
0,6,0,tarde
0,52,1,tarde
0,7,0,tarde
0,7,0,tarde
0,25,1,tarde
0,-5,0,tarde
0,7,0,noche
0,20,1,noche
0,-1,0,noche
0,11,0,noche
0,-5,0,noche
0,11,0,noche
0,-7,0,noche
0,-4,0,noche
0,-1,0,noche
0,-1,0,noche
0,13,0,noche
0,3,0,noche
0,9,0,noche
0,-3,0,noche
0,2,0,noche
0,-8,0,noche
0,24,1,noche
0,3,0,noche
0,-4,0,noche
0,8,0,tarde
0,1,0,tarde
0,36,1,tarde
0,-1,0,tarde
0,7,0,tarde
0,4,0,tarde
0,0,0,tarde
0,6,0,tarde
0,-3,0,tarde
0,-2,0,tarde
0,11,0,tarde
0,-4,0,tarde
0,-4,0,tarde
0,7,0,tarde
0,4,0,mañana
0,-2,0,mañana
0,11,0,mañana
0,36,1,mañana
0,3,0,mañana
0,5,0,mañana
0,4,0,mañana
0,15,0,mañana
0,11,0,mañana
0,15,0,mañana
0,7,0,mañana
0,7,0,mañana
0,4,0,mañana
0,2,0,mañana
0,1,0,mañana
0,1,0,mañana
0,127,1,mañana
0,0,0,mañana
0,19,1,mañana
0,3,0,mañana
0,10,0,mañana
0,3,0,mañana
0,29,1,mañana
0,6,0,mañana
0,2,0,mañana
0,20,1,mañana
0,-7,0,mañana
0,7,0,mañana
0,-7,0,mañana
0,4,0,mañana
0,7,0,mañana
0,-2,0,mañana
0,39,1,mañana
0,7,0,mañana
0,0,0,mañana
0,-3,0,mañana
0,3,0,mañana
0,8,0,mañana
0,17,1,mañana
0,14,0,mañana
0,29,1,mañana
0,1,0,tarde
0,4,0,tarde
0,4,0,tarde
0,-1,0,tarde
0,28,1,tarde
0,12,0,tarde
0,15,0,tarde
0,45,1,tarde
0,10,0,tarde
0,27,1,tarde
0,0,0,tarde
0,5,0,tarde
0,2,0,tarde
0,3,0,tarde
0,11,0,tarde
0,70,1,tarde
0,8,0,tarde
0,28,1,tarde
0,1,0,tarde
0,4,0,tarde
0,1,0,noche
0,9,0,noche
0,1,0,noche
0,3,0,noche
0,4,0,noche
0,11,0,noche
0,3,0,noche
0,6,0,noche
0,5,0,noche
0,7,0,noche
0,26,1,noche
0,67,1,noche
0,33,1,noche
0,9,0,noche
0,4,0,noche
0,1,0,noche
0,10,0,noche
0,2,0,noche
0,8,0,noche
0,2,0,noche
0,1,0,noche
0,1,0,noche
0,3,0,noche
0,-2,0,noche
0,42,1,noche
0,-11,0,noche
0,3,0,noche
0,7,0,noche
0,7,0,tarde
0,4,0,tarde
0,11,0,tarde
0,10,0,tarde
0,9,0,mañana
0,10,0,mañana
0,28,1,mañana
0,17,1,mañana
0,66,1,mañana
0,37,1,mañana
0,8,0,mañana
0,7,0,mañana
0,4,0,mañana
0,13,0,mañana
0,13,0,mañana
0,1,0,mañana
0,-6,0,mañana
0,6,0,mañana
0,39,1,mañana
0,18,1,mañana
0,6,0,mañana
0,-2,0,mañana
0,2,0,mañana
0,12,0,mañana
0,33,1,mañana
0,22,1,mañana
0,46,1,mañana
0,3,0,mañana
0,6,0,mañana
0,10,0,mañana
0,-2,0,mañana
0,0,0,mañana
0,-5,0,mañana
0,5,0,mañana
0,-5,0,mañana
0,0,0,mañana
0,12,0,mañana
0,12,0,mañana
0,0,0,mañana
0,3,0,mañana
0,18,1,mañana
0,5,0,mañana
0,14,0,mañana
0,27,1,mañana
0,3,0,mañana
0,5,0,mañana
0,3,0,mañana
0,8,0,mañana
0,9,0,mañana
0,2,0,mañana
0,6,0,mañana
0,6,0,mañana
0,-1,0,mañana
0,-1,0,tarde
0,140,1,tarde
0,2,0,tarde
0,1,0,tarde
0,2,0,tarde
0,53,1,mañana
0,4,0,tarde
0,12,0,mañana
0,-2,0,tarde
0,-2,0,mañana
0,3,0,tarde
0,0,0,mañana
0,5,0,tarde
0,8,0,mañana
0,5,0,mañana
0,9,0,mañana
0,16,1,mañana
0,1,0,mañana
0,7,0,mañana
0,5,0,mañana
0,-4,0,mañana
0,10,0,mañana
0,-4,0,mañana
0,-7,0,mañana
0,7,0,mañana
0,-2,0,mañana
0,9,0,mañana
0,-1,0,mañana
0,3,0,mañana
0,9,0,mañana
0,5,0,mañana
0,-2,0,mañana
0,-1,0,mañana
0,1,0,mañana
0,20,1,mañana
0,16,1,tarde
0,19,1,noche
0,17,1,tarde
0,15,0,noche
0,-2,0,tarde
0,0,0,noche
0,4,0,tarde
0,4,0,noche
0,5,0,tarde
0,-4,0,noche
0,22,1,noche
0,5,0,noche
0,0,0,noche
0,11,0,noche
0,-2,0,noche
0,50,1,noche
0,0,0,noche
0,0,0,noche
0,27,1,noche
0,3,0,noche
0,19,1,noche
0,-1,0,noche
0,-1,0,noche
0,19,1,noche
0,59,1,tarde
0,11,0,tarde
0,-2,0,tarde
0,12,0,tarde
0,19,1,tarde
0,-1,0,tarde
0,11,0,tarde
0,0,0,tarde
0,3,0,tarde
0,4,0,tarde
0,4,0,tarde
0,-1,0,tarde
0,16,1,noche
0,0,0,noche
0,0,0,noche
0,3,0,noche
0,7,0,noche
0,1,0,noche
0,2,0,noche
0,-3,0,noche
0,1,0,noche
0,1,0,noche
0,3,0,noche
0,2,0,noche
0,1,0,noche
0,61,1,noche
0,0,0,noche
0,-9,0,noche
0,29,1,noche
0,1,0,noche
0,0,0,noche
0,2,0,noche
0,26,1,noche
0,-2,0,noche
0,1,0,noche
0,6,0,noche
0,63,1,noche
0,-7,0,noche
0,7,0,noche
0,16,1,mañana
0,13,0,mañana
0,2,0,mañana
0,-5,0,mañana
0,0,0,mañana
0,-4,0,mañana
0,26,1,mañana
0,8,0,mañana
0,-3,0,mañana
0,98,1,mañana
0,1,0,mañana
0,-2,0,mañana
0,8,0,mañana
0,3,0,mañana
0,19,1,mañana
0,3,0,mañana
0,10,0,mañana
0,1,0,mañana
0,7,0,mañana
0,0,0,mañana
0,70,1,mañana
0,5,0,mañana
0,2,0,mañana
0,10,0,mañana
0,14,0,mañana
0,28,1,mañana
0,0,0,mañana
0,17,1,mañana
0,-1,0,mañana
0,0,0,mañana
0,-5,0,mañana
0,-3,0,mañana
0,6,0,mañana
0,5,0,mañana
0,21,1,mañana
0,-1,0,mañana
0,1,0,mañana
0,1,0,tarde
0,6,0,tarde
0,13,0,tarde
0,3,0,tarde
0,10,0,tarde
0,5,0,tarde
0,24,1,tarde
0,6,0,tarde
0,16,1,tarde
0,16,1,tarde
0,8,0,noche
0,11,0,noche
0,10,0,noche
0,25,1,noche
0,2,0,noche
0,19,1,noche
0,8,0,noche
0,131,1,noche
0,3,0,noche
0,15,0,noche
0,18,1,noche
0,12,0,noche
0,8,0,noche
0,3,0,noche
0,-3,0,noche
0,86,1,noche
0,0,0,noche
0,2,0,noche
0,-3,0,noche
0,-1,0,noche
0,-2,0,noche
0,8,0,noche
0,7,0,noche
0,8,0,noche
0,-1,0,noche
0,-5,0,noche
0,7,0,noche
0,12,0,noche
0,81,1,noche
0,9,0,noche
0,10,0,noche
0,-5,0,noche
0,-4,0,noche
0,33,1,noche
0,48,1,noche
0,15,0,noche
0,-2,0,noche
0,2,0,noche
0,3,0,noche
0,-2,0,noche
0,-5,0,noche
0,-2,0,noche
0,8,0,noche
0,0,0,noche
0,4,0,noche
0,3,0,noche
0,-11,0,noche
0,28,1,tarde
0,13,0,tarde
0,0,0,noche
0,-2,0,noche
0,21,1,mañana
0,4,0,mañana
0,36,1,mañana
0,3,0,mañana
0,6,0,mañana
0,59,1,mañana
0,35,1,mañana
0,7,0,mañana
0,24,1,mañana
0,33,1,mañana
0,26,1,mañana
0,14,0,mañana
0,19,1,mañana
0,1,0,mañana
0,11,0,mañana
0,22,1,mañana
0,15,0,mañana
0,16,1,mañana
0,12,0,mañana
0,9,0,mañana
0,3,0,mañana
0,12,0,mañana
0,4,0,mañana
0,15,0,mañana
0,3,0,mañana
0,15,0,mañana
0,24,1,mañana
0,-5,0,mañana
0,13,0,mañana
0,-2,0,mañana
0,1,0,mañana
0,2,0,mañana
0,17,1,tarde
0,-10,0,tarde
0,-6,0,tarde
0,6,0,tarde
0,4,0,tarde
0,-5,0,mañana
0,6,0,mañana
0,4,0,mañana
0,-1,0,mañana
0,-6,0,mañana
0,-6,0,tarde
0,-2,0,tarde
0,-8,0,tarde
0,0,0,tarde
0,-13,0,mañana
0,78,1,mañana
0,3,0,mañana
0,13,0,mañana
0,-13,0,mañana
0,41,1,mañana
0,-2,0,mañana
0,38,1,mañana
0,-7,0,tarde
0,13,0,tarde
0,22,1,tarde
0,6,0,tarde
0,2,0,tarde
0,46,1,tarde
0,22,1,tarde
0,5,0,tarde
0,23,1,tarde
0,21,1,tarde
0,78,1,tarde
0,59,1,tarde
0,3,0,tarde
0,27,1,tarde
0,10,0,tarde
0,0,0,tarde
0,19,1,tarde
0,17,1,tarde
0,11,0,tarde
0,9,0,tarde
0,30,1,tarde
0,4,0,tarde
0,0,0,mañana
0,2,0,mañana
0,18,1,mañana
0,13,0,mañana
0,161,1,mañana
0,47,1,mañana
0,17,1,mañana
0,121,1,mañana
0,69,1,mañana
0,19,1,mañana
0,-2,0,mañana
0,27,1,mañana
0,105,1,mañana
0,75,1,tarde
0,15,0,tarde
0,-3,0,noche
0,-2,0,tarde
0,19,1,noche
0,-3,0,noche
0,127,1,tarde
0,57,1,noche
0,60,1,noche
0,22,1,noche
0,3,0,tarde
0,27,1,noche
0,5,0,noche
0,60,1,tarde
0,135,1,noche
0,98,1,noche
0,-4,0,mañana
0,-8,0,mañana
0,-13,0,mañana
0,160,1,mañana
0,3,0,mañana
0,-8,0,mañana
0,41,1,noche
0,65,1,mañana
0,29,1,tarde
0,-8,0,tarde
0,35,1,tarde
0,-2,0,tarde
0,114,1,tarde
0,12,0,tarde
0,22,1,tarde
0,-5,0,tarde
0,13,0,tarde
0,23,1,tarde
0,89,1,tarde
0,-3,0,tarde
0,1,0,tarde
0,-3,0,tarde
0,125,1,noche
0,-5,0,noche
0,-6,0,noche
0,12,0,noche
0,18,1,noche
0,18,1,noche
0,-8,0,noche
0,4,0,noche
0,37,1,noche
0,67,1,noche
0,128,1,noche
0,122,1,noche
0,91,1,noche
0,72,1,noche
0,124,1,noche
0,52,1,noche
0,42,1,noche
0,74,1,noche
0,74,1,noche
0,84,1,noche
0,125,1,noche
0,86,1,noche
0,76,1,noche
0,72,1,noche
0,2,0,mañana
0,-13,0,mañana
0,-8,0,noche
0,25,1,noche
0,80,1,noche
0,81,1,noche
0,14,0,noche
0,125,1,noche
0,29,1,noche
0,0,0,noche
0,119,1,noche
0,15,0,noche
0,5,0,noche
0,5,0,noche
0,14,0,noche
0,2,0,noche
0,0,0,noche
0,30,1,noche
0,2,0,noche
0,3,0,noche
0,106,1,noche
0,95,1,noche
0,50,1,noche
0,49,1,noche
0,68,1,noche
0,26,1,noche
0,78,1,noche
0,65,1,noche
0,21,1,noche
0,51,1,noche
0,55,1,noche
0,19,1,noche
0,79,1,noche
0,95,1,noche
0,58,1,noche
0,39,1,noche
0,21,1,mañana
0,-3,0,mañana
0,-10,0,mañana
0,-1,0,mañana
0,14,0,mañana
0,41,1,mañana
0,73,1,mañana
0,-7,0,mañana
0,5,0,mañana
0,32,1,noche
0,67,1,mañana
0,28,1,mañana
0,1,0,mañana
0,0,0,mañana
0,1,0,mañana
0,5,0,mañana
0,2,0,mañana
0,-4,0,mañana
0,9,0,mañana
0,-2,0,mañana
0,10,0,mañana
0,16,1,mañana
0,-4,0,mañana
0,3,0,mañana
0,-7,0,mañana
0,24,1,tarde
0,3,0,tarde
0,39,1,tarde
0,-3,0,tarde
0,17,1,tarde
0,3,0,tarde
0,4,0,tarde
0,4,0,tarde
0,9,0,tarde
0,-1,0,tarde
0,3,0,tarde
0,-3,0,tarde
0,-2,0,tarde
0,43,1,mañana
0,-5,0,mañana
0,-2,0,mañana
0,1,0,mañana
0,0,0,mañana
0,0,0,mañana
0,-2,0,mañana
0,0,0,mañana
0,17,1,mañana
0,-1,0,mañana
0,-1,0,mañana
0,7,0,tarde
0,9,0,tarde
0,3,0,tarde
0,30,1,tarde
0,19,1,tarde
0,0,0,noche
0,4,0,noche
0,0,0,tarde
0,7,0,tarde
0,16,1,tarde
0,-8,0,noche
0,-5,0,tarde
0,21,1,tarde
0,25,1,tarde
0,0,0,tarde
0,6,0,tarde
0,-2,0,tarde
0,5,0,tarde
0,-1,0,tarde
0,5,0,tarde
0,2,0,tarde
0,0,0,tarde
0,6,0,tarde
0,18,1,tarde
0,5,0,tarde
0,1,0,tarde
0,9,0,tarde
0,-8,0,tarde
0,-3,0,tarde
0,5,0,mañana
0,6,0,mañana
0,2,0,mañana
0,-11,0,mañana
0,-3,0,mañana
0,10,0,tarde
0,7,0,tarde
0,3,0,tarde
0,0,0,tarde
0,2,0,tarde
0,8,0,tarde
0,16,1,tarde
0,22,1,tarde
0,1,0,tarde
0,14,0,tarde
0,36,1,tarde
0,19,1,tarde
0,8,0,tarde
0,20,1,tarde
0,-3,0,tarde
0,-3,0,tarde
0,-5,0,tarde
0,8,0,tarde
0,-1,0,tarde
0,0,0,noche
0,2,0,noche
0,8,0,noche
0,-5,0,noche
0,-8,0,noche
0,-7,0,noche
1,2,0,noche
1,2,0,noche
1,-5,0,noche
1,1,0,noche
1,-2,0,noche
1,-2,0,noche
1,85,1,noche
1,-14,0,noche
1,-5,0,noche
1,-10,0,noche
1,-7,0,noche
1,-2,0,noche
1,90,1,noche
1,-2,0,noche
1,-5,0,noche
0,-1,0,noche
0,-12,0,noche
0,-3,0,noche
0,-7,0,noche
0,-2,0,noche
0,-3,0,noche
0,2,0,noche
0,-6,0,noche
0,-1,0,noche
0,-2,0,noche
1,1,0,noche
1,-11,0,noche
1,-12,0,noche
1,-5,0,noche
1,-14,0,noche
1,-6,0,noche
1,-3,0,noche
1,-5,0,noche
1,-3,0,noche
1,-5,0,noche
1,17,1,noche
1,-8,0,noche
1,-12,0,noche
1,-5,0,noche
1,-7,0,noche
1,-12,0,noche
1,-10,0,noche
1,-4,0,noche
1,-4,0,noche
1,-4,0,noche
0,36,1,mañana
0,-2,0,mañana
0,0,0,mañana
0,17,1,mañana
0,94,1,mañana
0,28,1,mañana
0,22,1,mañana
0,17,1,mañana
0,29,1,mañana
1,24,1,mañana
1,33,1,mañana
1,25,1,mañana
1,-9,0,mañana
1,34,1,mañana
1,-2,0,mañana
1,8,0,mañana
1,11,0,mañana
1,6,0,mañana
1,4,0,mañana
1,13,0,mañana
1,-7,0,mañana
1,20,1,mañana
1,26,1,mañana
0,22,1,noche
0,39,1,noche
0,5,0,noche
0,-1,0,noche
0,24,1,noche
0,45,1,noche
0,0,0,noche
0,5,0,noche
0,14,0,noche
1,-1,0,noche
1,0,0,noche
1,-3,0,noche
1,4,0,noche
1,1,0,noche
1,-7,0,noche
1,6,0,noche
1,15,0,noche
1,2,0,noche
1,20,1,noche
1,-11,0,noche
1,10,0,noche
1,0,0,noche
1,3,0,noche
0,-3,0,tarde
0,-1,0,tarde
0,2,0,tarde
0,26,1,tarde
0,-4,0,tarde
0,-7,0,tarde
0,-11,0,tarde
0,-5,0,tarde
0,-11,0,tarde
0,22,1,tarde
1,-3,0,tarde
1,0,0,tarde
1,-1,0,tarde
1,4,0,tarde
1,-4,0,tarde
1,-3,0,tarde
1,-9,0,tarde
1,-5,0,tarde
1,6,0,tarde
1,4,0,tarde
1,-13,0,tarde
1,-9,0,tarde
1,-7,0,tarde
1,-1,0,tarde
1,7,0,tarde
1,8,0,tarde
1,-5,0,tarde
1,2,0,tarde
1,10,0,tarde
0,-2,0,noche
0,3,0,noche
0,-8,0,noche
0,-8,0,noche
0,-11,0,noche
0,-2,0,noche
0,-5,0,noche
0,2,0,noche
0,0,0,noche
0,5,0,noche
1,-12,0,noche
1,3,0,noche
1,-9,0,noche
1,-5,0,noche
1,-12,0,noche
1,-11,0,noche
1,-8,0,noche
1,-12,0,noche
1,-8,0,noche
1,-9,0,noche
1,-4,0,noche
1,1,0,noche
1,-8,0,noche
1,1,0,noche
1,0,0,noche
1,-4,0,noche
1,-3,0,noche
1,-7,0,noche
1,-9,0,noche
0,11,0,mañana
0,20,1,mañana
0,30,1,mañana
0,2,0,mañana
0,-12,0,mañana
0,69,1,mañana
0,-9,0,mañana
0,14,0,mañana
0,18,1,mañana
0,-4,0,mañana
1,11,0,mañana
1,13,0,mañana
1,-2,0,mañana
1,3,0,mañana
1,-2,0,mañana
1,1,0,mañana
1,0,0,mañana
1,15,0,mañana
1,-3,0,mañana
1,2,0,mañana
1,4,0,mañana
1,-8,0,mañana
1,36,1,mañana
1,-9,0,mañana
1,26,1,mañana
1,-5,0,mañana
1,-9,0,mañana
1,51,1,mañana
1,4,0,mañana
0,6,0,mañana
0,2,0,mañana
0,45,1,mañana
0,17,1,mañana
0,0,0,mañana
0,2,0,mañana
0,4,0,mañana
0,12,0,mañana
0,-9,0,mañana
0,0,0,mañana
1,-2,0,mañana
1,-2,0,mañana
1,4,0,mañana
1,1,0,mañana
1,4,0,mañana
1,2,0,mañana
1,-3,0,mañana
1,19,1,mañana
1,0,0,mañana
1,-5,0,mañana
1,-6,0,mañana
1,-3,0,mañana
1,-6,0,mañana
1,-8,0,mañana
1,-3,0,mañana
1,-1,0,mañana
1,2,0,mañana
1,-2,0,mañana
1,-4,0,mañana
1,6,0,mañana
0,36,1,tarde
0,-1,0,tarde
0,30,1,tarde
0,19,1,tarde
0,16,1,tarde
0,6,0,tarde
0,11,0,tarde
0,-3,0,tarde
0,19,1,tarde
1,11,0,tarde
1,1,0,tarde
1,7,0,tarde
1,1,0,tarde
1,-9,0,tarde
1,0,0,tarde
1,-6,0,tarde
1,-2,0,tarde
1,-2,0,tarde
1,-3,0,tarde
1,-14,0,tarde
1,24,1,tarde
1,14,0,tarde
1,7,0,tarde
1,126,1,tarde
1,67,1,tarde
1,6,0,tarde
0,4,0,noche
0,-7,0,noche
0,23,1,noche
0,-6,0,noche
0,-13,0,noche
0,46,1,noche
0,26,1,noche
0,-9,0,noche
0,-3,0,noche
0,-6,0,noche
1,1,0,noche
1,12,0,noche
1,-7,0,noche
1,25,1,noche
1,-1,0,noche
1,-4,0,noche
1,-7,0,noche
1,-2,0,noche
1,20,1,noche
1,-10,0,noche
1,6,0,noche
1,-10,0,noche
1,-2,0,noche
1,-2,0,noche
1,-7,0,noche
1,-2,0,noche
1,0,0,noche
1,0,0,noche
1,9,0,noche
1,-5,0,noche
0,5,0,mañana
0,-2,0,mañana
0,111,1,mañana
0,12,0,mañana
0,8,0,mañana
0,99,1,mañana
0,1,0,mañana
0,0,0,mañana
0,-2,0,mañana
0,-6,0,mañana
1,9,0,mañana
1,-5,0,mañana
1,4,0,mañana
1,24,1,mañana
1,18,1,mañana
1,3,0,mañana
1,-2,0,mañana
1,95,1,mañana
1,-3,0,mañana
1,-7,0,mañana
1,1,0,mañana
1,-4,0,mañana
1,-5,0,mañana
1,0,0,mañana
1,8,0,mañana
1,-3,0,mañana
1,-2,0,mañana
1,-2,0,mañana
1,-8,0,mañana
1,-5,0,mañana
0,12,0,noche
0,-2,0,noche
0,42,1,noche
0,34,1,noche
0,22,1,noche
0,62,1,noche
0,6,0,noche
0,26,1,noche
0,0,0,noche
0,85,1,noche
1,16,1,noche
1,11,0,noche
1,26,1,noche
1,25,1,noche
1,20,1,noche
1,10,0,noche
1,6,0,noche
1,12,0,noche
1,5,0,noche
1,15,0,noche
1,74,1,noche
1,7,0,noche
1,-9,0,noche
1,10,0,noche
1,-5,0,noche
1,40,1,noche
1,23,1,noche
1,17,1,noche
1,18,1,noche
1,-9,0,noche
0,-9,0,tarde
1,43,1,tarde
1,27,1,tarde
1,2,0,tarde
1,5,0,tarde
1,13,0,tarde
1,-1,0,tarde
0,-7,0,mañana
0,37,1,mañana
0,123,1,mañana
0,-1,0,mañana
0,35,1,mañana
0,-3,0,mañana
0,132,1,mañana
0,-6,0,mañana
0,2,0,mañana
1,15,0,mañana
1,0,0,mañana
1,1,0,mañana
1,1,0,mañana
1,-1,0,mañana
1,7,0,mañana
1,-2,0,mañana
1,34,1,mañana
1,-3,0,mañana
1,-11,0,mañana
1,-11,0,mañana
1,-1,0,mañana
1,-5,0,mañana
1,27,1,mañana
1,10,0,mañana
0,6,0,tarde
0,0,0,tarde
0,47,1,tarde
0,8,0,tarde
0,2,0,tarde
0,27,1,tarde
0,23,1,tarde
0,68,1,tarde
0,21,1,tarde
0,12,0,tarde
1,11,0,tarde
1,19,1,tarde
1,18,1,tarde
1,0,0,tarde
1,21,1,tarde
1,7,0,tarde
1,21,1,tarde
1,11,0,tarde
1,-3,0,tarde
1,-8,0,tarde
1,-4,0,tarde
1,112,1,tarde
1,5,0,tarde
1,5,0,tarde
1,125,1,tarde
1,75,1,tarde
1,25,1,tarde
1,107,1,tarde
1,21,1,tarde
1,140,1,tarde
0,6,0,noche
0,-3,0,noche
0,-14,0,noche
0,0,0,noche
0,1,0,noche
0,-5,0,noche
0,-3,0,noche
0,-6,0,noche
1,-12,0,noche
1,1,0,noche
1,-1,0,noche
1,-6,0,noche
1,-7,0,noche
1,2,0,noche
1,-11,0,noche
1,42,1,tarde
1,-14,0,noche
0,0,0,mañana
0,38,1,mañana
0,4,0,mañana
0,0,0,mañana
0,15,0,mañana
0,-10,0,mañana
0,-12,0,mañana
1,41,1,mañana
1,72,1,mañana
1,5,0,mañana
1,-1,0,mañana
1,8,0,mañana
1,-9,0,mañana
1,-2,0,mañana
1,-2,0,mañana
1,-7,0,mañana
1,6,0,mañana
1,-3,0,mañana
1,-3,0,mañana
1,8,0,mañana
1,-1,0,mañana
1,2,0,mañana
0,10,0,mañana
0,0,0,mañana
0,36,1,mañana
0,0,0,mañana
0,-10,0,mañana
0,-9,0,mañana
0,-1,0,mañana
0,-11,0,mañana
0,1,0,mañana
0,-4,0,mañana
1,14,0,mañana
1,-8,0,mañana
1,-6,0,mañana
1,1,0,mañana
1,0,0,mañana
1,-4,0,mañana
1,-4,0,mañana
1,0,0,mañana
1,12,0,mañana
1,-3,0,mañana
1,-14,0,mañana
1,1,0,mañana
1,-5,0,mañana
1,-4,0,mañana
1,13,0,mañana
1,-11,0,mañana
1,-9,0,mañana
1,-5,0,mañana
1,2,0,mañana
0,-8,0,tarde
0,48,1,tarde
0,1,0,tarde
0,6,0,tarde
0,-4,0,tarde
0,-10,0,tarde
0,3,0,tarde
0,0,0,tarde
0,-7,0,tarde
0,-1,0,tarde
1,-3,0,tarde
1,0,0,tarde
1,5,0,tarde
1,0,0,tarde
1,-10,0,tarde
1,1,0,tarde
1,0,0,tarde
1,-5,0,tarde
1,0,0,tarde
1,4,0,tarde
1,2,0,tarde
1,-6,0,tarde
1,-10,0,tarde
1,3,0,tarde
1,14,0,tarde
1,5,0,tarde
1,-11,0,tarde
1,-1,0,tarde
1,0,0,tarde
0,-6,0,noche
0,1,0,noche
0,0,0,noche
0,-12,0,noche
0,7,0,noche
0,-6,0,noche
0,7,0,noche
0,4,0,noche
0,1,0,noche
0,-1,0,noche
1,-3,0,noche
1,-5,0,noche
1,-9,0,noche
1,4,0,noche
1,-5,0,noche
1,-1,0,noche
1,-5,0,noche
1,-3,0,noche
1,-13,0,noche
1,-9,0,noche
1,-7,0,noche
1,-8,0,noche
1,-7,0,noche
1,-11,0,noche
1,-6,0,noche
1,-8,0,noche
1,0,0,noche
1,5,0,noche
1,-2,0,noche
0,1,0,noche
0,-6,0,noche
0,-6,0,noche
0,-3,0,noche
0,-11,0,noche
0,9,0,noche
0,0,0,noche
0,-7,0,noche
0,-12,0,noche
0,-9,0,noche
1,4,0,noche
1,-10,0,noche
1,6,0,noche
1,-8,0,noche
1,30,1,noche
1,12,0,noche
1,-6,0,noche
1,-10,0,noche
1,-10,0,noche
1,-3,0,noche
1,-12,0,noche
1,7,0,noche
1,2,0,noche
1,-5,0,noche
1,-6,0,noche
1,2,0,noche
1,3,0,noche
1,-8,0,noche
1,0,0,noche
1,21,1,noche
0,5,0,noche
0,6,0,noche
0,-5,0,noche
0,-12,0,noche
0,10,0,noche
0,14,0,noche
0,1,0,noche
0,1,0,noche
0,-4,0,noche
0,0,0,noche
1,5,0,noche
1,-9,0,noche
1,-3,0,noche
1,23,1,noche
1,-4,0,noche
1,-9,0,noche
1,9,0,noche
1,2,0,noche
1,-5,0,noche
1,-2,0,noche
1,-14,0,noche
1,-5,0,noche
1,-11,0,noche
1,-2,0,noche
1,-10,0,noche
1,1,0,noche
1,-6,0,noche
1,37,1,noche
1,-3,0,noche
0,-6,0,noche
0,8,0,noche
0,0,0,noche
0,1,0,noche
0,7,0,noche
0,-3,0,noche
0,-5,0,noche
0,4,0,noche
0,8,0,noche
0,0,0,noche
1,-3,0,noche
1,-6,0,noche
1,-9,0,noche
1,-1,0,noche
1,9,0,noche
1,9,0,noche
1,5,0,noche
1,-6,0,noche
1,10,0,noche
1,0,0,noche
1,16,1,noche
1,-6,0,noche
1,0,0,noche
1,-1,0,noche
1,-7,0,noche
1,-7,0,noche
1,-3,0,noche
1,-4,0,noche
1,-3,0,noche
0,-4,0,tarde
0,3,0,tarde
0,0,0,tarde
0,15,0,tarde
0,-3,0,tarde
0,-2,0,tarde
0,3,0,tarde
0,5,0,tarde
0,-9,0,tarde
0,1,0,tarde
1,3,0,tarde
1,8,0,tarde
1,15,0,tarde
1,-2,0,tarde
1,-2,0,tarde
1,5,0,tarde
1,-7,0,tarde
1,-9,0,tarde
1,4,0,tarde
1,-5,0,tarde
1,1,0,tarde
1,-2,0,tarde
1,-4,0,tarde
1,15,0,tarde
1,-8,0,tarde
1,7,0,tarde
1,8,0,tarde
1,5,0,tarde
1,3,0,tarde
0,-7,0,mañana
0,-3,0,mañana
0,-12,0,mañana
0,-14,0,mañana
0,1,0,mañana
0,-1,0,mañana
1,4,0,mañana
1,-6,0,mañana
1,-12,0,mañana
1,-7,0,mañana
1,-7,0,mañana
1,-12,0,mañana
1,2,0,mañana
1,-4,0,mañana
1,-9,0,mañana
1,-1,0,mañana
1,-6,0,mañana
1,0,0,mañana
1,-1,0,mañana
0,3,0,mañana
0,-9,0,mañana
0,4,0,mañana
0,8,0,mañana
0,-9,0,mañana
0,-2,0,mañana
0,-11,0,mañana
0,6,0,mañana
0,-1,0,mañana
1,24,1,mañana
1,-8,0,mañana
1,-13,0,mañana
1,-3,0,mañana
1,-13,0,mañana
1,10,0,mañana
1,-6,0,mañana
1,-11,0,mañana
1,-9,0,mañana
1,-14,0,mañana
1,-13,0,mañana
1,-13,0,mañana
1,-7,0,mañana
1,-10,0,mañana
1,-5,0,mañana
1,-14,0,mañana
0,35,1,tarde
0,16,1,tarde
0,40,1,tarde
0,27,1,tarde
0,12,0,tarde
0,-5,0,tarde
0,16,1,tarde
0,25,1,tarde
0,26,1,tarde
0,19,1,tarde
1,20,1,tarde
1,29,1,tarde
1,64,1,tarde
1,23,1,tarde
1,20,1,tarde
1,14,0,tarde
1,12,0,tarde
1,24,1,tarde
1,34,1,tarde
1,8,0,tarde
1,21,1,tarde
1,18,1,tarde
1,21,1,tarde
1,11,0,tarde
1,10,0,tarde
1,18,1,tarde
1,13,0,tarde
1,8,0,tarde
1,28,1,tarde
1,51,1,tarde
0,12,0,tarde
0,17,1,tarde
0,15,0,tarde
0,-1,0,tarde
0,1,0,tarde
1,-3,0,tarde
1,-7,0,tarde
1,0,0,tarde
1,-7,0,tarde
1,-1,0,tarde
1,-9,0,tarde
1,-6,0,tarde
1,-10,0,tarde
1,-12,0,tarde
1,-3,0,tarde
1,-14,0,tarde
0,23,1,noche
1,-7,0,noche
0,-7,0,noche
0,147,1,noche
0,159,1,tarde
0,16,1,tarde
0,25,1,tarde
0,-3,0,tarde
0,16,1,tarde
0,24,1,tarde
1,24,1,tarde
1,17,1,tarde
1,4,0,tarde
1,11,0,tarde
1,10,0,tarde
1,15,0,tarde
1,12,0,tarde
1,11,0,tarde
1,3,0,tarde
1,46,1,tarde
1,41,1,tarde
0,5,0,tarde
0,3,0,tarde
0,-2,0,tarde
0,3,0,tarde
0,1,0,tarde
0,3,0,tarde
1,2,0,tarde
1,11,0,tarde
1,19,1,tarde
1,25,1,tarde
1,0,0,tarde
1,1,0,tarde
1,2,0,tarde
1,0,0,tarde
1,3,0,tarde
1,-2,0,tarde
1,-4,0,tarde
0,9,0,mañana
0,37,1,mañana
0,130,1,mañana
0,4,0,mañana
0,0,0,mañana
0,-1,0,mañana
0,-7,0,mañana
0,-2,0,mañana
0,14,0,mañana
0,1,0,mañana
1,-4,0,mañana
1,0,0,mañana
1,-6,0,mañana
1,-3,0,mañana
1,-6,0,mañana
1,-7,0,mañana
1,-10,0,mañana
1,0,0,mañana
1,-2,0,mañana
1,0,0,mañana
1,-9,0,mañana
1,-2,0,mañana
1,-7,0,mañana
1,10,0,mañana
1,-5,0,mañana
1,25,1,mañana
1,0,0,mañana
1,0,0,mañana
1,3,0,mañana
0,-9,0,noche
0,-7,0,noche
0,-5,0,noche
0,-8,0,noche
0,15,0,noche
0,-10,0,noche
1,-5,0,noche
1,-6,0,noche
1,4,0,noche
1,3,0,noche
1,0,0,noche
1,-7,0,noche
1,-5,0,noche
1,37,1,noche
1,-9,0,noche
1,-5,0,noche
1,-1,0,noche
1,0,0,noche
1,-12,0,noche
1,-6,0,noche
1,-7,0,noche
1,-14,0,noche
1,14,0,noche
1,41,1,noche
1,7,0,noche
1,-5,0,noche
0,15,0,noche
0,157,1,tarde
0,51,1,noche
0,46,1,noche
1,110,1,noche
1,3,0,noche
1,34,1,noche
1,-8,0,noche
1,-8,0,noche
1,63,1,noche
1,35,1,noche
1,18,1,noche
0,0,0,tarde
0,0,0,tarde
0,-8,0,tarde
0,75,1,tarde
0,68,1,tarde
0,-11,0,tarde
0,0,0,tarde
0,14,0,tarde
0,42,1,tarde
0,0,0,tarde
1,0,0,tarde
1,12,0,tarde
1,-6,0,tarde
1,13,0,tarde
1,14,0,tarde
1,1,0,tarde
1,0,0,tarde
1,-2,0,tarde
1,-5,0,tarde
1,12,0,tarde
1,2,0,tarde
1,-9,0,tarde
1,-13,0,tarde
1,12,0,tarde
1,-2,0,tarde
1,-8,0,tarde
1,-7,0,tarde
1,-8,0,tarde
1,-10,0,tarde
0,-9,0,noche
0,-7,0,noche
0,-9,0,noche
0,-6,0,noche
0,-5,0,noche
0,-10,0,noche
0,4,0,noche
0,0,0,noche
1,8,0,noche
1,-10,0,noche
1,-8,0,noche
1,-5,0,noche
1,-9,0,noche
1,-13,0,noche
1,24,1,noche
1,2,0,noche
1,-10,0,noche
1,-12,0,noche
1,7,0,noche
1,-9,0,noche
1,-8,0,noche
1,-1,0,noche
1,7,0,noche
1,4,0,noche
1,-8,0,noche
0,-1,0,tarde
0,16,1,tarde
0,12,0,tarde
0,7,0,tarde
0,52,1,tarde
0,7,0,tarde
1,3,0,tarde
1,3,0,tarde
1,7,0,tarde
1,111,1,tarde
1,16,1,tarde
1,6,0,tarde
1,2,0,tarde
1,-6,0,tarde
1,5,0,tarde
1,13,0,tarde
1,13,0,tarde
1,16,1,tarde
1,19,1,tarde
1,9,0,tarde
1,15,0,tarde
0,6,0,tarde
0,-1,0,tarde
0,0,0,tarde
0,12,0,tarde
1,9,0,tarde
1,-1,0,tarde
1,7,0,tarde
1,2,0,tarde
1,10,0,tarde
1,2,0,tarde
1,45,1,tarde
1,-4,0,tarde
1,-1,0,tarde
1,2,0,tarde
1,43,1,tarde
1,-1,0,tarde
0,30,1,tarde
0,6,0,tarde
0,-13,0,tarde
0,22,1,tarde
0,3,0,tarde
0,14,0,tarde
0,20,1,tarde
0,3,0,tarde
0,6,0,tarde
0,14,0,tarde
1,6,0,tarde
1,13,0,tarde
1,6,0,tarde
1,-1,0,tarde
1,36,1,tarde
1,0,0,tarde
1,2,0,tarde
1,-4,0,tarde
1,2,0,tarde
1,-4,0,tarde
1,-2,0,tarde
1,3,0,tarde
1,12,0,tarde
1,4,0,tarde
1,14,0,tarde
1,-2,0,tarde
1,9,0,tarde
1,-4,0,tarde
1,14,0,tarde
1,10,0,tarde
0,1,0,mañana
0,5,0,mañana
0,7,0,mañana
0,12,0,mañana
0,5,0,mañana
0,-1,0,mañana
0,6,0,mañana
0,0,0,mañana
0,20,1,mañana
0,-1,0,mañana
1,16,1,mañana
1,33,1,mañana
1,13,0,mañana
1,16,1,mañana
1,11,0,mañana
1,9,0,mañana
1,53,1,mañana
1,7,0,mañana
1,4,0,mañana
1,4,0,mañana
1,3,0,mañana
1,0,0,mañana
1,14,0,mañana
1,6,0,mañana
1,-2,0,mañana
1,8,0,mañana
1,2,0,mañana
1,-1,0,mañana
1,2,0,mañana
1,-3,0,mañana
0,10,0,noche
0,1,0,noche
0,-5,0,noche
0,2,0,noche
0,26,1,noche
0,9,0,noche
0,11,0,tarde
0,9,0,noche
0,9,0,noche
0,30,1,tarde
1,4,0,noche
1,7,0,noche
1,5,0,noche
1,9,0,noche
1,11,0,noche
1,-4,0,noche
1,9,0,noche
1,31,1,noche
1,6,0,noche
1,10,0,noche
1,2,0,noche
1,5,0,noche
1,6,0,noche
1,8,0,noche
1,1,0,noche
1,7,0,noche
1,5,0,noche
1,5,0,noche
1,12,0,noche
1,11,0,noche
0,1,0,mañana
0,0,0,mañana
0,3,0,mañana
0,12,0,mañana
0,25,1,mañana
0,0,0,mañana
1,57,1,mañana
1,-1,0,mañana
1,17,1,mañana
1,19,1,mañana
1,0,0,mañana
1,6,0,mañana
1,15,0,mañana
1,6,0,mañana
1,13,0,mañana
1,-2,0,mañana
1,7,0,mañana
1,9,0,mañana
0,22,1,tarde
0,-1,0,tarde
0,1,0,tarde
0,8,0,tarde
0,74,1,tarde
0,-6,0,tarde
0,52,1,tarde
0,3,0,tarde
0,3,0,tarde
0,8,0,tarde
1,7,0,tarde
1,-1,0,tarde
1,-7,0,tarde
1,0,0,tarde
1,-2,0,tarde
1,5,0,tarde
1,9,0,tarde
1,2,0,tarde
1,2,0,tarde
1,4,0,tarde
1,16,1,tarde
1,-3,0,tarde
1,27,1,tarde
1,8,0,tarde
1,1,0,tarde
1,0,0,tarde
1,-6,0,tarde
1,11,0,tarde
1,7,0,tarde
0,9,0,mañana
0,8,0,mañana
0,5,0,mañana
0,-1,0,mañana
0,0,0,mañana
0,8,0,mañana
0,0,0,mañana
0,12,0,mañana
0,26,1,mañana
0,2,0,mañana
1,9,0,mañana
1,-1,0,mañana
1,10,0,mañana
1,5,0,mañana
1,12,0,mañana
1,16,1,mañana
1,16,1,mañana
1,25,1,mañana
1,-5,0,mañana
1,5,0,mañana
1,-2,0,mañana
1,6,0,mañana
1,12,0,mañana
1,-4,0,mañana
1,1,0,mañana
1,-1,0,mañana
1,21,1,mañana
1,23,1,mañana
1,13,0,mañana
1,5,0,mañana
0,37,1,tarde
0,26,1,tarde
0,29,1,tarde
0,5,0,tarde
0,5,0,tarde
0,4,0,tarde
0,-4,0,tarde
0,52,1,tarde
0,9,0,tarde
0,28,1,tarde
1,57,1,tarde
1,26,1,tarde
1,11,0,tarde
1,8,0,tarde
1,24,1,tarde
1,16,1,tarde
1,7,0,tarde
1,-3,0,tarde
1,3,0,tarde
1,6,0,tarde
1,59,1,tarde
1,-1,0,tarde
1,-1,0,tarde
1,6,0,tarde
1,4,0,tarde
1,4,0,tarde
1,9,0,tarde
1,10,0,tarde
1,67,1,tarde
1,51,1,tarde
0,17,1,mañana
0,0,0,mañana
0,-6,0,mañana
0,3,0,mañana
0,-3,0,mañana
0,-6,0,mañana
0,-2,0,mañana
0,3,0,mañana
0,6,0,mañana
0,14,0,mañana
1,19,1,mañana
1,12,0,mañana
1,6,0,mañana
1,5,0,mañana
1,0,0,mañana
1,12,0,mañana
1,4,0,mañana
1,0,0,mañana
1,4,0,mañana
1,29,1,mañana
1,2,0,mañana
1,12,0,mañana
1,5,0,mañana
1,-2,0,mañana
1,-4,0,mañana
1,-10,0,mañana
1,8,0,mañana
1,8,0,mañana
1,-2,0,mañana
1,-3,0,mañana
0,3,0,mañana
0,2,0,mañana
0,45,1,mañana
0,6,0,mañana
0,5,0,mañana
0,18,1,mañana
0,13,0,mañana
0,13,0,mañana
0,1,0,mañana
0,1,0,mañana
1,0,0,mañana
1,10,0,mañana
1,-1,0,mañana
1,11,0,mañana
1,20,1,mañana
1,22,1,mañana
1,-6,0,mañana
1,16,1,mañana
1,6,0,mañana
1,3,0,mañana
1,1,0,mañana
1,1,0,mañana
1,9,0,mañana
1,8,0,mañana
1,5,0,mañana
1,5,0,mañana
1,7,0,mañana
1,7,0,mañana
1,-1,0,mañana
1,16,1,mañana
1,9,0,tarde
1,114,1,tarde
0,2,0,mañana
0,16,1,mañana
0,46,1,mañana
0,11,0,mañana
0,5,0,mañana
0,5,0,mañana
0,4,0,mañana
0,1,0,mañana
0,6,0,mañana
0,4,0,mañana
1,13,0,mañana
1,2,0,mañana
1,6,0,mañana
1,0,0,mañana
1,9,0,mañana
1,14,0,mañana
1,0,0,mañana
1,2,0,mañana
1,12,0,mañana
1,-3,0,mañana
1,10,0,mañana
1,4,0,mañana
1,15,0,mañana
1,8,0,mañana
1,5,0,mañana
1,-1,0,mañana
1,15,0,mañana
1,7,0,mañana
1,8,0,mañana
1,12,0,mañana
0,7,0,mañana
0,2,0,mañana
0,11,0,mañana
0,15,0,mañana
0,0,0,mañana
0,5,0,mañana
0,-1,0,mañana
0,2,0,mañana
0,53,1,mañana
0,5,0,mañana
1,15,0,mañana
1,2,0,mañana
1,2,0,mañana
1,2,0,mañana
1,10,0,mañana
1,8,0,mañana
1,0,0,mañana
1,31,1,mañana
1,0,0,mañana
1,-1,0,mañana
1,3,0,mañana
1,-1,0,mañana
1,1,0,mañana
1,-1,0,mañana
1,6,0,mañana
1,2,0,mañana
1,-2,0,mañana
1,6,0,mañana
1,1,0,mañana
1,10,0,mañana
0,7,0,tarde
0,3,0,tarde
0,40,1,tarde
0,13,0,tarde
0,4,0,tarde
0,18,1,tarde
0,0,0,tarde
0,2,0,tarde
1,-1,0,tarde
1,-2,0,tarde
1,-1,0,tarde
1,0,0,tarde
1,8,0,tarde
1,-3,0,tarde
1,1,0,tarde
1,-1,0,tarde
1,11,0,tarde
1,2,0,tarde
1,5,0,tarde
1,0,0,tarde
1,-1,0,tarde
1,-1,0,tarde
1,2,0,tarde
1,6,0,tarde
1,9,0,tarde
0,0,0,mañana
0,-1,0,mañana
1,-1,0,mañana
1,0,0,mañana
1,-2,0,mañana
1,12,0,mañana
1,-3,0,mañana
0,7,0,noche
0,-5,0,noche
0,-3,0,noche
0,57,1,noche
0,4,0,noche
0,3,0,noche
0,7,0,noche
0,14,0,noche
0,-4,0,noche
0,2,0,noche
1,-7,0,noche
1,-2,0,noche
1,33,1,noche
1,18,1,noche
1,12,0,noche
1,16,1,noche
1,-5,0,noche
1,-10,0,noche
1,4,0,noche
1,2,0,noche
1,5,0,noche
1,0,0,noche
1,-2,0,noche
1,2,0,noche
1,17,1,noche
1,0,0,noche
1,0,0,noche
1,3,0,noche
1,19,1,noche
1,-2,0,noche
1,0,0,mañana
1,1,0,mañana
0,0,0,tarde
0,-5,0,tarde
0,56,1,tarde
0,-9,0,tarde
0,0,0,tarde
0,0,0,tarde
0,1,0,tarde
0,7,0,tarde
1,53,1,tarde
1,2,0,tarde
1,14,0,tarde
1,9,0,tarde
1,1,0,tarde
1,20,1,tarde
1,-3,0,tarde
1,-5,0,tarde
1,-8,0,tarde
1,3,0,tarde
1,3,0,tarde
1,-4,0,tarde
1,-1,0,tarde
1,14,0,tarde
1,3,0,tarde
1,0,0,tarde
1,4,0,tarde
1,4,0,tarde
0,20,1,tarde
0,43,1,mañana
0,4,0,tarde
0,-3,0,tarde
0,6,0,tarde
1,29,1,mañana
1,-5,0,tarde
1,2,0,tarde
1,11,0,mañana
1,-1,0,mañana
1,-8,0,tarde
1,3,0,tarde
1,12,0,tarde
1,3,0,mañana
1,2,0,tarde
1,2,0,tarde
1,-2,0,tarde
1,-1,0,tarde
0,-2,0,mañana
0,-2,0,mañana
0,45,1,mañana
0,4,0,mañana
0,-2,0,mañana
0,10,0,mañana
0,-1,0,mañana
0,0,0,mañana
0,-2,0,mañana
0,-3,0,mañana
1,28,1,mañana
1,28,1,mañana
1,-1,0,mañana
1,-4,0,mañana
1,19,1,mañana
1,2,0,mañana
1,-8,0,mañana
1,10,0,mañana
1,4,0,mañana
1,1,0,mañana
1,2,0,mañana
1,-1,0,mañana
1,8,0,mañana
1,1,0,mañana
1,9,0,mañana
1,-2,0,mañana
1,3,0,mañana
1,-3,0,mañana
1,-2,0,mañana
1,-3,0,mañana
0,6,0,tarde
0,-2,0,tarde
0,15,0,tarde
0,0,0,tarde
0,-3,0,tarde
0,0,0,tarde
0,-3,0,tarde
1,27,1,tarde
1,0,0,tarde
1,-4,0,tarde
1,4,0,tarde
1,-2,0,mañana
1,1,0,tarde
1,26,1,tarde
1,5,0,tarde
1,20,1,tarde
1,3,0,tarde
1,1,0,tarde
0,-6,0,tarde
0,15,0,tarde
0,26,1,tarde
0,14,0,tarde
0,-3,0,tarde
0,6,0,tarde
0,5,0,tarde
0,17,1,tarde
1,23,1,tarde
1,11,0,tarde
1,14,0,tarde
1,35,1,tarde
1,-2,0,tarde
1,-2,0,tarde
1,-2,0,tarde
1,3,0,tarde
1,4,0,tarde
1,3,0,tarde
1,3,0,tarde
1,-2,0,tarde
1,0,0,tarde
1,6,0,tarde
1,7,0,tarde
1,3,0,tarde
1,-4,0,tarde
0,-3,0,mañana
0,22,1,mañana
0,84,1,mañana
0,14,0,mañana
0,-5,0,mañana
0,4,0,mañana
0,-3,0,mañana
0,0,0,mañana
1,11,0,mañana
1,0,0,mañana
1,-5,0,mañana
1,-2,0,mañana
1,7,0,mañana
1,-4,0,mañana
1,14,0,mañana
1,2,0,mañana
1,0,0,mañana
1,-3,0,mañana
1,-4,0,mañana
1,-4,0,mañana
1,2,0,mañana
1,1,0,mañana
1,2,0,mañana
0,-1,0,mañana
0,-2,0,mañana
0,23,1,mañana
0,2,0,mañana
0,6,0,mañana
0,-1,0,mañana
0,0,0,mañana
0,1,0,mañana
1,6,0,mañana
1,-3,0,mañana
1,0,0,mañana
1,-6,0,mañana
1,11,0,mañana
1,3,0,mañana
1,1,0,mañana
1,-4,0,tarde
1,-1,0,tarde
1,-2,0,mañana
1,-2,0,mañana
1,-3,0,mañana
1,-2,0,mañana
1,3,0,mañana
1,-1,0,mañana
1,15,0,mañana
1,6,0,mañana
1,-5,0,mañana
0,-1,0,tarde
0,1,0,tarde
0,2,0,tarde
0,-9,0,tarde
0,2,0,tarde
0,-3,0,tarde
0,-3,0,tarde
1,3,0,tarde
1,-1,0,tarde
1,19,1,tarde
1,-1,0,tarde
1,-2,0,tarde
1,-1,0,tarde
1,-3,0,tarde
1,26,1,tarde
1,0,0,tarde
1,28,1,tarde
1,-1,0,tarde
0,0,0,noche
0,1,0,noche
0,44,1,noche
0,6,0,noche
0,-2,0,noche
0,-5,0,noche
0,-8,0,noche
0,10,0,noche
1,15,0,noche
1,9,0,noche
1,16,1,noche
1,-2,0,noche
1,-4,0,noche
1,-6,0,noche
1,-6,0,noche
1,-2,0,noche
1,-3,0,noche
1,0,0,noche
1,1,0,noche
1,16,1,noche
1,1,0,noche
1,-8,0,noche
1,-7,0,noche
1,2,0,noche
1,2,0,noche
0,4,0,tarde
0,-3,0,tarde
0,-6,0,tarde
1,12,0,tarde
1,-3,0,tarde
1,0,0,tarde
1,7,0,tarde
1,-4,0,tarde
1,-3,0,tarde
1,0,0,tarde
0,14,0,mañana
0,34,1,mañana
0,110,1,mañana
0,20,1,mañana
0,12,0,mañana
0,9,0,mañana
0,-1,0,mañana
0,-3,0,mañana
1,21,1,mañana
1,6,0,mañana
1,4,0,mañana
1,0,0,mañana
1,1,0,mañana
1,-2,0,mañana
1,0,0,mañana
1,6,0,tarde
1,5,0,mañana
1,11,0,mañana
1,9,0,mañana
1,1,0,mañana
1,30,1,mañana
1,17,1,mañana
1,1,0,mañana
1,-2,0,mañana
1,-1,0,mañana
0,-5,0,tarde
0,3,0,tarde
0,7,0,tarde
0,12,0,tarde
0,0,0,tarde
0,-7,0,tarde
0,7,0,tarde
1,8,0,tarde
1,3,0,tarde
1,0,0,tarde
1,-7,0,tarde
1,7,0,tarde
1,-1,0,tarde
1,6,0,tarde
1,13,0,tarde
1,0,0,tarde
1,-2,0,tarde
1,3,0,tarde
1,0,0,tarde
0,3,0,noche
0,-8,0,noche
1,-3,0,noche
1,4,0,noche
1,3,0,noche
1,-1,0,noche
1,-1,0,noche
1,9,0,noche
0,8,0,mañana
0,0,0,tarde
0,0,0,mañana
0,13,0,mañana
0,10,0,mañana
0,8,0,mañana
0,18,1,mañana
0,-1,0,mañana
0,2,0,tarde
0,-5,0,mañana
1,6,0,mañana
1,-5,0,mañana
1,-2,0,mañana
1,8,0,mañana
1,3,0,mañana
1,-3,0,tarde
1,5,0,mañana
1,-1,0,mañana
1,1,0,mañana
1,7,0,mañana
1,-6,0,mañana
1,-5,0,tarde
1,-3,0,mañana
1,6,0,mañana
1,0,0,mañana
1,6,0,mañana
1,-2,0,mañana
1,15,0,mañana
1,-2,0,tarde
0,6,0,tarde
0,8,0,tarde
0,19,1,tarde
0,11,0,tarde
0,4,0,tarde
0,14,0,tarde
0,-4,0,tarde
0,-2,0,tarde
1,-2,0,tarde
1,40,1,tarde
1,6,0,tarde
1,11,0,tarde
1,9,0,tarde
1,-1,0,tarde
1,15,0,tarde
1,3,0,tarde
1,0,0,tarde
1,2,0,tarde
1,4,0,tarde
1,0,0,tarde
1,0,0,tarde
1,3,0,tarde
1,7,0,tarde
1,12,0,tarde
0,13,0,mañana
1,-2,0,mañana
1,-1,0,mañana
1,-2,0,mañana
0,-1,0,mañana
0,-1,0,mañana
0,-5,0,mañana
0,1,0,mañana
0,4,0,mañana
0,-3,0,mañana
1,28,1,mañana
1,3,0,mañana
1,-1,0,mañana
1,0,0,mañana
1,20,1,mañana
1,4,0,mañana
1,0,0,mañana
1,-2,0,mañana
1,4,0,mañana
1,-1,0,mañana
1,-2,0,mañana
1,-3,0,mañana
1,4,0,mañana
1,14,0,mañana
1,3,0,mañana
0,-1,0,mañana
0,3,0,mañana
0,17,1,mañana
0,-1,0,mañana
0,0,0,mañana
0,0,0,mañana
0,10,0,mañana
1,-3,0,mañana
1,1,0,mañana
1,21,1,mañana
1,0,0,mañana
1,-1,0,mañana
1,-3,0,mañana
1,-3,0,mañana
1,-5,0,mañana
1,2,0,mañana
1,3,0,mañana
1,1,0,mañana
0,11,0,mañana
0,8,0,mañana
0,80,1,mañana
0,-7,0,mañana
1,39,1,mañana
1,6,0,mañana
1,6,0,mañana
1,-3,0,mañana
1,4,0,mañana
1,-7,0,mañana
1,-3,0,mañana
1,15,0,mañana
1,9,0,mañana
0,5,0,tarde
0,-1,0,tarde
0,53,1,tarde
0,-1,0,tarde
0,-2,0,tarde
0,-1,0,tarde
0,-4,0,tarde
0,4,0,tarde
1,12,0,tarde
1,4,0,tarde
1,5,0,tarde
1,5,0,tarde
1,-2,0,tarde
1,-7,0,tarde
1,0,0,tarde
1,3,0,tarde
1,-3,0,tarde
1,-1,0,tarde
1,-1,0,tarde
1,6,0,tarde
1,9,0,tarde
1,-4,0,tarde
1,-4,0,tarde
1,-5,0,tarde
1,-1,0,tarde
1,6,0,tarde
0,-2,0,tarde
0,7,0,tarde
1,1,0,tarde
1,-4,0,tarde
1,11,0,tarde
0,0,0,tarde
0,1,0,tarde
0,9,0,tarde
0,-1,0,tarde
0,-3,0,tarde
0,0,0,tarde
0,-3,0,tarde
0,-1,0,tarde
0,0,0,tarde
1,-1,0,tarde
1,-7,0,tarde
1,8,0,tarde
1,-4,0,tarde
1,-2,0,tarde
1,-4,0,tarde
1,2,0,tarde
1,4,0,tarde
1,-1,0,tarde
1,14,0,tarde
1,1,0,tarde
1,0,0,tarde
1,1,0,tarde
1,7,0,tarde
1,14,0,tarde
1,14,0,tarde
0,1,0,tarde
0,1,0,tarde
0,15,0,tarde
0,-4,0,tarde
0,22,1,tarde
0,-1,0,tarde
0,-4,0,tarde
1,1,0,tarde
1,8,0,tarde
1,0,0,tarde
1,5,0,tarde
1,7,0,tarde
1,-6,0,tarde
1,5,0,tarde
1,-1,0,tarde
1,18,1,tarde
1,-1,0,tarde
1,-8,0,tarde
1,2,0,tarde
1,-2,0,tarde
1,-1,0,tarde
1,6,0,tarde
0,4,0,noche
1,42,1,noche
1,5,0,noche
1,9,0,noche
0,16,1,mañana
1,-2,0,mañana
1,12,0,mañana
1,0,0,mañana
0,-1,0,mañana
0,-4,0,mañana
0,-1,0,mañana
0,8,0,mañana
0,7,0,mañana
0,5,0,mañana
0,-1,0,mañana
0,-1,0,mañana
0,1,0,mañana
0,-6,0,mañana
1,9,0,mañana
1,-1,0,mañana
1,8,0,mañana
1,-2,0,mañana
1,25,1,mañana
1,21,1,mañana
1,0,0,mañana
1,-1,0,mañana
1,-6,0,mañana
1,-2,0,mañana
1,5,0,mañana
1,16,1,mañana
1,1,0,mañana
1,-3,0,mañana
1,-3,0,mañana
1,4,0,mañana
1,0,0,mañana
1,6,0,mañana
1,1,0,mañana
0,30,1,mañana
0,-2,0,mañana
0,-2,0,mañana
1,2,0,mañana
1,-2,0,mañana
1,-3,0,mañana
1,0,0,mañana
1,35,1,mañana
1,-2,0,mañana
0,10,0,tarde
0,29,1,tarde
0,12,0,tarde
0,-1,0,tarde
0,6,0,tarde
0,11,0,tarde
0,0,0,tarde
0,-4,0,tarde
1,15,0,tarde
1,17,1,tarde
1,3,0,mañana
1,5,0,tarde
1,11,0,tarde
1,-6,0,tarde
1,17,1,tarde
1,-1,0,mañana
1,1,0,tarde
1,5,0,tarde
1,-2,0,tarde
1,4,0,tarde
1,-3,0,tarde
1,1,0,tarde
1,0,0,tarde
1,8,0,tarde
1,-1,0,tarde
0,-2,0,tarde
0,2,0,tarde
1,-3,0,tarde
1,11,0,tarde
1,-4,0,tarde
0,-1,0,tarde
0,7,0,tarde
0,10,0,tarde
0,14,0,tarde
0,3,0,tarde
0,2,0,tarde
0,-3,0,tarde
1,3,0,tarde
1,21,1,tarde
1,1,0,tarde
1,2,0,tarde
1,-4,0,tarde
1,-4,0,tarde
1,7,0,tarde
1,7,0,tarde
1,1,0,tarde
1,5,0,tarde
1,3,0,tarde
1,-5,0,tarde
1,16,1,tarde
1,17,1,tarde
0,-1,0,tarde
0,-1,0,tarde
0,-1,0,tarde
1,-1,0,tarde
1,8,0,tarde
1,-1,0,tarde
1,-1,0,tarde
1,-1,0,tarde
0,2,0,noche
0,-7,0,noche
0,7,0,noche
1,34,1,noche
1,0,0,noche
1,-3,0,noche
1,7,0,noche
1,-1,0,noche
1,-2,0,noche
1,-6,0,noche
0,-4,0,mañana
0,-5,0,mañana
0,-3,0,mañana
0,-4,0,mañana
0,-3,0,mañana
0,-4,0,mañana
0,4,0,mañana
0,-1,0,mañana
0,2,0,mañana
0,-4,0,mañana
1,-3,0,mañana
1,0,0,mañana
1,-3,0,mañana
1,0,0,mañana
1,0,0,mañana
1,16,1,mañana
1,-3,0,mañana
1,0,0,mañana
1,1,0,noche
1,0,0,mañana
1,-10,0,mañana
1,0,0,mañana
1,8,0,mañana
1,-9,0,mañana
1,-1,0,mañana
1,-2,0,mañana
1,-3,0,mañana
1,-2,0,mañana
1,-2,0,mañana
1,3,0,mañana
1,-4,0,mañana
0,14,0,mañana
0,-2,0,mañana
0,36,1,mañana
0,29,1,mañana
0,-1,0,mañana
0,32,1,mañana
0,3,0,mañana
0,-2,0,mañana
1,-1,0,mañana
1,0,0,mañana
1,0,0,mañana
1,15,0,mañana
1,10,0,mañana
1,2,0,mañana
1,-8,0,mañana
1,2,0,tarde
1,-2,0,mañana
1,9,0,mañana
1,8,0,mañana
1,-1,0,mañana
1,0,0,mañana
1,2,0,mañana
1,0,0,mañana
1,8,0,mañana
1,18,1,mañana
0,-3,0,tarde
0,0,0,tarde
1,1,0,tarde
1,1,0,tarde
1,-3,0,tarde
0,10,0,tarde
0,7,0,tarde
0,24,1,tarde
0,54,1,tarde
0,1,0,tarde
0,-3,0,tarde
0,-2,0,tarde
0,-1,0,tarde
1,13,0,tarde
1,0,0,tarde
1,1,0,tarde
1,-1,0,tarde
1,1,0,tarde
1,-2,0,tarde
1,16,1,tarde
1,-2,0,tarde
1,5,0,tarde
1,7,0,tarde
1,21,1,tarde
1,2,0,tarde
1,7,0,tarde
1,-3,0,tarde
1,-4,0,tarde
1,0,0,tarde
0,8,0,noche
0,-1,0,noche
1,0,0,noche
1,2,0,noche
1,1,0,noche
0,10,0,noche
0,9,0,noche
0,18,1,noche
0,-4,0,noche
0,28,1,noche
0,15,0,noche
0,6,0,noche
1,2,0,noche
1,7,0,noche
1,13,0,noche
1,3,0,noche
1,-2,0,noche
1,0,0,noche
1,5,0,noche
1,27,1,noche
1,6,0,noche
1,21,1,noche
1,5,0,noche
1,-4,0,noche
1,16,1,noche
1,14,0,noche
1,5,0,noche
0,3,0,mañana
0,-3,0,mañana
0,3,0,mañana
0,4,0,mañana
0,-1,0,mañana
0,-7,0,mañana
0,-3,0,mañana
0,-3,0,mañana
0,-3,0,mañana
0,-4,0,mañana
1,-2,0,mañana
1,6,0,mañana
1,1,0,mañana
1,-4,0,mañana
1,-1,0,mañana
1,-1,0,mañana
1,-2,0,mañana
1,31,1,mañana
1,1,0,mañana
1,-2,0,mañana
1,-1,0,mañana
1,-3,0,mañana
1,11,0,mañana
1,-9,0,mañana
1,4,0,mañana
1,-2,0,mañana
1,-1,0,mañana
1,-8,0,mañana
1,-4,0,mañana
1,1,0,mañana
0,-1,0,tarde
0,6,0,tarde
0,49,1,tarde
0,-2,0,tarde
0,-4,0,tarde
0,0,0,tarde
0,10,0,tarde
1,-1,0,tarde
1,1,0,tarde
1,0,0,mañana
1,-2,0,tarde
1,-1,0,tarde
1,3,0,tarde
1,-3,0,tarde
1,-5,0,tarde
1,1,0,tarde
1,-4,0,mañana
1,0,0,tarde
1,0,0,tarde
1,-2,0,tarde
1,4,0,tarde
1,-3,0,tarde
1,-2,0,tarde
1,2,0,tarde
0,1,0,noche
0,10,0,tarde
0,4,0,noche
0,-1,0,noche
0,6,0,noche
0,-2,0,tarde
0,-2,0,noche
1,21,1,noche
1,5,0,noche
1,0,0,tarde
1,6,0,noche
1,0,0,noche
1,12,0,tarde
1,5,0,noche
1,-5,0,noche
1,0,0,noche
1,12,0,tarde
0,6,0,noche
0,3,0,noche
0,-5,0,noche
1,19,1,noche
1,5,0,noche
1,16,1,noche
1,15,0,noche
1,-2,0,noche
1,3,0,noche
1,16,1,noche
1,-5,0,noche
0,0,0,mañana
0,3,0,mañana
0,10,0,mañana
0,9,0,mañana
0,2,0,mañana
0,5,0,mañana
0,-2,0,mañana
0,11,0,mañana
0,-4,0,mañana
0,7,0,mañana
1,0,0,mañana
1,1,0,mañana
1,13,0,mañana
1,5,0,mañana
1,16,1,mañana
1,0,0,mañana
1,-2,0,mañana
1,3,0,mañana
1,18,1,mañana
1,5,0,mañana
1,6,0,mañana
1,-4,0,mañana
1,24,1,mañana
1,-1,0,mañana
1,6,0,mañana
1,-1,0,mañana
1,5,0,mañana
1,-6,0,mañana
1,-2,0,mañana
1,-2,0,mañana
0,5,0,noche
0,2,0,noche
0,17,1,noche
0,2,0,noche
0,45,1,noche
0,9,0,noche
0,6,0,noche
1,44,1,noche
1,15,0,noche
1,23,1,noche
1,15,0,noche
1,10,0,noche
1,14,0,noche
1,38,1,noche
1,25,1,noche
1,-3,0,noche
1,10,0,noche
1,7,0,noche
1,22,1,noche
0,-1,0,tarde
0,19,1,tarde
0,20,1,tarde
0,130,1,tarde
0,0,0,tarde
0,21,1,tarde
0,10,0,tarde
0,5,0,tarde
0,14,0,tarde
0,25,1,tarde
1,0,0,tarde
1,73,1,tarde
1,-2,0,tarde
1,7,0,tarde
1,14,0,tarde
1,4,0,tarde
1,9,0,tarde
1,13,0,tarde
1,66,1,tarde
1,-2,0,tarde
1,19,1,tarde
1,-4,0,tarde
1,15,0,tarde
1,5,0,tarde
1,1,0,tarde
1,12,0,tarde
1,12,0,tarde
1,14,0,tarde
1,6,0,tarde
1,9,0,tarde
0,-3,0,tarde
0,-3,0,tarde
0,7,0,tarde
0,0,0,tarde
0,5,0,tarde
0,-5,0,tarde
0,-5,0,tarde
0,31,1,tarde
0,-3,0,tarde
0,1,0,tarde
1,4,0,tarde
1,85,1,tarde
1,2,0,tarde
1,14,0,tarde
1,-2,0,tarde
1,2,0,tarde
1,-1,0,tarde
1,-3,0,tarde
1,-2,0,tarde
1,-1,0,tarde
1,1,0,tarde
1,25,1,tarde
1,-2,0,tarde
1,-3,0,tarde
1,0,0,tarde
1,0,0,tarde
1,-2,0,tarde
1,0,0,tarde
1,-2,0,tarde
1,2,0,tarde
0,-1,0,tarde
0,26,1,tarde
0,8,0,tarde
0,25,1,tarde
0,7,0,tarde
0,10,0,tarde
0,17,1,tarde
0,-4,0,tarde
0,26,1,tarde
0,20,1,tarde
1,6,0,tarde
1,36,1,tarde
1,25,1,tarde
1,41,1,tarde
1,7,0,tarde
1,-3,0,tarde
1,-4,0,tarde
1,24,1,tarde
1,55,1,tarde
1,1,0,tarde
1,15,0,tarde
1,-4,0,tarde
1,-2,0,tarde
1,7,0,tarde
1,-4,0,tarde
1,22,1,tarde
1,7,0,tarde
1,12,0,tarde
1,0,0,tarde
1,13,0,tarde
0,-3,0,mañana
0,8,0,mañana
0,6,0,mañana
0,4,0,mañana
1,34,1,mañana
1,0,0,mañana
1,7,0,mañana
1,12,0,mañana
1,28,1,mañana
1,-5,0,mañana
1,22,1,mañana
1,16,1,mañana
1,14,0,mañana
1,-8,0,mañana
0,6,0,noche
0,2,0,noche
0,4,0,noche
0,-2,0,noche
1,5,0,noche
1,-4,0,noche
1,-1,0,noche
1,24,1,noche
1,10,0,noche
1,22,1,noche
0,13,0,tarde
0,3,0,tarde
0,-4,0,tarde
0,72,1,tarde
0,1,0,tarde
0,3,0,tarde
0,-2,0,tarde
0,24,1,tarde
0,-8,0,tarde
0,7,0,tarde
1,-7,0,tarde
1,-3,0,tarde
1,2,0,tarde
1,0,0,tarde
1,5,0,tarde
1,-2,0,tarde
1,3,0,tarde
1,-1,0,tarde
1,-1,0,tarde
1,1,0,tarde
1,3,0,tarde
1,-3,0,tarde
1,-2,0,tarde
1,19,1,tarde
1,-1,0,tarde
1,0,0,tarde
1,-1,0,tarde
1,18,1,tarde
1,-3,0,tarde
1,36,1,tarde
0,3,0,mañana
0,3,0,mañana
0,-3,0,mañana
0,5,0,mañana
0,-5,0,mañana
0,16,1,mañana
0,2,0,mañana
0,-8,0,mañana
0,6,0,mañana
0,-2,0,mañana
1,-3,0,mañana
1,20,1,mañana
1,0,0,mañana
1,-2,0,mañana
1,7,0,mañana
1,9,0,mañana
1,0,0,mañana
1,9,0,mañana
1,-3,0,mañana
1,-5,0,mañana
1,-6,0,mañana
1,0,0,mañana
1,0,0,mañana
1,-1,0,mañana
1,8,0,mañana
1,-4,0,mañana
1,7,0,mañana
1,2,0,mañana
1,-2,0,mañana
1,29,1,mañana
0,18,1,noche
0,-2,0,noche
0,0,0,noche
0,11,0,noche
0,-1,0,noche
0,0,0,noche
0,12,0,noche
1,30,1,noche
1,-1,0,noche
1,-7,0,noche
1,3,0,noche
1,9,0,noche
1,2,0,noche
1,30,1,noche
1,-2,0,noche
1,14,0,noche
1,6,0,noche
1,19,1,noche
0,-1,0,mañana
0,9,0,mañana
0,-1,0,mañana
0,-3,0,mañana
0,-3,0,mañana
0,7,0,mañana
1,3,0,mañana
1,-2,0,mañana
1,-1,0,mañana
1,3,0,mañana
1,54,1,mañana
1,0,0,mañana
1,-4,0,mañana
1,-3,0,mañana
1,-3,0,mañana
1,0,0,tarde
1,10,0,tarde
0,-1,0,mañana
0,1,0,mañana
0,5,0,mañana
1,2,0,mañana
1,9,0,mañana
1,15,0,mañana
1,-1,0,mañana
1,8,0,mañana
1,11,0,mañana
0,-4,0,mañana
1,11,0,mañana
1,-2,0,tarde
1,4,0,mañana
0,-2,0,noche
1,8,0,noche
1,4,0,noche
1,-5,0,noche
1,1,0,noche
0,6,0,noche
0,2,0,noche
1,16,1,noche
1,-4,0,noche
1,1,0,noche
0,-1,0,mañana
0,5,0,mañana
0,21,1,mañana
0,10,0,mañana
0,15,0,mañana
0,-2,0,mañana
0,-4,0,mañana
1,0,0,mañana
1,3,0,mañana
1,1,0,mañana
1,-1,0,mañana
1,-4,0,mañana
1,4,0,mañana
1,22,1,mañana
1,9,0,mañana
1,3,0,mañana
1,3,0,mañana
1,-1,0,mañana
1,33,1,tarde
0,8,0,noche
0,10,0,noche
1,16,1,noche
1,20,1,noche
1,1,0,noche
1,7,0,noche
1,21,1,noche
1,13,0,noche
0,0,0,mañana
1,22,1,mañana
1,6,0,noche
0,4,0,noche
0,-2,0,noche
0,3,0,noche
0,1,0,noche
0,2,0,noche
0,-1,0,noche
0,6,0,noche
1,2,0,noche
1,11,0,noche
1,2,0,noche
1,8,0,noche
1,0,0,noche
1,15,0,noche
1,11,0,noche
1,3,0,noche
1,33,1,noche
1,7,0,noche
1,4,0,noche
1,0,0,noche
1,3,0,noche
1,-4,0,noche
1,-1,0,noche
1,4,0,tarde
1,8,0,noche
0,15,0,mañana
0,13,0,mañana
0,6,0,mañana
0,3,0,mañana
0,7,0,mañana
0,9,0,mañana
1,11,0,mañana
1,-1,0,mañana
1,-6,0,mañana
1,3,0,mañana
1,10,0,mañana
1,-1,0,mañana
1,14,0,mañana
1,-3,0,mañana
1,2,0,mañana
1,-2,0,mañana
1,-2,0,mañana
1,3,0,mañana
1,-1,0,mañana
1,0,0,mañana
0,3,0,tarde
0,-3,0,tarde
0,0,0,tarde
0,5,0,tarde
0,8,0,tarde
0,-4,0,tarde
1,6,0,tarde
1,24,1,tarde
1,2,0,tarde
1,10,0,tarde
1,15,0,tarde
1,-2,0,tarde
1,0,0,tarde
1,-4,0,tarde
1,0,0,tarde
0,-2,0,mañana
0,1,0,mañana
0,-1,0,mañana
0,15,0,mañana
0,14,0,mañana
0,2,0,mañana
1,-7,0,mañana
1,-4,0,mañana
1,4,0,mañana
1,5,0,mañana
1,3,0,mañana
1,2,0,mañana
1,14,0,mañana
1,3,0,mañana
1,-1,0,mañana
1,4,0,mañana
1,1,0,mañana
1,6,0,mañana
0,-1,0,mañana
1,64,1,mañana
1,-1,0,mañana
1,-1,0,mañana
1,5,0,mañana
0,3,0,mañana
0,18,1,tarde
0,5,0,mañana
0,0,0,mañana
0,-1,0,mañana
1,-3,0,tarde
1,9,0,mañana
1,3,0,mañana
1,-2,0,mañana
1,-1,0,mañana
1,3,0,mañana
1,10,0,mañana
1,5,0,tarde
1,5,0,mañana
1,1,0,mañana
1,20,1,mañana
0,-3,0,mañana
0,2,0,mañana
0,3,0,mañana
0,-1,0,mañana
0,0,0,mañana
0,9,0,mañana
0,7,0,mañana
0,4,0,mañana
0,3,0,mañana
1,8,0,mañana
1,-4,0,mañana
1,3,0,mañana
1,3,0,mañana
1,9,0,mañana
1,36,1,mañana
1,2,0,mañana
1,14,0,mañana
1,0,0,mañana
1,5,0,mañana
1,0,0,mañana
1,2,0,mañana
1,-2,0,mañana
1,1,0,mañana
1,1,0,mañana
1,-1,0,mañana
1,-1,0,mañana
1,2,0,mañana
1,-3,0,mañana
0,0,0,mañana
0,3,0,mañana
1,8,0,mañana
1,-3,0,mañana
1,-7,0,mañana
1,-6,0,mañana
1,-6,0,mañana
1,2,0,mañana
1,6,0,mañana
0,18,1,tarde
0,6,0,mañana
0,14,0,tarde
1,28,1,mañana
1,-1,0,tarde
1,0,0,mañana
1,43,1,tarde
1,9,0,mañana
0,2,0,tarde
0,-2,0,tarde
1,27,1,tarde
1,-2,0,tarde
0,3,0,tarde
0,-2,0,tarde
0,-5,0,tarde
0,22,1,mañana
0,-1,0,mañana
0,12,0,tarde
1,3,0,tarde
1,-4,0,tarde
1,0,0,mañana
1,1,0,tarde
1,-2,0,tarde
1,-2,0,tarde
1,3,0,tarde
1,8,0,tarde
1,-5,0,mañana
1,-3,0,mañana
0,10,0,tarde
0,9,0,tarde
0,60,1,tarde
0,-1,0,tarde
0,-1,0,tarde
0,9,0,tarde
1,0,0,tarde
1,-1,0,tarde
1,34,1,tarde
1,-1,0,tarde
1,-2,0,tarde
1,1,0,tarde
1,2,0,tarde
1,-1,0,tarde
1,1,0,tarde
1,23,1,tarde
1,2,0,tarde
1,0,0,tarde
1,-3,0,tarde
1,1,0,tarde
0,4,0,tarde
0,3,0,tarde
0,37,1,tarde
0,6,0,tarde
0,-3,0,tarde
0,-2,0,tarde
0,4,0,tarde
0,3,0,tarde
1,7,0,tarde
1,2,0,tarde
1,0,0,tarde
1,11,0,tarde
1,16,1,tarde
1,5,0,tarde
1,1,0,tarde
1,11,0,tarde
1,8,0,tarde
1,-1,0,tarde
1,8,0,tarde
1,3,0,tarde
1,-1,0,tarde
1,0,0,tarde
1,8,0,tarde
1,2,0,tarde
1,2,0,tarde
1,0,0,tarde
1,1,0,tarde
0,4,0,noche
0,-3,0,noche
0,2,0,noche
1,5,0,noche
1,-3,0,noche
1,-4,0,noche
1,3,0,noche
1,-2,0,noche
1,0,0,noche
1,-3,0,noche
1,-1,0,noche
0,6,0,mañana
0,0,0,mañana
0,-2,0,mañana
0,-8,0,mañana
0,-1,0,mañana
1,-2,0,mañana
1,3,0,mañana
1,-2,0,mañana
1,22,1,mañana
1,2,0,mañana
1,-4,0,mañana
1,7,0,mañana
1,2,0,mañana
1,-3,0,mañana
1,-3,0,mañana
1,2,0,mañana
0,-3,0,mañana
0,2,0,tarde
0,-1,0,tarde
0,-7,0,mañana
1,17,1,mañana
1,3,0,tarde
1,-2,0,tarde
1,4,0,mañana
1,2,0,mañana
1,4,0,tarde
1,-2,0,tarde
1,-1,0,mañana
0,1,0,mañana
1,29,1,mañana
1,-4,0,mañana
1,-3,0,mañana
0,22,1,mañana
0,0,0,mañana
0,-1,0,mañana
0,31,1,mañana
1,34,1,mañana
1,1,0,mañana
1,-1,0,mañana
1,-4,0,mañana
1,7,0,mañana
1,-1,0,mañana
1,-1,0,mañana
1,-5,0,mañana
0,8,0,mañana
0,-1,0,mañana
0,0,0,mañana
0,-2,0,mañana
0,-2,0,mañana
0,4,0,mañana
0,-1,0,mañana
0,2,0,mañana
1,5,0,mañana
1,1,0,mañana
1,2,0,mañana
1,2,0,mañana
1,4,0,mañana
1,3,0,mañana
1,1,0,mañana
1,1,0,mañana
1,3,0,mañana
1,6,0,mañana
1,-2,0,mañana
1,3,0,mañana
1,5,0,mañana
1,7,0,mañana
1,2,0,mañana
1,-2,0,mañana
0,17,1,tarde
0,8,0,tarde
1,0,0,tarde
1,-5,0,tarde
1,-2,0,tarde
1,-5,0,tarde
1,-5,0,tarde
0,5,0,tarde
0,-2,0,tarde
0,42,1,tarde
1,50,1,tarde
1,47,1,tarde
1,-4,0,tarde
1,-3,0,tarde
1,-3,0,tarde
1,-3,0,tarde
0,24,1,tarde
0,-1,0,tarde
0,-4,0,tarde
0,0,0,tarde
0,3,0,tarde
0,-2,0,tarde
0,44,1,tarde
0,2,0,tarde
0,-5,0,tarde
1,0,0,tarde
1,-1,0,tarde
1,30,1,tarde
1,4,0,tarde
1,26,1,tarde
1,-6,0,tarde
1,1,0,tarde
1,-4,0,tarde
1,9,0,tarde
1,19,1,tarde
1,1,0,tarde
1,9,0,tarde
1,13,0,tarde
1,-2,0,tarde
1,-1,0,tarde
1,5,0,tarde
1,18,1,tarde
1,-2,0,tarde
0,6,0,tarde
0,16,1,tarde
0,57,1,noche
0,56,1,tarde
0,-1,0,tarde
0,27,1,tarde
0,10,0,noche
1,2,0,noche
1,0,0,tarde
1,-13,0,tarde
1,16,1,tarde
1,14,0,tarde
1,-2,0,tarde
1,0,0,tarde
1,-1,0,tarde
1,11,0,noche
1,1,0,tarde
1,2,0,tarde
1,-3,0,tarde
0,-1,0,tarde
0,4,0,noche
0,1,0,noche
0,-2,0,tarde
0,24,1,tarde
0,2,0,tarde
1,33,1,noche
1,-2,0,noche
1,2,0,tarde
1,4,0,tarde
1,-1,0,noche
1,1,0,noche
1,-1,0,tarde
1,0,0,tarde
1,1,0,noche
1,14,0,noche
1,-5,0,tarde
1,9,0,tarde
0,0,0,noche
1,0,0,noche
1,8,0,mañana
1,-4,0,noche
0,-1,0,mañana
0,-3,0,mañana
0,6,0,mañana
0,3,0,mañana
0,5,0,mañana
0,1,0,mañana
0,-1,0,mañana
0,0,0,mañana
1,6,0,mañana
1,10,0,mañana
1,11,0,mañana
1,8,0,mañana
1,11,0,mañana
1,13,0,mañana
1,0,0,mañana
1,14,0,mañana
1,6,0,mañana
1,2,0,mañana
1,4,0,mañana
1,3,0,mañana
1,8,0,mañana
1,9,0,mañana
1,0,0,mañana
1,4,0,mañana
0,0,0,mañana
0,7,0,mañana
0,1,0,mañana
0,-3,0,mañana
0,11,0,mañana
0,5,0,mañana
0,8,0,mañana
1,1,0,mañana
1,11,0,mañana
1,2,0,mañana
1,4,0,mañana
1,-4,0,mañana
1,0,0,mañana
1,1,0,mañana
1,3,0,mañana
1,1,0,mañana
1,3,0,mañana
1,-4,0,mañana
1,17,1,mañana
1,5,0,mañana
1,6,0,mañana
1,6,0,tarde
0,10,0,noche
0,1,0,tarde
0,12,0,noche
0,1,0,tarde
1,89,1,noche
1,-3,0,tarde
1,29,1,noche
1,0,0,tarde
1,2,0,noche
0,-2,0,mañana
0,27,1,tarde
0,-2,0,noche
0,1,0,tarde
0,0,0,mañana
0,3,0,mañana
1,82,1,tarde
1,2,0,mañana
1,2,0,tarde
1,4,0,mañana
1,9,0,mañana
1,43,1,tarde
1,1,0,mañana
1,1,0,tarde
1,4,0,mañana
1,0,0,mañana
1,11,0,tarde
1,5,0,mañana
1,-2,0,mañana
1,3,0,mañana
1,7,0,mañana
0,10,0,mañana
0,13,0,noche
0,28,1,mañana
0,83,1,tarde
0,-2,0,noche
0,5,0,tarde
0,0,0,noche
0,0,0,mañana
1,38,1,tarde
1,1,0,noche
1,8,0,tarde
1,11,0,tarde
1,9,0,tarde
1,-1,0,tarde
1,10,0,mañana
1,0,0,tarde
1,6,0,tarde
1,11,0,tarde
1,1,0,noche
1,3,0,mañana
1,6,0,tarde
1,5,0,tarde
1,2,0,noche
1,2,0,tarde
1,1,0,noche
0,-1,0,tarde
0,7,0,tarde
0,4,0,tarde
0,0,0,tarde
0,13,0,tarde
0,2,0,tarde
0,7,0,tarde
1,12,0,tarde
1,14,0,tarde
1,18,1,tarde
1,-6,0,tarde
1,5,0,tarde
1,13,0,tarde
1,5,0,tarde
1,9,0,tarde
1,41,1,tarde
1,9,0,tarde
1,9,0,tarde
1,19,1,tarde
1,13,0,tarde
0,2,0,noche
0,-2,0,noche
0,17,1,tarde
0,9,0,tarde
0,79,1,noche
0,38,1,noche
0,117,1,noche
1,-2,0,tarde
1,-2,0,tarde
1,5,0,tarde
1,11,0,noche
1,11,0,noche
1,10,0,noche
1,6,0,tarde
1,12,0,tarde
1,4,0,tarde
1,23,1,noche
1,-1,0,noche
1,4,0,noche
1,-1,0,tarde
1,3,0,tarde
1,2,0,tarde
1,9,0,noche
1,0,0,noche
0,8,0,tarde
0,25,1,noche
0,31,1,noche
1,-3,0,noche
1,1,0,noche
1,19,1,noche
1,5,0,noche
1,8,0,noche
1,-6,0,noche
1,1,0,noche
1,9,0,noche
1,4,0,tarde
0,0,0,mañana
0,16,1,mañana
0,29,1,mañana
0,2,0,mañana
0,3,0,mañana
1,30,1,mañana
1,6,0,mañana
1,0,0,mañana
1,0,0,mañana
1,4,0,mañana
1,7,0,mañana
1,3,0,mañana
1,0,0,mañana
0,2,0,noche
0,2,0,noche
1,12,0,noche
1,49,1,noche
1,1,0,noche
1,2,0,noche
1,2,0,noche
1,4,0,noche
0,-1,0,noche
0,7,0,noche
0,6,0,noche
1,0,0,noche
1,13,0,noche
1,-4,0,noche
1,17,1,noche
1,7,0,noche
1,39,1,noche
0,7,0,noche
0,1,0,noche
0,-2,0,noche
1,2,0,noche
1,24,1,noche
1,13,0,tarde
1,-5,0,noche
1,9,0,noche
0,-1,0,mañana
0,81,1,mañana
0,9,0,mañana
0,-4,0,mañana
0,2,0,mañana
0,4,0,mañana
1,9,0,mañana
1,2,0,mañana
1,2,0,mañana
1,9,0,mañana
1,48,1,mañana
1,-2,0,mañana
1,1,0,mañana
1,-1,0,mañana
1,4,0,mañana
1,-1,0,mañana
1,0,0,mañana
1,5,0,mañana
1,0,0,mañana
1,-1,0,mañana
0,-3,0,mañana
0,-2,0,mañana
0,2,0,mañana
0,46,1,mañana
0,0,0,mañana
0,-3,0,mañana
0,-1,0,mañana
0,10,0,mañana
0,26,1,mañana
0,2,0,mañana
1,3,0,mañana
1,0,0,mañana
1,-1,0,mañana
1,0,0,mañana
1,14,0,mañana
1,11,0,mañana
1,3,0,mañana
1,-4,0,mañana
1,1,0,mañana
1,-2,0,mañana
1,-1,0,mañana
1,6,0,mañana
1,3,0,mañana
1,-2,0,mañana
1,0,0,mañana
1,-2,0,mañana
1,0,0,mañana
1,-1,0,mañana
1,3,0,mañana
0,4,0,mañana
0,0,0,tarde
0,-3,0,mañana
0,1,0,mañana
0,-2,0,mañana
0,0,0,mañana
0,-1,0,mañana
0,2,0,mañana
0,15,0,tarde
0,2,0,mañana
1,38,1,mañana
1,8,0,mañana
1,-3,0,mañana
1,6,0,mañana
1,9,0,mañana
1,9,0,tarde
1,10,0,mañana
1,2,0,mañana
1,2,0,mañana
1,1,0,mañana
1,13,0,tarde
1,3,0,mañana
1,13,0,mañana
1,9,0,mañana
1,0,0,mañana
1,4,0,mañana
1,8,0,mañana
1,-1,0,tarde
0,0,0,tarde
0,3,0,mañana
0,-4,0,tarde
1,5,0,tarde
1,-1,0,mañana
0,6,0,tarde
0,11,0,tarde
0,18,1,tarde
0,0,0,tarde
0,-7,0,tarde
0,8,0,tarde
0,1,0,tarde
1,22,1,tarde
1,5,0,tarde
1,-1,0,tarde
1,14,0,tarde
1,-6,0,tarde
1,1,0,tarde
1,-1,0,tarde
1,-3,0,tarde
1,-1,0,tarde
1,20,1,tarde
1,5,0,tarde
1,1,0,tarde
0,10,0,tarde
0,-1,0,tarde
0,47,1,tarde
1,-1,0,tarde
1,7,0,tarde
1,-2,0,tarde
1,-2,0,tarde
1,-4,0,tarde
1,2,0,tarde
0,2,0,tarde
0,0,0,tarde
0,-5,0,tarde
0,12,0,tarde
1,28,1,tarde
1,1,0,tarde
1,-5,0,tarde
1,38,1,tarde
1,14,0,tarde
1,-1,0,tarde
1,2,0,tarde
1,3,0,tarde
1,-2,0,tarde
1,1,0,tarde
1,-2,0,tarde
1,-2,0,tarde
1,3,0,tarde
1,9,0,tarde
0,5,0,tarde
0,-4,0,tarde
0,3,0,tarde
0,0,0,noche
0,3,0,tarde
0,-2,0,tarde
0,4,0,tarde
0,2,0,tarde
0,15,0,tarde
0,10,0,tarde
1,89,1,noche
1,10,0,tarde
1,21,1,tarde
1,9,0,tarde
1,-4,0,tarde
1,1,0,tarde
1,0,0,tarde
1,-2,0,tarde
1,2,0,tarde
1,-1,0,tarde
1,7,0,tarde
1,10,0,noche
1,25,1,tarde
1,6,0,tarde
1,11,0,tarde
1,14,0,tarde
1,3,0,tarde
0,3,0,noche
0,3,0,tarde
0,-3,0,tarde
0,1,0,noche
1,24,1,tarde
1,16,1,tarde
1,-2,0,tarde
1,-2,0,noche
1,3,0,tarde
1,0,0,tarde
0,-3,0,tarde
0,0,0,noche
0,21,1,noche
0,31,1,noche
1,3,0,noche
1,10,0,noche
1,11,0,noche
1,1,0,noche
1,-1,0,noche
1,43,1,noche
1,11,0,noche
1,2,0,noche
1,9,0,noche
0,1,0,noche
0,7,0,noche
0,44,1,noche
0,0,0,noche
0,24,1,noche
0,15,0,noche
0,4,0,noche
1,11,0,noche
1,121,1,noche
1,10,0,noche
1,17,1,noche
1,-4,0,noche
1,10,0,noche
1,8,0,noche
1,0,0,noche
1,-3,0,noche
1,5,0,noche
0,8,0,mañana
0,6,0,mañana
0,0,0,mañana
0,0,0,mañana
0,6,0,mañana
0,14,0,mañana
0,10,0,mañana
0,46,1,mañana
0,8,0,mañana
0,1,0,mañana
1,113,1,mañana
1,-2,0,mañana
1,12,0,mañana
1,4,0,mañana
1,20,1,mañana
1,17,1,mañana
1,3,0,mañana
1,8,0,mañana
1,4,0,mañana
1,1,0,mañana
1,1,0,mañana
1,-1,0,mañana
1,-1,0,mañana
1,-1,0,mañana
1,2,0,mañana
1,-3,0,mañana
1,2,0,mañana
1,5,0,mañana
0,0,0,mañana
0,2,0,tarde
0,-2,0,mañana
0,2,0,mañana
0,6,0,mañana
0,9,0,mañana
0,-1,0,mañana
1,0,0,mañana
1,6,0,mañana
1,1,0,mañana
1,0,0,mañana
1,9,0,tarde
1,-2,0,mañana
1,1,0,mañana
1,-3,0,mañana
1,3,0,mañana
1,-6,0,mañana
1,0,0,mañana
1,7,0,mañana
1,19,1,mañana
0,1,0,tarde
0,-1,0,tarde
0,2,0,tarde
0,31,1,tarde
0,-2,0,tarde
0,-3,0,tarde
0,0,0,tarde
0,3,0,tarde
0,-2,0,tarde
0,3,0,tarde
1,2,0,tarde
1,4,0,tarde
1,10,0,tarde
1,1,0,tarde
1,11,0,tarde
1,15,0,tarde
1,-1,0,tarde
1,-2,0,tarde
1,0,0,tarde
1,3,0,tarde
1,-1,0,tarde
1,32,1,tarde
1,19,1,tarde
1,7,0,tarde
1,2,0,tarde
1,1,0,tarde
1,1,0,tarde
1,34,1,tarde
0,2,0,tarde
0,9,0,tarde
0,2,0,tarde
0,12,0,tarde
1,4,0,tarde
1,6,0,tarde
1,5,0,tarde
1,17,1,tarde
1,3,0,tarde
1,0,0,tarde
1,0,0,tarde
0,2,0,tarde
0,-3,0,tarde
0,1,0,tarde
0,13,0,tarde
0,12,0,tarde
0,3,0,tarde
0,-1,0,tarde
0,6,0,tarde
0,0,0,tarde
0,12,0,tarde
1,10,0,tarde
1,11,0,tarde
1,16,1,tarde
1,5,0,tarde
1,17,1,tarde
1,5,0,tarde
1,11,0,tarde
1,1,0,tarde
1,9,0,tarde
1,8,0,tarde
1,1,0,tarde
1,3,0,tarde
1,1,0,tarde
1,12,0,tarde
1,13,0,tarde
1,14,0,tarde
1,8,0,tarde
1,5,0,tarde
1,6,0,tarde
1,4,0,tarde
0,-2,0,tarde
0,4,0,tarde
0,34,1,tarde
0,-5,0,tarde
0,8,0,tarde
0,7,0,tarde
0,2,0,tarde
1,15,0,tarde
1,-3,0,tarde
1,11,0,tarde
1,10,0,tarde
1,-1,0,tarde
1,19,1,tarde
1,-1,0,tarde
1,-3,0,tarde
1,-3,0,tarde
1,-1,0,tarde
1,4,0,tarde
1,25,1,tarde
1,2,0,tarde
1,23,1,tarde
0,3,0,tarde
0,-5,0,tarde
0,18,1,tarde
0,-1,0,tarde
0,-1,0,tarde
1,13,0,tarde
1,7,0,tarde
1,2,0,tarde
1,1,0,tarde
1,0,0,tarde
1,35,1,tarde
1,18,1,tarde
1,-7,0,tarde
0,-1,0,mañana
0,3,0,mañana
0,10,0,mañana
0,2,0,mañana
0,3,0,mañana
0,6,0,mañana
0,19,1,mañana
0,3,0,mañana
0,9,0,mañana
0,-3,0,mañana
1,6,0,mañana
1,11,0,mañana
1,2,0,mañana
1,6,0,mañana
1,37,1,mañana
1,6,0,mañana
1,1,0,mañana
1,8,0,mañana
1,5,0,mañana
1,-1,0,mañana
1,64,1,mañana
1,7,0,mañana
1,4,0,mañana
1,7,0,mañana
1,4,0,mañana
1,9,0,mañana
1,17,1,mañana
1,-2,0,mañana
0,15,0,mañana
0,1,0,mañana
0,7,0,mañana
0,11,0,mañana
0,-1,0,mañana
0,1,0,mañana
0,4,0,mañana
1,3,0,mañana
1,-3,0,noche
1,7,0,mañana
1,8,0,mañana
1,-1,0,mañana
1,3,0,mañana
1,2,0,mañana
1,10,0,mañana
1,-2,0,mañana
1,0,0,mañana
1,12,0,mañana
1,42,1,mañana
1,-5,0,mañana
1,-2,0,mañana
1,22,1,mañana
1,20,1,mañana
0,43,1,tarde
0,4,0,tarde
0,30,1,tarde
0,1,0,tarde
1,-1,0,tarde
1,16,1,tarde
1,26,1,tarde
1,6,0,tarde
1,12,0,tarde
1,4,0,tarde
0,1,0,mañana
0,9,0,mañana
0,0,0,mañana
1,6,0,mañana
1,-3,0,mañana
1,-5,0,mañana
1,1,0,mañana
0,2,0,tarde
0,5,0,noche
0,18,1,tarde
0,14,0,noche
0,3,0,tarde
1,-2,0,noche
1,4,0,tarde
1,4,0,noche
1,-2,0,noche
1,-2,0,tarde
1,-4,0,tarde
1,1,0,noche
1,5,0,tarde
1,32,1,noche
1,5,0,tarde
1,0,0,tarde
1,0,0,noche
1,0,0,tarde
0,7,0,tarde
0,13,0,tarde
0,-1,0,tarde
0,-3,0,noche
0,17,1,tarde
0,1,0,tarde
1,18,1,tarde
1,11,0,noche
1,38,1,noche
1,20,1,tarde
1,7,0,tarde
1,1,0,tarde
1,21,1,noche
1,-3,0,noche
1,30,1,tarde
1,6,0,tarde
1,0,0,noche
1,-1,0,noche
1,10,0,tarde
0,-8,0,noche
0,7,0,noche
0,-2,0,noche
0,15,0,noche
1,13,0,noche
1,0,0,noche
1,25,1,noche
1,23,1,noche
1,28,1,noche
1,8,0,noche
1,78,1,noche
1,16,1,noche
1,20,1,noche
1,-6,0,noche
1,10,0,noche
1,41,1,noche
0,1,0,mañana
0,4,0,mañana
0,0,0,mañana
0,0,0,mañana
0,8,0,mañana
0,8,0,mañana
0,1,0,mañana
1,4,0,mañana
1,-4,0,mañana
1,12,0,mañana
1,0,0,mañana
1,5,0,mañana
1,4,0,mañana
1,1,0,mañana
1,11,0,mañana
1,-4,0,mañana
1,16,1,mañana
1,-3,0,mañana
1,0,0,mañana
1,10,0,mañana
1,-3,0,mañana
1,2,0,mañana
1,-4,0,mañana
1,2,0,mañana
1,7,0,mañana
0,6,0,tarde
0,0,0,tarde
0,5,0,tarde
0,71,1,tarde
0,4,0,tarde
0,29,1,tarde
0,11,0,tarde
0,4,0,tarde
0,-1,0,tarde
0,76,1,tarde
1,-2,0,tarde
1,6,0,tarde
1,12,0,tarde
1,8,0,tarde
1,4,0,tarde
1,7,0,tarde
1,18,1,tarde
1,-2,0,tarde
1,3,0,tarde
1,12,0,tarde
1,0,0,tarde
1,4,0,tarde
1,50,1,tarde
1,10,0,tarde
1,8,0,tarde
1,-1,0,tarde
1,4,0,tarde
1,3,0,tarde
1,9,0,tarde
1,15,0,tarde
0,14,0,tarde
0,19,1,mañana
0,19,1,mañana
0,6,0,mañana
0,2,0,mañana
0,1,0,mañana
0,-3,0,mañana
1,7,0,mañana
1,4,0,mañana
1,7,0,mañana
1,10,0,mañana
1,-1,0,mañana
1,4,0,mañana
1,3,0,mañana
1,-1,0,mañana
1,1,0,mañana
1,-4,0,mañana
1,0,0,mañana
1,8,0,mañana
1,7,0,tarde
0,5,0,mañana
0,51,1,tarde
0,1,0,mañana
0,0,0,mañana
1,8,0,mañana
1,21,1,mañana
1,10,0,tarde
1,5,0,mañana
1,5,0,mañana
1,6,0,tarde
1,11,0,mañana
1,5,0,mañana
0,17,1,mañana
0,14,0,mañana
1,65,1,mañana
1,44,1,mañana
1,22,1,mañana
1,24,1,mañana
0,6,0,mañana
0,4,0,mañana
0,2,0,mañana
0,3,0,mañana
0,7,0,mañana
0,1,0,mañana
0,11,0,mañana
0,6,0,mañana
0,1,0,mañana
0,1,0,mañana
1,13,0,mañana
1,2,0,mañana
1,10,0,mañana
1,-2,0,mañana
1,3,0,mañana
1,-1,0,mañana
1,2,0,mañana
1,12,0,mañana
1,4,0,mañana
1,1,0,mañana
1,8,0,mañana
1,-1,0,mañana
1,0,0,mañana
1,12,0,mañana
1,7,0,mañana
1,10,0,mañana
1,8,0,mañana
1,4,0,mañana
1,6,0,mañana
1,4,0,mañana
0,6,0,mañana
0,5,0,mañana
1,-9,0,tarde
1,6,0,mañana
1,4,0,mañana
1,1,0,mañana
1,11,0,tarde
1,6,0,mañana
0,6,0,tarde
0,7,0,tarde
0,0,0,tarde
0,41,1,tarde
0,9,0,tarde
0,3,0,tarde
0,14,0,tarde
0,5,0,tarde
0,4,0,tarde
0,2,0,tarde
1,9,0,tarde
1,12,0,tarde
1,3,0,tarde
1,16,1,tarde
1,17,1,tarde
1,2,0,tarde
1,20,1,tarde
1,2,0,tarde
1,10,0,tarde
1,4,0,tarde
1,3,0,tarde
1,0,0,tarde
1,19,1,tarde
1,0,0,tarde
1,5,0,tarde
1,-2,0,tarde
1,-1,0,tarde
1,4,0,tarde
1,2,0,tarde
1,9,0,tarde
0,35,1,tarde
1,5,0,tarde
1,8,0,tarde
0,1,0,noche
0,10,0,noche
0,6,0,noche
0,8,0,noche
1,7,0,tarde
1,31,1,noche
1,24,1,tarde
1,10,0,noche
1,16,1,noche
1,7,0,tarde
1,13,0,noche
0,1,0,noche
1,1,0,noche
1,13,0,noche
0,1,0,mañana
0,5,0,mañana
0,16,1,mañana
0,15,0,mañana
0,12,0,mañana
0,15,0,mañana
0,6,0,mañana
0,1,0,mañana
1,8,0,mañana
1,10,0,mañana
1,7,0,mañana
1,25,1,mañana
1,10,0,mañana
1,1,0,mañana
1,3,0,mañana
1,7,0,mañana
1,1,0,mañana
1,35,1,mañana
1,17,1,mañana
1,4,0,mañana
1,4,0,mañana
1,9,0,mañana
1,10,0,mañana
1,4,0,mañana
1,5,0,mañana
1,13,0,noche
1,14,0,tarde
1,2,0,tarde
0,2,0,mañana
0,9,0,mañana
0,38,1,mañana
0,5,0,mañana
0,7,0,mañana
0,13,0,mañana
0,-2,0,mañana
0,3,0,mañana
0,-2,0,mañana
0,3,0,mañana
1,24,1,mañana
1,11,0,mañana
1,-3,0,mañana
1,5,0,mañana
1,4,0,mañana
1,83,1,mañana
1,0,0,mañana
1,-5,0,mañana
1,0,0,mañana
1,-1,0,mañana
1,0,0,mañana
1,-1,0,mañana
1,63,1,mañana
1,8,0,mañana
1,4,0,mañana
1,1,0,mañana
1,-1,0,mañana
1,17,1,mañana
0,4,0,tarde
0,1,0,tarde
0,-1,0,tarde
0,-1,0,tarde
1,3,0,tarde
1,2,0,tarde
1,30,1,mañana
1,3,0,mañana
1,17,1,tarde
1,0,0,tarde
1,3,0,tarde
1,-3,0,tarde
0,-3,0,tarde
0,-8,0,tarde
0,6,0,tarde
1,9,0,tarde
1,8,0,tarde
1,12,0,tarde
1,0,0,tarde
1,1,0,tarde
1,-5,0,tarde
1,-1,0,tarde
1,4,0,tarde
0,4,0,tarde
0,9,0,tarde
0,4,0,tarde
0,34,1,tarde
0,31,1,tarde
0,0,0,tarde
0,7,0,tarde
0,-6,0,tarde
0,-2,0,tarde
0,-4,0,tarde
1,7,0,tarde
1,5,0,tarde
1,4,0,tarde
1,20,1,tarde
1,15,0,tarde
1,-3,0,tarde
1,2,0,tarde
1,-4,0,tarde
1,-1,0,tarde
1,1,0,tarde
1,-4,0,tarde
1,-1,0,tarde
1,-3,0,tarde
1,6,0,tarde
1,-2,0,tarde
1,15,0,tarde
1,-5,0,tarde
1,2,0,tarde
1,1,0,tarde
0,15,0,noche
0,6,0,noche
0,23,1,tarde
0,-5,0,noche
0,-2,0,noche
0,-2,0,tarde
0,16,1,noche
0,2,0,noche
1,7,0,tarde
1,3,0,noche
1,-2,0,tarde
1,-2,0,noche
1,-3,0,noche
1,-4,0,noche
1,48,1,noche
1,39,1,noche
1,10,0,noche
1,14,0,tarde
1,-5,0,noche
1,-1,0,noche
1,-3,0,tarde
1,4,0,noche
0,15,0,mañana
0,7,0,mañana
0,26,1,mañana
0,3,0,mañana
0,-2,0,mañana
1,36,1,mañana
1,21,1,mañana
1,9,0,mañana
1,14,0,mañana
1,3,0,mañana
1,0,0,mañana
1,1,0,mañana
0,1,0,tarde
0,8,0,tarde
1,2,0,tarde
1,7,0,tarde
0,25,1,noche
0,11,0,tarde
0,4,0,tarde
0,6,0,tarde
0,5,0,tarde
0,24,1,tarde
0,10,0,tarde
0,4,0,tarde
1,13,0,tarde
1,0,0,tarde
1,10,0,tarde
1,20,1,tarde
1,15,0,tarde
1,2,0,tarde
1,7,0,tarde
1,7,0,tarde
1,88,1,tarde
1,7,0,tarde
1,-3,0,tarde
1,10,0,tarde
1,0,0,tarde
1,0,0,tarde
1,10,0,tarde
1,9,0,tarde
0,1,0,tarde
1,6,0,noche
1,7,0,tarde
1,20,1,tarde
0,28,1,tarde
0,-3,0,tarde
0,3,0,tarde
0,24,1,tarde
0,0,0,tarde
0,4,0,tarde
0,18,1,tarde
0,1,0,tarde
1,1,0,tarde
1,3,0,tarde
1,13,0,tarde
1,-3,0,tarde
1,1,0,tarde
1,-1,0,tarde
1,-3,0,tarde
1,2,0,tarde
1,-3,0,tarde
1,-6,0,tarde
1,1,0,tarde
1,5,0,tarde
0,-2,0,tarde
0,5,0,noche
0,1,0,tarde
0,4,0,tarde
0,-2,0,tarde
0,9,0,tarde
0,-5,0,noche
1,2,0,tarde
1,-1,0,tarde
1,26,1,tarde
1,30,1,tarde
1,7,0,noche
1,-1,0,tarde
1,7,0,tarde
1,8,0,tarde
1,8,0,tarde
1,3,0,noche
1,30,1,tarde
1,1,0,tarde
1,1,0,tarde
1,8,0,tarde
0,2,0,noche
0,4,0,tarde
0,3,0,noche
0,6,0,noche
0,-4,0,tarde
0,10,0,tarde
0,43,1,noche
0,-4,0,tarde
0,7,0,noche
1,14,0,noche
1,0,0,tarde
1,8,0,tarde
1,9,0,noche
1,8,0,tarde
1,-3,0,noche
1,-1,0,tarde
1,12,0,tarde
1,2,0,noche
1,1,0,noche
1,7,0,noche
1,4,0,noche
1,-1,0,tarde
1,3,0,tarde
1,17,1,noche
1,28,1,tarde
0,14,0,mañana
0,26,1,mañana
0,28,1,mañana
1,3,0,mañana
1,65,1,mañana
1,2,0,mañana
1,73,1,mañana
1,4,0,tarde
1,18,1,mañana
0,2,0,mañana
0,7,0,mañana
0,6,0,mañana
0,10,0,mañana
0,10,0,mañana
0,6,0,tarde
0,0,0,mañana
0,2,0,mañana
0,-2,0,mañana
1,-4,0,mañana
1,12,0,mañana
1,12,0,tarde
1,-1,0,mañana
1,1,0,mañana
1,4,0,mañana
1,2,0,mañana
1,-6,0,mañana
1,-3,0,tarde
1,-1,0,mañana
1,-4,0,mañana
1,8,0,mañana
1,6,0,mañana
1,1,0,mañana
1,5,0,tarde
1,-3,0,mañana
1,5,0,mañana
1,7,0,mañana
0,3,0,tarde
0,-2,0,tarde
1,-1,0,tarde
1,3,0,tarde
1,22,1,tarde
1,2,0,tarde
0,-5,0,noche
0,50,1,noche
0,106,1,noche
0,15,0,noche
0,56,1,noche
1,4,0,noche
1,2,0,noche
1,3,0,noche
1,9,0,noche
1,35,1,noche
1,99,1,noche
1,-4,0,noche
1,17,1,noche
0,6,0,tarde
0,-4,0,noche
0,-2,0,noche
1,3,0,noche
1,16,1,noche
1,1,0,noche
1,-4,0,noche
1,-5,0,noche
1,9,0,noche
0,21,1,mañana
0,77,1,tarde
0,-3,0,tarde
0,8,0,mañana
0,3,0,mañana
0,3,0,mañana
0,3,0,mañana
0,-4,0,mañana
0,7,0,tarde
0,-6,0,tarde
1,0,0,tarde
1,-4,0,mañana
1,1,0,tarde
1,9,0,mañana
1,3,0,mañana
1,0,0,tarde
1,9,0,tarde
1,-3,0,tarde
1,-3,0,mañana
1,-2,0,tarde
1,3,0,mañana
1,8,0,mañana
1,0,0,tarde
1,-1,0,tarde
1,-1,0,mañana
1,0,0,tarde
1,5,0,tarde
1,19,1,mañana
1,18,1,mañana
1,76,1,tarde
0,108,1,mañana
0,-1,0,mañana
0,2,0,mañana
0,5,0,mañana
0,1,0,mañana
0,-4,0,mañana
0,-2,0,mañana
1,5,0,mañana
1,0,0,mañana
1,2,0,mañana
1,-8,0,mañana
1,5,0,mañana
1,0,0,mañana
1,6,0,mañana
1,-3,0,mañana
1,-2,0,mañana
1,2,0,mañana
1,0,0,mañana
1,2,0,mañana
1,1,0,mañana
1,-2,0,mañana
0,1,0,tarde
0,0,0,tarde
0,12,0,tarde
0,7,0,tarde
1,-3,0,tarde
1,43,1,tarde
1,0,0,tarde
1,-3,0,tarde
1,-5,0,mañana
1,-3,0,tarde
1,-3,0,tarde
1,2,0,tarde
1,4,0,tarde
1,9,0,tarde
0,5,0,tarde
0,0,0,tarde
0,-1,0,tarde
0,118,1,tarde
0,4,0,tarde
0,-2,0,tarde
0,-2,0,tarde
0,-1,0,tarde
0,2,0,tarde
0,-1,0,tarde
1,-1,0,tarde
1,21,1,tarde
1,-1,0,tarde
1,8,0,tarde
1,24,1,tarde
1,7,0,tarde
1,-2,0,tarde
1,-9,0,tarde
1,1,0,tarde
1,5,0,tarde
1,1,0,tarde
1,5,0,tarde
1,2,0,tarde
1,16,1,tarde
1,-3,0,tarde
1,0,0,tarde
1,2,0,tarde
1,-3,0,tarde
1,-9,0,tarde
1,0,0,tarde
0,1,0,tarde
1,-1,0,tarde
0,95,1,noche
0,-3,0,noche
0,-1,0,tarde
0,4,0,noche
0,1,0,noche
0,0,0,mañana
1,5,0,noche
1,20,1,noche
1,4,0,noche
1,21,1,noche
1,15,0,noche
1,1,0,noche
1,-5,0,noche
1,32,1,noche
1,7,0,noche
1,-2,0,noche
1,23,1,noche
1,-2,0,noche
1,2,0,noche
1,6,0,tarde
0,8,0,noche
0,0,0,noche
0,0,0,noche
0,0,0,noche
1,17,1,noche
1,-4,0,noche
1,3,0,noche
1,-5,0,noche
1,11,0,noche
1,7,0,noche
1,-1,0,tarde
1,0,0,noche
0,7,0,noche
0,1,0,noche
0,-5,0,noche
1,8,0,noche
1,16,1,noche
1,-6,0,noche
1,10,0,noche
1,-5,0,noche
1,6,0,noche
0,-2,0,noche
0,8,0,noche
1,-1,0,noche
0,22,1,noche
0,153,1,noche
1,14,0,noche
0,4,0,noche
0,2,0,noche
0,-4,0,noche
0,5,0,noche
0,1,0,noche
0,2,0,noche
0,54,1,noche
1,12,0,noche
1,4,0,noche
1,-4,0,noche
1,5,0,noche
1,2,0,noche
1,0,0,noche
1,2,0,noche
1,10,0,noche
1,9,0,noche
1,16,1,noche
1,6,0,noche
1,9,0,noche
1,-1,0,noche
1,7,0,noche
0,5,0,mañana
0,0,0,mañana
0,-1,0,mañana
0,-3,0,noche
1,17,1,mañana
1,-3,0,mañana
1,13,0,mañana
1,-2,0,noche
1,2,0,mañana
1,2,0,mañana
1,10,0,noche
1,10,0,mañana
1,6,0,mañana
1,3,0,mañana
1,-1,0,noche
0,2,0,noche
0,6,0,tarde
0,0,0,tarde
0,5,0,mañana
0,1,0,mañana
0,0,0,mañana
0,52,1,mañana
0,-2,0,noche
0,1,0,tarde
0,6,0,tarde
1,5,0,mañana
1,1,0,mañana
1,15,0,mañana
1,5,0,mañana
1,2,0,noche
1,40,1,tarde
1,4,0,tarde
1,4,0,mañana
1,12,0,mañana
1,0,0,mañana
1,6,0,tarde
1,17,1,tarde
1,13,0,mañana
1,21,1,mañana
1,13,0,mañana
1,1,0,mañana
1,2,0,noche
1,16,1,tarde
1,1,0,tarde
1,10,0,tarde
0,14,0,noche
0,125,1,noche
1,34,1,noche
0,16,1,mañana
0,15,0,mañana
0,5,0,mañana
0,0,0,mañana
0,5,0,mañana
0,-1,0,mañana
0,2,0,mañana
0,20,1,mañana
1,42,1,mañana
1,20,1,mañana
1,1,0,mañana
1,0,0,mañana
1,4,0,mañana
1,58,1,mañana
1,21,1,mañana
1,0,0,mañana
1,7,0,mañana
1,17,1,mañana
1,6,0,mañana
1,17,1,mañana
1,-2,0,mañana
1,-1,0,mañana
1,-2,0,mañana
1,3,0,mañana
1,2,0,mañana
0,-3,0,mañana
0,1,0,mañana
1,-7,0,mañana
1,9,0,mañana
0,6,0,tarde
0,11,0,tarde
0,16,1,tarde
0,44,1,tarde
0,33,1,tarde
0,13,0,tarde
0,12,0,tarde
0,25,1,tarde
0,-1,0,tarde
0,-3,0,tarde
1,15,0,tarde
1,5,0,tarde
1,23,1,tarde
1,13,0,tarde
1,5,0,tarde
1,7,0,tarde
1,0,0,tarde
1,-1,0,tarde
1,2,0,tarde
1,43,1,tarde
1,7,0,tarde
1,8,0,tarde
1,79,1,tarde
1,13,0,tarde
1,4,0,tarde
1,53,1,tarde
1,21,1,tarde
1,12,0,tarde
1,40,1,tarde
1,3,0,tarde
0,9,0,mañana
0,9,0,mañana
0,6,0,mañana
0,6,0,mañana
0,0,0,mañana
0,90,1,mañana
0,9,0,mañana
0,7,0,mañana
0,13,0,mañana
0,24,1,mañana
1,5,0,mañana
1,-4,0,mañana
1,21,1,mañana
1,10,0,mañana
1,33,1,mañana
1,1,0,mañana
1,5,0,mañana
1,13,0,mañana
1,19,1,mañana
1,-3,0,mañana
1,0,0,mañana
1,-1,0,mañana
1,6,0,mañana
1,1,0,mañana
1,2,0,mañana
1,21,1,mañana
1,-1,0,mañana
1,5,0,mañana
1,73,1,mañana
1,2,0,mañana
0,70,1,tarde
0,-7,0,tarde
0,33,1,tarde
0,17,1,tarde
0,33,1,tarde
0,35,1,tarde
0,0,0,tarde
0,9,0,tarde
0,-2,0,tarde
0,7,0,tarde
1,2,0,tarde
1,2,0,tarde
1,3,0,tarde
1,13,0,tarde
1,34,1,tarde
1,8,0,tarde
1,16,1,tarde
1,7,0,tarde
1,0,0,tarde
1,15,0,tarde
1,10,0,tarde
1,-5,0,tarde
1,-2,0,tarde
1,0,0,tarde
1,-7,0,tarde
1,18,1,tarde
1,0,0,tarde
1,-6,0,tarde
1,-10,0,tarde
1,12,0,tarde
0,-3,0,tarde
0,2,0,tarde
0,0,0,tarde
0,89,1,tarde
0,13,0,tarde
0,6,0,tarde
0,4,0,tarde
0,7,0,tarde
0,9,0,tarde
0,1,0,tarde
1,20,1,tarde
1,1,0,tarde
1,14,0,tarde
1,17,1,tarde
1,2,0,tarde
1,9,0,tarde
1,7,0,tarde
1,13,0,tarde
1,7,0,tarde
1,14,0,tarde
1,3,0,tarde
1,8,0,tarde
1,40,1,tarde
1,11,0,tarde
1,-7,0,tarde
1,-1,0,tarde
1,0,0,tarde
1,17,1,tarde
1,12,0,tarde
1,15,0,tarde
0,2,0,mañana
0,-6,0,mañana
0,-1,0,mañana
0,1,0,mañana
0,-1,0,mañana
0,-3,0,mañana
0,-6,0,mañana
0,-3,0,mañana
0,3,0,mañana
0,3,0,mañana
1,1,0,mañana
1,5,0,mañana
1,-5,0,mañana
1,24,1,mañana
1,12,0,mañana
1,1,0,mañana
1,3,0,mañana
1,2,0,mañana
1,-1,0,mañana
1,3,0,mañana
1,3,0,mañana
1,-2,0,mañana
1,6,0,mañana
1,-1,0,mañana
1,-1,0,mañana
1,-5,0,mañana
1,0,0,mañana
1,70,1,mañana
1,-2,0,mañana
0,14,0,tarde
0,41,1,tarde
0,6,0,tarde
0,1,0,tarde
0,12,0,tarde
0,26,1,tarde
1,27,1,tarde
1,6,0,tarde
1,6,0,tarde
1,13,0,tarde
1,5,0,tarde
1,9,0,tarde
1,-4,0,tarde
1,14,0,tarde
1,-1,0,tarde
1,7,0,tarde
1,6,0,tarde
1,7,0,tarde
1,7,0,tarde
1,7,0,tarde
0,7,0,tarde
0,-10,0,tarde
0,5,0,tarde
0,28,1,tarde
0,13,0,tarde
0,12,0,tarde
0,1,0,tarde
0,19,1,tarde
0,8,0,tarde
0,1,0,tarde
1,13,0,tarde
1,6,0,tarde
1,8,0,tarde
1,10,0,tarde
1,5,0,tarde
1,-5,0,tarde
1,10,0,tarde
1,63,1,tarde
1,2,0,tarde
1,5,0,tarde
1,1,0,tarde
1,13,0,tarde
1,5,0,tarde
1,17,1,tarde
1,6,0,tarde
1,12,0,tarde
1,2,0,tarde
1,-8,0,tarde
1,5,0,tarde
1,10,0,tarde
0,12,0,mañana
0,35,1,mañana
0,16,1,mañana
0,7,0,mañana
0,-1,0,mañana
0,1,0,mañana
0,23,1,mañana
0,4,0,mañana
0,16,1,mañana
1,23,1,mañana
1,29,1,mañana
1,12,0,mañana
1,33,1,mañana
1,31,1,mañana
1,13,0,mañana
1,27,1,mañana
1,37,1,mañana
1,2,0,mañana
1,-4,0,mañana
1,0,0,mañana
1,5,0,mañana
1,14,0,mañana
1,7,0,mañana
1,-1,0,mañana
1,8,0,mañana
1,1,0,mañana
0,20,1,mañana
0,44,1,mañana
0,13,0,mañana
0,9,0,mañana
0,18,1,mañana
0,8,0,mañana
0,1,0,mañana
0,19,1,mañana
0,12,0,mañana
0,-4,0,mañana
1,17,1,mañana
1,1,0,mañana
1,11,0,mañana
1,12,0,mañana
1,13,0,mañana
1,1,0,mañana
1,10,0,mañana
1,8,0,mañana
1,-1,0,mañana
1,7,0,mañana
1,15,0,mañana
1,6,0,mañana
1,12,0,mañana
1,8,0,mañana
1,1,0,mañana
1,2,0,mañana
1,2,0,mañana
1,30,1,mañana
1,9,0,mañana
0,11,0,tarde
0,6,0,tarde
0,12,0,tarde
0,133,1,tarde
0,9,0,tarde
0,5,0,tarde
0,-4,0,tarde
0,7,0,tarde
0,22,1,tarde
0,2,0,tarde
1,144,1,tarde
1,17,1,tarde
1,9,0,tarde
1,4,0,tarde
1,7,0,tarde
1,2,0,tarde
1,-2,0,tarde
1,13,0,tarde
1,1,0,tarde
1,24,1,tarde
1,-7,0,tarde
1,3,0,tarde
1,1,0,tarde
1,-1,0,tarde
1,40,1,tarde
1,5,0,tarde
1,5,0,tarde
1,9,0,tarde
1,25,1,tarde
1,7,0,tarde
0,3,0,tarde
0,3,0,tarde
0,17,1,tarde
0,15,0,tarde
0,1,0,tarde
0,18,1,tarde
0,34,1,tarde
0,8,0,tarde
0,-3,0,tarde
0,16,1,tarde
1,22,1,tarde
1,3,0,tarde
1,46,1,tarde
1,0,0,tarde
1,10,0,tarde
1,7,0,tarde
1,5,0,tarde
1,3,0,tarde
1,7,0,tarde
1,2,0,tarde
1,6,0,tarde
1,5,0,tarde
1,16,1,tarde
1,6,0,tarde
1,8,0,tarde
1,15,0,tarde
1,6,0,tarde
1,14,0,tarde
1,16,1,tarde
1,3,0,tarde
0,61,1,mañana
0,74,1,mañana
0,64,1,mañana
0,2,0,mañana
0,5,0,mañana
0,-1,0,mañana
1,-3,0,mañana
1,54,1,mañana
1,18,1,mañana
1,6,0,mañana
1,5,0,mañana
1,8,0,mañana
1,-1,0,mañana
1,1,0,mañana
1,11,0,mañana
1,11,0,mañana
0,-4,0,noche
0,-2,0,noche
0,9,0,noche
0,9,0,noche
0,36,1,noche
0,12,0,noche
1,1,0,noche
1,12,0,noche
1,8,0,noche
1,3,0,noche
1,9,0,noche
1,1,0,noche
1,-2,0,noche
1,-1,0,noche
1,18,1,noche
1,68,1,noche
1,7,0,noche
0,20,1,tarde
0,9,0,tarde
0,3,0,tarde
0,44,1,tarde
0,18,1,tarde
0,1,0,tarde
0,3,0,tarde
0,9,0,tarde
0,21,1,tarde
1,17,1,tarde
1,6,0,tarde
1,18,1,tarde
1,0,0,tarde
1,13,0,tarde
1,-2,0,tarde
1,3,0,tarde
1,24,1,tarde
1,-3,0,tarde
1,3,0,tarde
1,-8,0,tarde
1,1,0,tarde
1,9,0,tarde
1,8,0,tarde
1,1,0,tarde
1,7,0,tarde
1,12,0,tarde
0,7,0,mañana
0,25,1,mañana
0,16,1,mañana
0,17,1,mañana
0,10,0,mañana
0,76,1,mañana
0,6,0,mañana
0,11,0,mañana
0,8,0,mañana
0,-1,0,mañana
1,8,0,mañana
1,8,0,mañana
1,8,0,mañana
1,5,0,mañana
1,9,0,mañana
1,25,1,mañana
1,5,0,mañana
1,8,0,mañana
1,4,0,mañana
1,-4,0,mañana
1,-1,0,mañana
1,11,0,mañana
1,2,0,mañana
1,8,0,mañana
1,23,1,mañana
1,11,0,mañana
1,-1,0,mañana
1,2,0,mañana
1,7,0,mañana
1,13,0,mañana
0,5,0,noche
0,3,0,noche
0,9,0,noche
0,-7,0,noche
0,2,0,noche
0,0,0,noche
0,18,1,noche
1,10,0,noche
1,2,0,noche
1,4,0,noche
1,14,0,noche
1,9,0,noche
1,8,0,noche
1,3,0,noche
1,-6,0,noche
1,3,0,noche
1,10,0,noche
1,21,1,noche
1,81,1,noche
1,3,0,noche
1,-2,0,noche
1,0,0,noche
1,30,1,noche
1,-2,0,noche
1,20,1,noche
1,5,0,noche
0,10,0,noche
0,9,0,noche
0,7,0,noche
0,0,0,noche
0,9,0,noche
1,9,0,noche
1,10,0,noche
1,20,1,noche
1,1,0,noche
1,10,0,noche
1,-7,0,noche
1,1,0,noche
1,7,0,noche
1,-4,0,noche
1,-5,0,noche
1,4,0,noche
1,-3,0,noche
1,4,0,noche
1,5,0,noche
0,22,1,noche
0,8,0,noche
0,0,0,noche
0,-6,0,noche
0,18,1,noche
0,0,0,noche
0,-3,0,noche
0,3,0,noche
0,8,0,noche
0,3,0,noche
1,0,0,noche
1,-1,0,noche
1,9,0,noche
1,13,0,noche
1,0,0,noche
1,12,0,noche
1,0,0,noche
1,6,0,noche
1,-5,0,noche
1,-3,0,noche
1,-6,0,noche
1,4,0,noche
1,11,0,noche
1,4,0,noche
1,27,1,noche
1,-6,0,noche
1,-3,0,noche
1,2,0,noche
1,2,0,noche
1,17,1,noche
0,49,1,noche
0,18,1,noche
0,9,0,noche
0,19,1,noche
0,42,1,noche
0,3,0,noche
0,3,0,noche
0,14,0,noche
0,0,0,noche
0,7,0,noche
1,2,0,noche
1,3,0,noche
1,31,1,noche
1,8,0,noche
1,3,0,noche
1,6,0,noche
1,15,0,noche
1,2,0,noche
1,69,1,noche
1,14,0,noche
1,-4,0,noche
1,8,0,noche
1,-1,0,noche
1,1,0,noche
1,10,0,noche
1,0,0,noche
1,-2,0,noche
1,-5,0,noche
1,11,0,noche
1,6,0,noche
0,37,1,mañana
0,-3,0,mañana
0,5,0,mañana
1,-1,0,mañana
1,4,0,mañana
1,28,1,mañana
1,0,0,mañana
1,-1,0,mañana
0,13,0,mañana
0,-4,0,mañana
1,4,0,mañana
1,20,1,mañana
0,-5,0,noche
0,15,0,noche
0,-6,0,noche
0,-5,0,noche
0,-8,0,noche
0,9,0,noche
0,3,0,noche
0,-4,0,noche
0,8,0,noche
0,5,0,noche
1,-7,0,noche
1,-3,0,noche
1,-9,0,noche
1,-4,0,noche
1,-5,0,noche
1,1,0,noche
1,13,0,noche
1,-3,0,noche
1,-1,0,noche
1,-2,0,noche
1,9,0,noche
1,-4,0,noche
1,-3,0,noche
1,-1,0,noche
1,1,0,noche
1,-1,0,noche
1,0,0,noche
1,-13,0,noche
1,-2,0,noche
1,12,0,noche
0,2,0,mañana
0,30,1,mañana
0,8,0,mañana
0,-2,0,mañana
0,-3,0,mañana
1,26,1,mañana
1,6,0,mañana
1,-4,0,mañana
1,2,0,mañana
1,-1,0,mañana
1,0,0,mañana
1,3,0,mañana
1,14,0,mañana
0,3,0,tarde
0,34,1,tarde
0,2,0,tarde
0,10,0,tarde
0,-3,0,tarde
1,17,1,tarde
1,1,0,tarde
1,8,0,tarde
1,-3,0,tarde
1,3,0,tarde
1,-1,0,tarde
1,-3,0,tarde
1,-7,0,tarde
1,-5,0,tarde
1,5,0,tarde
1,-1,0,tarde
0,16,1,mañana
0,5,0,mañana
1,18,1,mañana
1,4,0,mañana
1,-5,0,mañana
0,30,1,mañana
0,5,0,mañana
1,19,1,mañana
1,33,1,mañana
0,19,1,mañana
0,5,0,mañana
0,16,1,mañana
0,6,0,mañana
0,3,0,mañana
0,10,0,mañana
0,12,0,mañana
1,9,0,mañana
1,30,1,mañana
1,28,1,mañana
1,12,0,mañana
1,13,0,mañana
1,7,0,mañana
1,1,0,mañana
1,3,0,mañana
1,65,1,mañana
1,66,1,mañana
1,-4,0,mañana
1,20,1,mañana
1,-3,0,mañana
1,1,0,mañana
0,5,0,noche
0,5,0,noche
0,11,0,noche
0,10,0,noche
0,6,0,noche
1,6,0,noche
1,19,1,noche
1,8,0,noche
1,9,0,noche
1,10,0,noche
1,4,0,noche
1,0,0,noche
1,59,1,noche
0,-3,0,noche
0,8,0,noche
0,-5,0,noche
0,2,0,noche
0,-2,0,noche
0,7,0,noche
0,14,0,noche
0,0,0,noche
0,2,0,noche
0,0,0,noche
1,-3,0,noche
1,3,0,noche
1,-2,0,noche
1,5,0,noche
1,1,0,noche
1,3,0,noche
1,-2,0,noche
1,1,0,noche
1,8,0,noche
1,2,0,noche
1,26,1,noche
1,6,0,noche
1,35,1,noche
1,5,0,noche
1,14,0,noche
1,5,0,noche
1,0,0,noche
1,5,0,noche
1,9,0,noche
1,4,0,noche
0,0,0,tarde
0,39,1,tarde
0,4,0,tarde
0,4,0,tarde
0,9,0,tarde
0,13,0,tarde
1,7,0,tarde
1,3,0,tarde
1,33,1,tarde
1,9,0,tarde
1,-8,0,tarde
1,-1,0,tarde
1,4,0,tarde
1,-5,0,tarde
1,-1,0,tarde
1,-4,0,tarde
1,18,1,tarde
1,0,0,tarde
1,-2,0,tarde
1,-4,0,tarde
0,18,1,noche
0,4,0,noche
0,9,0,noche
0,1,0,noche
0,-2,0,noche
0,-3,0,noche
0,6,0,noche
0,12,0,noche
0,0,0,noche
0,31,1,noche
1,5,0,noche
1,18,1,noche
1,20,1,noche
1,12,0,noche
1,10,0,noche
1,-1,0,noche
1,1,0,noche
1,12,0,noche
1,3,0,noche
1,6,0,noche
1,5,0,noche
1,2,0,noche
1,7,0,noche
1,-4,0,noche
1,0,0,noche
1,7,0,noche
1,9,0,noche
1,-3,0,noche
1,9,0,noche
0,5,0,tarde
0,17,1,tarde
0,5,0,tarde
0,37,1,tarde
0,14,0,tarde
0,1,0,tarde
0,3,0,tarde
0,14,0,tarde
0,16,1,tarde
0,7,0,tarde
1,8,0,tarde
1,17,1,tarde
1,3,0,tarde
1,17,1,tarde
1,24,1,tarde
1,5,0,tarde
1,4,0,tarde
1,11,0,tarde
1,10,0,tarde
1,12,0,tarde
1,20,1,tarde
1,66,1,tarde
1,10,0,tarde
1,0,0,tarde
1,3,0,tarde
1,26,1,tarde
1,2,0,tarde
1,2,0,tarde
1,17,1,tarde
1,2,0,tarde
0,4,0,noche
1,5,0,tarde
1,57,1,tarde
0,2,0,noche
0,0,0,noche
0,-1,0,noche
0,9,0,noche
0,-2,0,noche
0,12,0,noche
0,7,0,noche
0,22,1,noche
0,-5,0,noche
0,8,0,noche
1,32,1,noche
1,-3,0,noche
1,0,0,noche
1,57,1,noche
1,38,1,noche
1,2,0,noche
1,2,0,noche
1,15,0,noche
1,3,0,noche
1,8,0,noche
1,-5,0,noche
1,4,0,noche
1,1,0,noche
1,12,0,noche
1,-2,0,noche
1,16,1,noche
1,36,1,noche
1,-3,0,noche
1,-3,0,noche
1,-1,0,noche
0,-2,0,tarde
0,5,0,tarde
0,41,1,tarde
0,-4,0,tarde
1,1,0,tarde
1,5,0,tarde
1,13,0,tarde
1,7,0,tarde
1,1,0,tarde
1,3,0,tarde
1,5,0,tarde
0,3,0,mañana
0,11,0,mañana
0,4,0,mañana
0,14,0,mañana
0,-1,0,mañana
0,-4,0,mañana
0,-3,0,mañana
0,33,1,mañana
0,3,0,mañana
0,4,0,mañana
1,5,0,mañana
1,-5,0,mañana
1,2,0,mañana
1,15,0,mañana
1,8,0,mañana
1,5,0,mañana
1,4,0,mañana
1,4,0,mañana
1,0,0,mañana
1,2,0,mañana
1,-1,0,mañana
1,-4,0,mañana
1,1,0,mañana
1,59,1,mañana
1,8,0,mañana
1,-2,0,mañana
1,0,0,mañana
1,-5,0,mañana
1,-3,0,mañana
1,0,0,mañana
0,20,1,tarde
0,6,0,tarde
0,14,0,tarde
0,0,0,tarde
0,22,1,tarde
0,0,0,tarde
0,0,0,tarde
0,30,1,tarde
0,5,0,tarde
0,44,1,tarde
1,5,0,tarde
1,6,0,tarde
1,4,0,tarde
1,16,1,tarde
1,38,1,tarde
1,-8,0,tarde
1,-8,0,tarde
1,-1,0,tarde
1,0,0,tarde
1,-5,0,tarde
1,23,1,tarde
1,-5,0,tarde
1,7,0,tarde
1,7,0,tarde
1,9,0,tarde
1,-3,0,tarde
1,4,0,tarde
1,0,0,tarde
1,10,0,tarde
1,133,1,tarde
0,8,0,tarde
0,-3,0,tarde
1,10,0,tarde
1,6,0,tarde
1,5,0,tarde
0,24,1,noche
0,15,0,noche
0,60,1,noche
0,2,0,noche
0,-2,0,noche
0,30,1,noche
0,13,0,noche
0,10,0,noche
0,4,0,noche
0,8,0,noche
1,29,1,noche
1,-3,0,noche
1,6,0,noche
1,8,0,noche
1,23,1,noche
1,1,0,noche
1,49,1,noche
1,6,0,noche
1,23,1,noche
1,-1,0,noche
1,73,1,noche
1,8,0,noche
1,5,0,noche
1,-1,0,noche
1,4,0,noche
1,-6,0,noche
1,2,0,noche
1,18,1,noche
1,6,0,noche
1,9,0,noche
0,18,1,tarde
1,7,0,tarde
1,-2,0,tarde
1,22,1,tarde
0,11,0,mañana
0,4,0,mañana
0,6,0,mañana
0,16,1,mañana
0,6,0,mañana
0,0,0,mañana
0,75,1,mañana
0,8,0,mañana
0,8,0,mañana
1,4,0,mañana
1,1,0,mañana
1,36,1,mañana
1,98,1,mañana
1,14,0,mañana
1,1,0,mañana
1,-5,0,mañana
1,0,0,mañana
1,-1,0,mañana
1,-1,0,mañana
1,6,0,mañana
1,5,0,mañana
1,4,0,mañana
1,7,0,mañana
1,9,0,mañana
1,18,1,mañana
1,7,0,mañana
0,13,0,mañana
1,3,0,mañana
1,-3,0,mañana
1,-4,0,mañana
0,6,0,mañana
0,6,0,mañana
0,6,0,mañana
0,3,0,mañana
1,9,0,mañana
1,3,0,mañana
1,13,0,mañana
1,16,1,mañana
1,12,0,mañana
1,4,0,mañana
1,33,1,mañana
1,5,0,mañana
1,15,0,mañana
0,-5,0,tarde
0,0,0,tarde
1,7,0,tarde
1,-3,0,tarde
1,6,0,tarde
0,1,0,mañana
0,-5,0,tarde
0,8,0,mañana
1,10,0,tarde
1,5,0,mañana
1,-1,0,tarde
1,-1,0,mañana
1,-2,0,tarde
1,2,0,mañana
0,4,0,mañana
0,12,0,mañana
0,8,0,mañana
0,5,0,mañana
0,5,0,mañana
1,27,1,mañana
1,-7,0,mañana
1,2,0,mañana
1,15,0,mañana
1,24,1,mañana
1,6,0,mañana
1,0,0,mañana
1,-1,0,mañana
1,24,1,mañana
1,-3,0,mañana
1,3,0,mañana
1,-6,0,mañana
0,1,0,mañana
1,1,0,mañana
1,10,0,mañana
1,23,1,mañana
0,6,0,mañana
1,-3,0,mañana
1,1,0,noche
0,34,1,noche
0,11,0,tarde
0,20,1,noche
1,-8,0,tarde
1,28,1,noche
1,-2,0,tarde
1,89,1,tarde
1,7,0,noche
0,95,1,noche
1,47,1,noche
1,33,1,noche
1,2,0,noche
0,5,0,noche
0,8,0,noche
0,40,1,noche
1,6,0,noche
1,10,0,noche
1,-3,0,noche
1,1,0,noche
1,-2,0,noche
1,33,1,tarde
1,46,1,tarde
1,36,1,mañana
1,12,0,mañana
1,-1,0,mañana
1,6,0,tarde
0,6,0,mañana
1,14,0,tarde
0,89,1,noche
0,-1,0,noche
0,1,0,noche
0,5,0,noche
0,-5,0,noche
0,0,0,noche
0,5,0,noche
0,-1,0,noche
0,-1,0,noche
0,0,0,noche
1,13,0,noche
1,15,0,noche
1,-3,0,noche
1,2,0,noche
1,-4,0,noche
1,3,0,noche
1,2,0,noche
1,-4,0,noche
1,7,0,noche
1,3,0,noche
1,28,1,noche
1,2,0,noche
1,0,0,noche
1,9,0,noche
1,-1,0,noche
1,1,0,noche
1,4,0,noche
1,4,0,noche
1,15,0,noche
0,24,1,tarde
0,29,1,tarde
1,80,1,tarde
1,-2,0,tarde
1,8,0,tarde
0,15,0,mañana
0,-5,0,mañana
0,3,0,mañana
0,-10,0,mañana
0,18,1,mañana
0,26,1,mañana
0,-3,0,mañana
0,20,1,mañana
0,2,0,mañana
1,1,0,mañana
1,13,0,mañana
1,30,1,mañana
1,38,1,mañana
1,35,1,mañana
1,20,1,mañana
1,4,0,mañana
1,1,0,mañana
1,33,1,mañana
1,2,0,mañana
1,83,1,mañana
1,16,1,mañana
1,9,0,mañana
1,17,1,mañana
1,21,1,mañana
1,-1,0,mañana
0,4,0,mañana
0,56,1,mañana
0,27,1,mañana
0,3,0,mañana
0,6,0,mañana
0,2,0,mañana
0,-8,0,mañana
1,46,1,mañana
1,-1,0,mañana
1,6,0,mañana
1,-2,0,mañana
1,7,0,mañana
1,69,1,mañana
1,8,0,mañana
1,-2,0,mañana
1,-1,0,mañana
1,11,0,mañana
1,2,0,mañana
1,3,0,mañana
1,9,0,mañana
1,54,1,mañana
0,2,0,noche
0,-5,0,noche
0,8,0,noche
0,4,0,noche
0,-8,0,noche
0,5,0,noche
0,13,0,noche
0,6,0,noche
0,0,0,noche
1,10,0,noche
1,11,0,noche
1,3,0,noche
1,12,0,noche
1,7,0,noche
1,3,0,noche
1,5,0,noche
1,13,0,noche
1,29,1,noche
1,18,1,noche
1,23,1,noche
1,74,1,noche
1,0,0,noche
1,-4,0,noche
1,-3,0,noche
1,7,0,noche
1,-1,0,noche
0,3,0,noche
0,-7,0,noche
0,-5,0,noche
0,-2,0,noche
0,2,0,noche
0,1,0,noche
0,-2,0,noche
0,-4,0,noche
0,15,0,noche
1,-1,0,noche
1,1,0,noche
1,9,0,noche
1,0,0,noche
1,8,0,noche
1,4,0,noche
1,5,0,noche
1,6,0,noche
1,9,0,noche
1,-9,0,noche
1,-11,0,noche
1,1,0,noche
1,8,0,noche
1,76,1,noche
1,-1,0,noche
1,-3,0,noche
0,13,0,noche
1,11,0,noche
1,7,0,noche
1,19,1,noche
0,4,0,mañana
0,11,0,mañana
0,10,0,mañana
0,70,1,mañana
0,0,0,mañana
0,50,1,mañana
0,9,0,mañana
0,18,1,mañana
1,31,1,mañana
1,5,0,mañana
1,0,0,mañana
1,25,1,mañana
1,21,1,mañana
1,4,0,mañana
1,14,0,mañana
1,13,0,mañana
1,48,1,mañana
1,7,0,mañana
1,8,0,mañana
1,1,0,mañana
1,75,1,mañana
1,13,0,mañana
1,14,0,mañana
1,14,0,mañana
1,121,1,tarde
1,2,0,mañana
1,4,0,mañana
0,110,1,noche
1,64,1,mañana
1,137,1,mañana
1,32,1,mañana
1,23,1,mañana
1,43,1,tarde
1,-5,0,tarde
1,3,0,tarde
1,55,1,mañana
1,-5,0,mañana
1,23,1,tarde
1,6,0,tarde
1,32,1,noche
0,108,1,tarde
0,8,0,tarde
0,101,1,tarde
0,71,1,tarde
0,121,1,tarde
1,2,0,tarde
1,83,1,tarde
1,101,1,tarde
1,57,1,tarde
1,137,1,tarde
1,6,0,tarde
1,4,0,tarde
1,111,1,tarde
1,117,1,tarde
1,101,1,tarde
1,6,0,tarde
1,9,0,tarde
0,8,0,noche
0,52,1,noche
0,3,0,noche
0,65,1,tarde
1,157,1,noche
1,18,1,noche
1,18,1,tarde
1,12,0,noche
1,29,1,noche
1,25,1,noche
1,-11,0,tarde
1,25,1,noche
0,67,1,mañana
0,-4,0,mañana
0,149,1,mañana
0,114,1,mañana
0,112,1,mañana
1,2,0,tarde
1,16,1,mañana
1,85,1,mañana
1,129,1,mañana
1,17,1,mañana
1,102,1,mañana
1,106,1,mañana
1,149,1,mañana
1,19,1,mañana
1,97,1,mañana
1,86,1,mañana
1,139,1,mañana
0,125,1,noche
0,86,1,noche
0,-1,0,noche
0,9,0,noche
0,20,1,noche
0,-2,0,noche
0,79,1,noche
0,125,1,noche
1,-13,0,noche
1,40,1,noche
1,4,0,noche
1,75,1,noche
1,29,1,noche
1,41,1,noche
1,3,0,noche
1,5,0,noche
1,58,1,noche
1,35,1,noche
1,17,1,noche
1,17,1,noche
1,53,1,noche
1,48,1,noche
1,93,1,noche
1,16,1,noche
0,24,1,mañana
1,50,1,mañana
0,24,1,noche
0,82,1,noche
0,0,0,noche
1,94,1,noche
1,90,1,noche
1,72,1,noche
1,-1,0,noche
1,7,0,noche
0,21,1,noche
0,-7,0,noche
0,68,1,noche
0,2,0,noche
0,-3,0,noche
0,-14,0,noche
0,5,0,noche
0,10,0,noche
1,85,1,noche
1,37,1,noche
1,59,1,noche
1,20,1,noche
1,83,1,noche
1,49,1,mañana
1,32,1,noche
1,59,1,noche
1,111,1,noche
1,34,1,noche
1,78,1,noche
1,34,1,noche
1,13,0,noche
1,18,1,noche
1,21,1,noche
1,156,1,noche
0,48,1,mañana
0,151,1,mañana
0,-3,0,mañana
0,4,0,mañana
0,12,0,mañana
0,-10,0,mañana
1,10,0,mañana
1,0,0,mañana
1,35,1,mañana
1,2,0,mañana
1,16,1,mañana
1,2,0,mañana
1,20,1,mañana
1,17,1,mañana
1,-3,0,mañana
1,4,0,mañana
1,-1,0,mañana
1,48,1,mañana
0,10,0,tarde
0,57,1,tarde
0,114,1,tarde
0,98,1,tarde
0,57,1,tarde
0,79,1,tarde
0,45,1,tarde
1,14,0,tarde
1,14,0,tarde
1,80,1,tarde
1,-11,0,tarde
1,8,0,tarde
1,13,0,tarde
1,4,0,tarde
1,118,1,tarde
1,68,1,tarde
1,3,0,tarde
1,11,0,tarde
1,22,1,tarde
1,75,1,tarde
0,2,0,mañana
0,0,0,mañana
0,2,0,mañana
1,44,1,mañana
1,-5,0,mañana
1,9,0,mañana
1,50,1,mañana
1,9,0,mañana
1,-4,0,mañana
1,135,1,mañana
1,18,1,mañana
0,7,0,mañana
1,2,0,tarde
1,63,1,tarde
1,19,1,noche
0,15,0,tarde
0,-8,0,mañana
0,1,0,mañana
0,0,0,mañana
0,10,0,mañana
0,2,0,mañana
1,2,0,mañana
1,50,1,mañana
1,3,0,mañana
1,-6,0,mañana
1,-11,0,mañana
1,-3,0,mañana
1,-4,0,mañana
1,3,0,mañana
1,2,0,mañana
1,-2,0,mañana
1,-9,0,mañana
1,0,0,mañana
0,13,0,tarde
0,-2,0,tarde
1,11,0,tarde
1,14,0,tarde
1,16,1,tarde
1,-2,0,tarde
1,56,1,tarde
1,-3,0,tarde
1,-2,0,tarde
1,2,0,tarde
1,0,0,tarde
1,-3,0,noche
1,-3,0,tarde
1,10,0,noche
0,-6,0,mañana
0,-1,0,mañana
0,-6,0,mañana
0,0,0,mañana
1,16,1,mañana
1,-2,0,mañana
1,-8,0,mañana
1,2,0,mañana
1,-2,0,mañana
1,-7,0,mañana
1,-2,0,mañana
1,2,0,mañana
1,6,0,mañana
1,1,0,mañana
1,1,0,mañana
0,-2,0,tarde
0,15,0,tarde
0,3,0,tarde
0,-5,0,tarde
1,16,1,tarde
1,12,0,tarde
1,-3,0,tarde
1,-4,0,tarde
1,21,1,tarde
1,11,0,tarde
1,3,0,mañana
1,0,0,tarde
1,-5,0,noche
1,-5,0,tarde
1,1,0,tarde
0,5,0,tarde
0,0,0,tarde
0,3,0,tarde
0,0,0,tarde
0,1,0,tarde
0,-7,0,tarde
1,4,0,tarde
1,22,1,tarde
1,-7,0,tarde
1,0,0,tarde
1,26,1,tarde
1,1,0,tarde
1,-9,0,tarde
1,-13,0,tarde
1,15,0,tarde
1,7,0,tarde
1,-8,0,mañana
1,-6,0,mañana
0,1,0,mañana
0,-3,0,mañana
0,-5,0,mañana
1,48,1,mañana
1,-1,0,mañana
1,17,1,tarde
1,-8,0,mañana
1,-8,0,mañana
1,-7,0,tarde
1,-12,0,mañana
1,5,0,mañana
1,-5,0,mañana
1,16,1,mañana
0,24,1,tarde
0,5,0,tarde
0,10,0,tarde
1,-3,0,tarde
1,-1,0,tarde
1,1,0,tarde
1,-5,0,tarde
1,23,1,tarde
1,8,0,tarde
1,14,0,tarde
1,-7,0,tarde
1,-1,0,tarde
0,11,0,tarde
0,54,1,tarde
0,100,1,tarde
0,10,0,tarde
0,10,0,tarde
0,4,0,tarde
0,1,0,tarde
0,8,0,tarde
1,14,0,tarde
1,21,1,tarde
1,0,0,tarde
1,10,0,tarde
1,1,0,tarde
1,-6,0,tarde
1,11,0,tarde
1,15,0,tarde
1,2,0,tarde
1,0,0,tarde
1,3,0,tarde
1,2,0,tarde
1,-3,0,tarde
1,-1,0,tarde
1,8,0,tarde
1,-2,0,tarde
1,20,1,tarde
1,20,1,tarde
1,-4,0,tarde
1,3,0,mañana
1,-5,0,mañana
1,13,0,tarde
1,-5,0,mañana
1,-8,0,mañana
1,-8,0,mañana
1,155,1,mañana
1,-3,0,mañana
1,-1,0,mañana
1,-3,0,mañana
1,-7,0,tarde
1,0,0,tarde
1,4,0,tarde
1,-5,0,tarde
1,-6,0,tarde
1,1,0,tarde
1,7,0,tarde
1,3,0,tarde
1,25,1,tarde
1,-3,0,tarde
1,-9,0,tarde
1,2,0,tarde
1,-6,0,tarde
0,-11,0,noche
0,-12,0,noche
0,-9,0,noche
0,16,1,noche
0,0,0,noche
0,-2,0,noche
0,-10,0,noche
0,-8,0,noche
0,-12,0,noche
0,-7,0,noche
0,5,0,noche
0,6,0,noche
0,-10,0,noche
0,-10,0,noche
0,2,0,noche
0,-12,0,noche
0,-11,0,noche
0,-5,0,noche
0,0,0,noche
0,-7,0,noche
0,1,0,noche
0,41,1,noche
0,7,0,noche
0,0,0,noche
0,-1,0,noche
0,-7,0,noche
0,-7,0,noche
0,-8,0,noche
0,6,0,noche
0,-7,0,noche
0,12,0,noche
0,11,0,noche
0,-5,0,noche
0,20,1,noche
0,-2,0,noche
0,-3,0,noche
0,-2,0,noche
0,-3,0,noche
0,-3,0,noche
0,-9,0,noche
0,-9,0,noche
0,-3,0,noche
0,-1,0,noche
0,-8,0,noche
0,-10,0,noche
0,-3,0,noche
0,-8,0,noche
0,-8,0,noche
0,-7,0,noche
0,-5,0,noche
0,-10,0,noche
0,3,0,noche
0,-8,0,noche
0,13,0,noche
0,-3,0,noche
0,-7,0,noche
0,0,0,noche
0,-1,0,noche
0,0,0,noche
0,-10,0,noche
0,45,1,mañana
0,8,0,mañana
0,10,0,mañana
0,44,1,mañana
0,15,0,mañana
0,60,1,mañana
0,35,1,mañana
0,45,1,mañana
0,31,1,mañana
0,41,1,mañana
0,11,0,mañana
0,63,1,mañana
0,16,1,mañana
0,7,0,mañana
0,-6,0,mañana
0,5,0,mañana
0,47,1,mañana
0,19,1,mañana
0,22,1,mañana
0,13,0,mañana
0,15,0,tarde
0,-3,0,tarde
0,8,0,noche
0,-1,0,noche
0,-14,0,noche
0,5,0,noche
0,83,1,noche
0,3,0,noche
0,-6,0,noche
0,-6,0,noche
0,25,1,noche
0,10,0,noche
0,-7,0,noche
0,-6,0,noche
0,-13,0,noche
0,2,0,noche
0,-5,0,noche
0,-13,0,noche
0,17,1,noche
0,-6,0,noche
0,10,0,noche
0,23,1,noche
0,7,0,noche
0,-8,0,noche
0,7,0,tarde
0,-6,0,tarde
0,0,0,tarde
0,-9,0,tarde
0,-9,0,tarde
0,-5,0,tarde
0,-6,0,tarde
0,-4,0,tarde
0,21,1,tarde
0,-1,0,tarde
0,1,0,tarde
0,-4,0,tarde
0,-7,0,tarde
0,-8,0,tarde
0,-9,0,tarde
0,1,0,tarde
0,7,0,tarde
0,-6,0,tarde
0,-4,0,tarde
0,-7,0,tarde
0,-6,0,tarde
0,-11,0,tarde
0,-7,0,tarde
0,0,0,tarde
0,-2,0,tarde
0,-5,0,tarde
0,-8,0,tarde
0,-3,0,tarde
0,1,0,tarde
0,-2,0,noche
0,-6,0,noche
0,-12,0,noche
0,4,0,noche
0,-4,0,noche
0,4,0,noche
0,-9,0,noche
0,-1,0,noche
0,-2,0,noche
0,3,0,noche
0,-6,0,noche
0,-4,0,noche
0,-3,0,noche
0,14,0,noche
0,34,1,noche
0,5,0,noche
0,-11,0,noche
0,-14,0,noche
0,-11,0,noche
0,-8,0,noche
0,5,0,noche
0,-2,0,noche
0,3,0,noche
0,6,0,noche
0,-6,0,noche
0,-5,0,noche
0,-6,0,noche
0,-14,0,noche
0,83,1,mañana
0,14,0,mañana
0,3,0,mañana
0,57,1,mañana
0,20,1,mañana
0,2,0,mañana
0,82,1,mañana
0,-9,0,mañana
0,35,1,mañana
0,6,0,mañana
0,41,1,mañana
0,15,0,mañana
0,6,0,mañana
0,0,0,mañana
0,7,0,mañana
0,-10,0,mañana
0,49,1,mañana
0,-2,0,mañana
0,-4,0,mañana
0,4,0,mañana
0,27,1,mañana
0,-2,0,mañana
0,29,1,mañana
0,-2,0,mañana
0,2,0,mañana
0,1,0,mañana
0,4,0,mañana
0,-11,0,mañana
0,3,0,mañana
0,88,1,mañana
0,-9,0,mañana
0,6,0,mañana
0,32,1,mañana
0,-1,0,mañana
0,9,0,mañana
0,1,0,mañana
0,-8,0,mañana
0,-1,0,mañana
0,4,0,mañana
0,39,1,mañana
0,1,0,mañana
0,73,1,mañana
0,2,0,mañana
0,-11,0,mañana
0,9,0,mañana
0,-2,0,mañana
0,-9,0,mañana
0,6,0,mañana
0,0,0,mañana
0,58,1,mañana
0,3,0,mañana
0,-3,0,mañana
0,3,0,mañana
0,-6,0,mañana
0,7,0,mañana
0,8,0,mañana
0,-2,0,mañana
0,-6,0,mañana
0,-4,0,tarde
0,38,1,tarde
0,-5,0,tarde
0,8,0,tarde
0,36,1,tarde
0,32,1,tarde
0,24,1,tarde
0,1,0,tarde
0,12,0,tarde
0,73,1,tarde
0,56,1,tarde
0,13,0,tarde
0,-4,0,tarde
0,6,0,tarde
0,13,0,tarde
0,-6,0,tarde
0,52,1,tarde
0,-11,0,tarde
0,3,0,tarde
0,-13,0,tarde
0,-4,0,tarde
0,-2,0,tarde
0,11,0,tarde
0,-1,0,tarde
0,5,0,tarde
0,4,0,tarde
0,29,1,noche
0,-1,0,noche
0,-3,0,noche
0,38,1,noche
0,10,0,noche
0,30,1,noche
0,6,0,noche
0,13,0,noche
0,0,0,noche
0,-5,0,noche
0,34,1,noche
0,-2,0,noche
0,11,0,noche
0,22,1,noche
0,18,1,noche
0,1,0,noche
0,2,0,noche
0,52,1,noche
0,-3,0,noche
0,7,0,noche
0,0,0,noche
0,10,0,noche
0,0,0,noche
0,-8,0,noche
0,22,1,noche
0,-1,0,noche
0,-2,0,noche
0,17,1,noche
0,-7,0,noche
0,21,1,noche
0,25,1,mañana
0,8,0,mañana
0,-6,0,mañana
0,-10,0,mañana
0,-6,0,mañana
0,-12,0,mañana
0,-9,0,mañana
0,-9,0,mañana
0,12,0,mañana
0,1,0,mañana
0,-8,0,mañana
0,6,0,mañana
0,49,1,mañana
0,10,0,mañana
0,-7,0,mañana
0,-6,0,mañana
0,-4,0,mañana
0,-7,0,mañana
0,-7,0,mañana
0,-7,0,mañana
0,-8,0,mañana
0,26,1,mañana
0,0,0,mañana
0,-5,0,mañana
0,-9,0,mañana
0,-6,0,mañana
0,-3,0,mañana
0,-13,0,mañana
0,-5,0,mañana
0,39,1,noche
0,14,0,noche
0,44,1,noche
0,79,1,noche
0,4,0,noche
0,37,1,noche
0,17,1,noche
0,-4,0,noche
0,13,0,noche
0,8,0,noche
0,33,1,noche
0,35,1,noche
0,125,1,noche
0,4,0,noche
0,7,0,noche
0,14,0,noche
0,52,1,noche
0,39,1,noche
0,14,0,noche
0,5,0,noche
0,38,1,noche
0,24,1,noche
0,3,0,noche
0,11,0,noche
0,5,0,noche
0,0,0,noche
0,33,1,noche
0,0,0,noche
0,6,0,noche
0,30,1,tarde
0,5,0,tarde
0,-3,0,tarde
0,15,0,tarde
0,43,1,tarde
0,-13,0,tarde
0,11,0,tarde
0,-1,0,tarde
0,33,1,tarde
0,0,0,tarde
0,5,0,tarde
0,8,0,tarde
0,159,1,mañana
0,155,1,mañana
0,38,1,tarde
0,59,1,tarde
0,121,1,tarde
0,21,1,tarde
0,21,1,tarde
0,23,1,tarde
0,12,0,tarde
0,24,1,tarde
0,29,1,tarde
0,38,1,tarde
0,-7,0,tarde
0,27,1,tarde
0,21,1,tarde
0,-1,0,tarde
0,2,0,tarde
0,11,0,tarde
0,5,0,tarde
0,6,0,tarde
0,15,0,tarde
0,59,1,tarde
0,38,1,tarde
0,15,0,tarde
0,3,0,tarde
0,-3,0,tarde
0,53,1,tarde
0,2,0,tarde
0,-3,0,tarde
0,2,0,tarde
0,10,0,tarde
0,13,0,tarde
0,2,0,tarde
0,-5,0,noche
0,-4,0,noche
0,-1,0,noche
0,-1,0,mañana
0,-7,0,mañana
0,7,0,mañana
0,2,0,mañana
0,-7,0,mañana
0,-14,0,mañana
0,5,0,mañana
0,11,0,mañana
0,-7,0,mañana
0,6,0,mañana
0,6,0,mañana
0,-7,0,mañana
0,19,1,mañana
0,-10,0,mañana
0,-4,0,mañana
0,1,0,mañana
0,-9,0,mañana
0,-2,0,mañana
0,-14,0,mañana
0,-11,0,tarde
0,14,0,tarde
0,-12,0,tarde
0,2,0,tarde
0,-11,0,tarde
0,3,0,tarde
0,-2,0,tarde
0,-4,0,tarde
0,4,0,tarde
0,-1,0,tarde
0,1,0,tarde
0,0,0,tarde
0,28,1,tarde
0,67,1,tarde
0,4,0,tarde
0,6,0,tarde
0,-3,0,tarde
0,70,1,tarde
0,1,0,tarde
0,0,0,tarde
0,5,0,tarde
0,-10,0,mañana
0,-2,0,mañana
0,-1,0,mañana
0,-9,0,mañana
0,-6,0,mañana
0,-5,0,mañana
0,-7,0,mañana
0,7,0,mañana
0,-8,0,mañana
0,-5,0,mañana
0,-4,0,mañana
0,-5,0,mañana
0,1,0,mañana
0,-7,0,mañana
0,-6,0,mañana
0,-2,0,mañana
0,-7,0,mañana
0,-4,0,mañana
0,-8,0,mañana
0,-4,0,mañana
0,14,0,mañana
0,3,0,mañana
0,0,0,mañana
0,2,0,mañana
0,-1,0,mañana
0,-2,0,mañana
0,-7,0,mañana
0,-8,0,mañana
0,-3,0,mañana
0,-8,0,mañana
0,-7,0,mañana
0,1,0,tarde
0,4,0,tarde
0,6,0,tarde
0,-1,0,tarde
0,3,0,tarde
0,4,0,tarde
0,-2,0,tarde
0,5,0,tarde
0,3,0,tarde
0,-13,0,tarde
0,-5,0,tarde
0,8,0,tarde
0,-10,0,tarde
0,3,0,tarde
0,-13,0,tarde
0,5,0,tarde
0,-6,0,tarde
0,2,0,tarde
0,9,0,tarde
0,-4,0,tarde
0,-8,0,tarde
0,11,0,tarde
0,-4,0,tarde
0,2,0,tarde
0,12,0,tarde
0,6,0,tarde
0,1,0,tarde
0,-3,0,tarde
0,-8,0,tarde
0,-5,0,tarde
0,-3,0,tarde
0,-3,0,noche
0,14,0,noche
0,-11,0,noche
0,2,0,noche
0,26,1,noche
0,-12,0,noche
0,-1,0,noche
0,-3,0,noche
0,-9,0,noche
0,-10,0,noche
0,-3,0,noche
0,-6,0,noche
0,-9,0,noche
0,-6,0,noche
0,-6,0,noche
0,-14,0,noche
0,0,0,noche
0,-10,0,noche
0,-5,0,noche
0,-5,0,noche
0,-10,0,noche
0,3,0,noche
0,-3,0,noche
0,-3,0,noche
0,-10,0,noche
0,-8,0,noche
0,-7,0,noche
0,-3,0,noche
0,2,0,noche
0,-2,0,noche
0,-1,0,noche
0,16,1,noche
0,16,1,noche
0,-3,0,noche
0,36,1,noche
0,16,1,noche
0,0,0,noche
0,-5,0,noche
0,12,0,noche
0,0,0,noche
0,-14,0,noche
0,1,0,noche
0,21,1,noche
0,-2,0,noche
0,-1,0,noche
0,0,0,noche
0,-7,0,noche
0,-6,0,noche
0,-1,0,noche
0,-4,0,noche
0,1,0,noche
0,0,0,noche
0,6,0,noche
0,-1,0,noche
0,-14,0,noche
0,-7,0,noche
0,4,0,noche
0,3,0,noche
0,7,0,noche
0,-8,0,noche
0,4,0,noche
0,47,1,noche
0,19,1,noche
0,27,1,noche
0,-4,0,noche
0,4,0,noche
0,27,1,noche
0,-4,0,noche
0,8,0,noche
0,14,0,noche
0,11,0,noche
0,-7,0,noche
0,-3,0,noche
0,0,0,noche
0,0,0,noche
0,2,0,noche
0,-13,0,noche
0,-5,0,noche
0,-3,0,noche
0,-9,0,noche
0,-8,0,noche
0,3,0,noche
0,33,1,noche
0,-1,0,noche
0,5,0,noche
0,25,1,noche
0,-7,0,noche
0,2,0,noche
0,-9,0,noche
0,-5,0,noche
0,-6,0,noche
0,-5,0,noche
0,-2,0,noche
0,-6,0,noche
0,-8,0,noche
0,20,1,noche
0,26,1,noche
0,18,1,noche
0,-5,0,noche
0,-8,0,noche
0,-9,0,noche
0,-5,0,noche
0,6,0,noche
0,-7,0,noche
0,9,0,noche
0,-6,0,noche
0,-7,0,noche
0,-6,0,noche
0,-4,0,noche
0,-3,0,noche
0,-3,0,noche
0,0,0,noche
0,-2,0,noche
0,0,0,noche
0,-7,0,noche
0,3,0,noche
0,-13,0,noche
0,-1,0,noche
0,-4,0,noche
0,-8,0,noche
0,-4,0,noche
0,-7,0,noche
0,6,0,mañana
0,-3,0,mañana
0,-14,0,mañana
0,4,0,mañana
0,4,0,mañana
0,-6,0,mañana
0,-14,0,mañana
0,-12,0,mañana
0,-11,0,mañana
0,-8,0,mañana
0,-10,0,mañana
0,-10,0,mañana
0,-11,0,mañana
0,4,0,mañana
0,-9,0,mañana
0,-10,0,mañana
0,-6,0,mañana
0,-10,0,mañana
0,-5,0,mañana
0,-7,0,mañana
0,35,1,tarde
0,48,1,tarde
0,24,1,tarde
0,71,1,tarde
0,66,1,tarde
0,37,1,tarde
0,24,1,tarde
0,34,1,tarde
0,57,1,tarde
0,28,1,tarde
0,21,1,tarde
0,19,1,tarde
0,13,0,tarde
0,40,1,tarde
0,63,1,tarde
0,27,1,tarde
0,20,1,tarde
0,46,1,tarde
0,11,0,tarde
0,-6,0,tarde
0,15,0,tarde
0,-2,0,tarde
0,-4,0,tarde
0,26,1,tarde
0,-2,0,tarde
0,30,1,tarde
0,8,0,tarde
0,39,1,tarde
0,-4,0,tarde
0,7,0,tarde
0,34,1,tarde
0,151,1,tarde
0,-4,0,tarde
0,0,0,tarde
0,-9,0,tarde
0,-4,0,tarde
0,-9,0,tarde
0,-3,0,tarde
0,5,0,tarde
0,-4,0,tarde
0,3,0,tarde
0,13,0,tarde
0,12,0,tarde
0,-1,0,tarde
0,12,0,tarde
0,-1,0,tarde
0,28,1,tarde
0,4,0,tarde
0,2,0,tarde
0,11,0,tarde
0,-1,0,tarde
0,16,1,tarde
0,4,0,tarde
0,-11,0,tarde
0,-11,0,tarde
0,7,0,tarde
0,0,0,tarde
0,10,0,tarde
0,7,0,tarde
0,2,0,tarde
0,11,0,tarde
0,-7,0,tarde
0,7,0,tarde
0,-9,0,tarde
0,1,0,tarde
0,0,0,tarde
0,4,0,tarde
0,-12,0,tarde
0,1,0,tarde
0,6,0,tarde
0,4,0,tarde
0,-4,0,tarde
0,0,0,tarde
0,-7,0,tarde
0,-1,0,tarde
0,12,0,tarde
0,-4,0,tarde
0,-5,0,tarde
0,43,1,mañana
0,5,0,mañana
0,1,0,mañana
0,-2,0,mañana
0,1,0,mañana
0,-1,0,mañana
0,-11,0,mañana
0,-4,0,mañana
0,-8,0,mañana
0,-9,0,mañana
0,-12,0,mañana
0,-6,0,mañana
0,-6,0,mañana
0,7,0,mañana
0,-4,0,mañana
0,0,0,tarde
0,-8,0,tarde
0,64,1,tarde
0,13,0,tarde
0,28,1,tarde
0,23,1,tarde
0,31,1,tarde
0,15,0,tarde
0,17,1,tarde
0,78,1,tarde
0,10,0,tarde
0,10,0,tarde
0,73,1,tarde
0,21,1,tarde
0,16,1,tarde
0,25,1,tarde
0,13,0,tarde
0,30,1,tarde
0,2,0,mañana
0,2,0,mañana
0,-10,0,mañana
0,0,0,mañana
0,9,0,mañana
0,114,1,mañana
0,8,0,mañana
0,-2,0,mañana
0,-8,0,mañana
0,-9,0,mañana
0,-5,0,mañana
0,0,0,mañana
0,-10,0,mañana
0,-5,0,mañana
0,-1,0,mañana
0,-7,0,mañana
0,31,1,mañana
0,-1,0,mañana
0,-5,0,mañana
0,-11,0,mañana
0,-14,0,mañana
0,-7,0,mañana
0,-12,0,mañana
0,1,0,mañana
0,6,0,mañana
0,3,0,mañana
0,-10,0,mañana
0,-9,0,mañana
0,-2,0,mañana
0,-2,0,mañana
0,11,0,mañana
0,1,0,noche
0,-8,0,noche
0,-10,0,noche
0,-13,0,noche
0,-12,0,noche
0,-4,0,noche
0,-6,0,noche
0,-10,0,noche
0,-1,0,noche
0,-7,0,noche
0,43,1,noche
0,-13,0,noche
0,13,0,noche
0,-2,0,noche
0,-2,0,noche
0,-5,0,noche
0,-11,0,noche
0,14,0,noche
0,-4,0,noche
0,-7,0,noche
0,-8,0,noche
0,0,0,noche
0,-11,0,noche
0,17,1,noche
0,-7,0,noche
0,-11,0,noche
0,152,1,noche
0,2,0,noche
0,-11,0,noche
0,0,0,noche
0,14,0,noche
0,-9,0,noche
0,4,0,noche
0,8,0,tarde
0,3,0,tarde
0,2,0,tarde
0,2,0,tarde
0,27,1,tarde
0,8,0,tarde
0,-6,0,tarde
0,-7,0,tarde
0,2,0,tarde
0,10,0,tarde
0,-6,0,tarde
0,-2,0,tarde
0,-10,0,tarde
0,-12,0,tarde
0,3,0,tarde
0,-4,0,tarde
0,-12,0,tarde
0,1,0,tarde
0,-3,0,tarde
0,-6,0,tarde
0,-9,0,tarde
0,-2,0,tarde
0,-8,0,tarde
0,1,0,tarde
0,5,0,tarde
0,0,0,tarde
0,1,0,tarde
0,-2,0,tarde
0,-3,0,tarde
0,9,0,tarde
0,6,0,tarde
0,-10,0,noche
0,-12,0,noche
0,5,0,noche
0,43,1,noche
0,-9,0,noche
0,-9,0,noche
0,-9,0,noche
0,17,1,noche
0,0,0,noche
0,20,1,noche
0,-4,0,noche
0,10,0,noche
0,-13,0,noche
0,-5,0,noche
0,43,1,noche
0,-7,0,noche
0,-12,0,noche
0,14,0,noche
0,-11,0,noche
0,23,1,noche
0,12,0,noche
0,-4,0,noche
0,-1,0,noche
0,3,0,noche
0,18,1,tarde
0,5,0,tarde
0,32,1,tarde
0,18,1,tarde
0,8,0,tarde
0,37,1,tarde
0,1,0,tarde
0,2,0,tarde
0,0,0,tarde
0,-3,0,tarde
0,7,0,tarde
0,-4,0,tarde
0,13,0,tarde
0,-4,0,tarde
0,-3,0,tarde
0,31,1,tarde
0,14,0,tarde
0,14,0,tarde
0,18,1,tarde
0,0,0,tarde
0,24,1,tarde
0,5,0,tarde
0,8,0,tarde
0,42,1,tarde
0,8,0,tarde
0,40,1,tarde
0,66,1,tarde
0,17,1,tarde
0,19,1,tarde
0,17,1,tarde
0,16,1,tarde
0,10,0,tarde
0,5,0,tarde
0,2,0,tarde
0,30,1,tarde
0,18,1,tarde
0,8,0,tarde
0,3,0,tarde
0,27,1,tarde
0,13,0,tarde
0,-4,0,tarde
0,4,0,tarde
0,11,0,mañana
0,6,0,mañana
0,9,0,mañana
0,3,0,mañana
0,15,0,mañana
0,-1,0,mañana
0,-1,0,mañana
0,8,0,mañana
0,138,1,mañana
0,8,0,mañana
0,-3,0,mañana
0,-10,0,mañana
0,-4,0,mañana
0,12,0,mañana
0,13,0,noche
0,17,1,noche
0,7,0,noche
0,27,1,noche
0,10,0,noche
0,5,0,noche
0,17,1,noche
0,2,0,noche
0,-2,0,noche
0,15,0,noche
0,3,0,noche
0,6,0,noche
0,3,0,noche
0,4,0,noche
0,-2,0,noche
0,-3,0,noche
0,0,0,noche
0,12,0,noche
0,26,1,noche
0,9,0,noche
0,21,1,noche
0,12,0,noche
0,9,0,noche
0,1,0,noche
0,-8,0,noche
0,8,0,noche
0,4,0,noche
0,9,0,noche
0,-1,0,noche
0,13,0,noche
0,10,0,noche
0,0,0,noche
0,5,0,tarde
0,17,1,noche
0,4,0,tarde
0,4,0,tarde
0,9,0,noche
0,1,0,tarde
0,2,0,noche
0,96,1,tarde
0,1,0,noche
0,10,0,tarde
0,58,1,tarde
0,20,1,noche
0,25,1,tarde
0,47,1,tarde
0,12,0,mañana
0,5,0,mañana
0,-1,0,mañana
0,-1,0,mañana
0,-2,0,mañana
0,-3,0,mañana
0,19,1,mañana
0,7,0,mañana
0,8,0,mañana
0,6,0,mañana
0,44,1,mañana
0,11,0,mañana
0,12,0,mañana
0,32,1,mañana
0,0,0,mañana
0,57,1,tarde
0,3,0,tarde
0,-3,0,tarde
0,-3,0,tarde
0,-8,0,tarde
0,11,0,tarde
0,14,0,tarde
0,6,0,tarde
0,-2,0,tarde
0,12,0,tarde
0,1,0,tarde
0,0,0,tarde
0,-1,0,tarde
0,5,0,tarde
0,0,0,tarde
0,-1,0,tarde
0,55,1,tarde
0,6,0,tarde
0,2,0,tarde
0,4,0,tarde
0,2,0,tarde
0,0,0,tarde
0,121,1,tarde
0,3,0,tarde
0,-1,0,tarde
0,6,0,tarde
0,-4,0,tarde
0,51,1,tarde
0,1,0,tarde
0,131,1,tarde
0,14,0,tarde
0,4,0,tarde
0,-3,0,tarde
0,30,1,noche
0,3,0,noche
0,7,0,mañana
0,7,0,mañana
0,6,0,mañana
0,15,0,mañana
0,5,0,mañana
0,26,1,mañana
0,2,0,mañana
0,-1,0,mañana
0,2,0,mañana
0,-4,0,mañana
0,2,0,mañana
0,0,0,mañana
0,-2,0,mañana
0,5,0,mañana
0,9,0,mañana
0,13,0,mañana
0,4,0,mañana
0,3,0,mañana
0,4,0,mañana
0,16,1,mañana
0,18,1,mañana
0,17,1,mañana
0,0,0,mañana
0,-4,0,mañana
0,10,0,mañana
0,18,1,mañana
0,41,1,mañana
0,-1,0,mañana
0,7,0,mañana
0,6,0,mañana
0,8,0,mañana
0,3,0,tarde
0,25,1,tarde
0,8,0,tarde
0,62,1,tarde
0,23,1,tarde
0,7,0,tarde
0,5,0,tarde
0,17,1,tarde
0,-2,0,tarde
0,14,0,tarde
0,11,0,tarde
0,11,0,tarde
0,10,0,tarde
0,3,0,tarde
0,12,0,tarde
0,-1,0,tarde
0,26,1,tarde
0,17,1,tarde
0,15,0,tarde
0,1,0,tarde
0,15,0,tarde
0,31,1,tarde
0,16,1,tarde
0,58,1,tarde
0,-1,0,tarde
0,11,0,tarde
0,1,0,tarde
0,16,1,tarde
0,25,1,tarde
0,7,0,tarde
0,15,0,tarde
0,5,0,tarde
0,17,1,tarde
0,-1,0,mañana
0,0,0,mañana
0,-3,0,mañana
0,-6,0,mañana
0,-7,0,mañana
0,-7,0,mañana
0,1,0,mañana
0,-6,0,mañana
0,8,0,mañana
0,-7,0,mañana
0,7,0,mañana
0,5,0,mañana
0,4,0,mañana
0,-1,0,mañana
0,3,0,mañana
0,0,0,mañana
0,3,0,mañana
0,2,0,mañana
0,6,0,mañana
0,7,0,mañana
0,4,0,mañana
0,0,0,mañana
0,-4,0,mañana
0,2,0,mañana
0,-1,0,mañana
0,6,0,mañana
0,-1,0,mañana
0,-3,0,mañana
0,8,0,mañana
0,-2,0,mañana
0,4,0,tarde
0,5,0,mañana
0,-3,0,mañana
0,13,0,mañana
0,14,0,mañana
0,28,1,mañana
0,12,0,mañana
0,-2,0,mañana
0,1,0,mañana
0,-1,0,mañana
0,7,0,mañana
0,-3,0,mañana
0,7,0,mañana
0,15,0,mañana
0,-1,0,mañana
0,5,0,mañana
0,2,0,mañana
0,13,0,mañana
0,4,0,mañana
0,31,1,mañana
0,14,0,mañana
0,8,0,mañana
0,2,0,mañana
0,-2,0,mañana
0,8,0,mañana
0,6,0,mañana
0,25,1,mañana
0,3,0,mañana
0,4,0,mañana
0,5,0,mañana
0,-3,0,mañana
0,-1,0,mañana
0,5,0,tarde
0,1,0,tarde
0,22,1,tarde
0,13,0,tarde
0,12,0,tarde
0,4,0,tarde
0,-2,0,tarde
0,158,1,tarde
0,18,1,tarde
0,-1,0,tarde
0,3,0,tarde
0,2,0,tarde
0,12,0,tarde
0,7,0,tarde
0,2,0,tarde
0,6,0,tarde
0,9,0,tarde
0,2,0,tarde
0,1,0,tarde
0,-2,0,tarde
0,7,0,mañana
0,-2,0,mañana
0,52,1,mañana
0,25,1,mañana
0,29,1,mañana
0,26,1,mañana
0,15,0,mañana
0,9,0,mañana
0,3,0,mañana
0,14,0,mañana
0,3,0,mañana
0,8,0,mañana
0,-1,0,mañana
0,6,0,mañana
0,8,0,mañana
0,1,0,mañana
0,19,1,mañana
0,14,0,mañana
0,-1,0,mañana
0,21,1,mañana
0,8,0,mañana
0,8,0,mañana
0,9,0,mañana
0,9,0,mañana
0,6,0,mañana
0,17,1,mañana
0,8,0,mañana
0,-4,0,mañana
0,-1,0,mañana
0,-1,0,mañana
0,15,0,mañana
0,5,0,noche
0,15,0,noche
0,-2,0,mañana
0,0,0,mañana
0,-1,0,mañana
0,13,0,mañana
0,-2,0,mañana
0,-4,0,mañana
0,11,0,mañana
0,-2,0,mañana
0,1,0,mañana
0,7,0,mañana
0,15,0,mañana
0,1,0,mañana
0,1,0,mañana
0,7,0,tarde
0,-1,0,tarde
0,30,1,tarde
0,24,1,tarde
0,0,0,tarde
0,0,0,tarde
0,10,0,tarde
0,2,0,tarde
0,0,0,tarde
0,12,0,tarde
0,8,0,tarde
0,4,0,tarde
0,11,0,tarde
0,-1,0,tarde
0,4,0,tarde
0,-3,0,tarde
0,-2,0,tarde
0,0,0,tarde
0,11,0,tarde
0,24,1,tarde
0,4,0,tarde
0,17,1,tarde
0,-1,0,tarde
0,0,0,tarde
0,4,0,tarde
0,0,0,tarde
0,3,0,tarde
0,0,0,tarde
0,-3,0,tarde
0,-5,0,tarde
0,8,0,tarde
0,28,1,mañana
0,25,1,mañana
0,24,1,mañana
0,-3,0,mañana
0,5,0,mañana
0,1,0,mañana
0,31,1,mañana
0,-4,0,mañana
0,5,0,mañana
0,-3,0,mañana
0,12,0,mañana
0,2,0,mañana
0,19,1,mañana
0,15,0,mañana
0,9,0,mañana
0,-2,0,mañana
0,0,0,mañana
0,20,1,tarde
0,-1,0,mañana
0,-2,0,mañana
0,-3,0,mañana
0,-2,0,mañana
0,6,0,mañana
0,-2,0,mañana
0,23,1,tarde
0,12,0,noche
0,25,1,noche
0,17,1,noche
0,134,1,noche
0,60,1,noche
0,34,1,noche
0,-3,0,noche
0,-3,0,noche
0,-3,0,noche
0,23,1,noche
0,26,1,noche
0,41,1,noche
0,24,1,noche
0,7,0,noche
0,5,0,tarde
0,0,0,noche
0,12,0,noche
0,10,0,noche
0,-5,0,noche
0,2,0,noche
0,-10,0,noche
0,7,0,tarde
0,27,1,noche
0,-5,0,noche
0,35,1,noche
0,28,1,noche
0,-3,0,noche
0,-1,0,tarde
0,0,0,noche
0,7,0,noche
0,57,1,noche
0,46,1,noche
0,-1,0,noche
0,-1,0,mañana
0,-5,0,mañana
0,23,1,mañana
0,6,0,mañana
0,14,0,mañana
0,11,0,tarde
0,19,1,mañana
0,-1,0,mañana
0,3,0,mañana
0,2,0,mañana
0,-2,0,tarde
0,23,1,tarde
0,2,0,tarde
0,117,1,tarde
0,41,1,tarde
0,1,0,tarde
0,-7,0,tarde
0,98,1,tarde
0,34,1,tarde
0,0,0,tarde
0,41,1,tarde
0,12,0,tarde
0,0,0,tarde
0,-3,0,tarde
0,-2,0,tarde
0,3,0,tarde
0,-4,0,tarde
0,-3,0,tarde
0,6,0,tarde
0,37,1,tarde
0,12,0,tarde
0,22,1,tarde
0,20,1,tarde
0,0,0,tarde
0,0,0,tarde
0,-5,0,tarde
0,-2,0,tarde
0,21,1,mañana
0,3,0,tarde
0,2,0,mañana
0,6,0,mañana
0,10,0,mañana
0,39,1,tarde
0,0,0,mañana
0,1,0,mañana
0,-2,0,mañana
0,6,0,tarde
0,7,0,mañana
0,0,0,mañana
0,6,0,mañana
0,-3,0,tarde
0,4,0,mañana
0,2,0,mañana
0,0,0,mañana
0,-2,0,tarde
0,2,0,mañana
0,0,0,mañana
0,20,1,mañana
0,2,0,mañana
0,6,0,mañana
0,18,1,mañana
0,5,0,mañana
0,4,0,mañana
0,23,1,mañana
0,7,0,mañana
0,-2,0,mañana
0,25,1,mañana
0,1,0,mañana
0,1,0,mañana
0,2,0,mañana
0,-1,0,mañana
0,3,0,mañana
0,4,0,mañana
0,15,0,mañana
0,6,0,mañana
0,0,0,mañana
0,21,1,mañana
0,6,0,mañana
0,1,0,mañana
0,9,0,mañana
0,15,0,mañana
0,-1,0,mañana
0,-2,0,mañana
0,-4,0,mañana
0,3,0,mañana
0,10,0,tarde
0,22,1,mañana
0,3,0,mañana
0,14,0,tarde
0,-2,0,mañana
0,-1,0,tarde
0,4,0,mañana
0,-1,0,mañana
0,9,0,tarde
0,29,1,mañana
0,-4,0,tarde
0,1,0,mañana
0,6,0,tarde
0,-3,0,tarde
0,9,0,tarde
0,-1,0,mañana
0,60,1,mañana
0,1,0,mañana
0,100,1,tarde
0,20,1,tarde
0,14,0,tarde
0,31,1,tarde
0,27,1,tarde
0,-5,0,tarde
0,11,0,tarde
0,67,1,tarde
0,27,1,tarde
0,29,1,tarde
0,30,1,tarde
0,1,0,tarde
0,9,0,tarde
0,0,0,tarde
0,2,0,tarde
0,16,1,tarde
0,3,0,tarde
0,8,0,tarde
0,17,1,tarde
0,5,0,tarde
0,39,1,tarde
0,22,1,tarde
0,-1,0,tarde
0,15,0,tarde
0,10,0,tarde
0,-3,0,tarde
0,-4,0,mañana
0,1,0,mañana
0,30,1,mañana
0,7,0,mañana
0,15,0,mañana
0,12,0,mañana
0,0,0,mañana
0,4,0,mañana
0,4,0,mañana
0,13,0,mañana
0,18,1,mañana
0,12,0,mañana
0,-1,0,mañana
0,-4,0,mañana
0,-3,0,mañana
0,9,0,mañana
0,-6,0,mañana
0,9,0,mañana
0,2,0,mañana
0,0,0,mañana
0,-4,0,mañana
0,-1,0,mañana
0,-1,0,mañana
0,16,1,mañana
0,64,1,mañana
0,-1,0,mañana
0,-3,0,mañana
0,19,1,mañana
0,-2,0,mañana
0,4,0,mañana
0,49,1,mañana
0,-2,0,mañana
0,2,0,mañana
0,10,0,mañana
0,-3,0,mañana
0,1,0,mañana
0,5,0,mañana
0,13,0,tarde
0,15,0,mañana
0,24,1,mañana
0,4,0,tarde
0,1,0,tarde
0,7,0,mañana
0,-3,0,mañana
0,-8,0,tarde
0,8,0,mañana
0,2,0,mañana
0,4,0,tarde
0,5,0,mañana
0,37,1,mañana
0,5,0,tarde
0,1,0,tarde
0,-3,0,tarde
0,-2,0,tarde
0,-1,0,tarde
0,8,0,noche
0,21,1,noche
0,14,0,noche
0,24,1,noche
0,97,1,noche
0,13,0,noche
0,0,0,noche
0,20,1,noche
0,11,0,noche
0,9,0,noche
0,0,0,noche
0,25,1,noche
0,5,0,noche
0,-6,0,noche
0,-9,0,noche
0,-5,0,noche
0,0,0,noche
0,4,0,noche
0,3,0,noche
0,-2,0,noche
0,-3,0,noche
0,15,0,noche
0,15,0,noche
0,-4,0,noche
0,-5,0,noche
0,-3,0,noche
0,4,0,noche
0,17,1,noche
0,-2,0,noche
0,13,0,noche
0,0,0,tarde
0,7,0,tarde
0,18,1,tarde
0,8,0,tarde
0,3,0,tarde
0,2,0,tarde
0,15,0,tarde
0,-3,0,tarde
0,-1,0,tarde
0,3,0,mañana
0,11,0,mañana
0,56,1,mañana
0,97,1,mañana
0,25,1,mañana
0,15,0,mañana
0,-3,0,mañana
0,97,1,mañana
0,28,1,mañana
0,2,0,mañana
0,21,1,mañana
0,27,1,mañana
0,-1,0,mañana
0,10,0,mañana
0,-1,0,mañana
0,-1,0,mañana
0,-2,0,mañana
0,8,0,mañana
0,0,0,mañana
0,2,0,mañana
0,6,0,mañana
0,15,0,mañana
0,1,0,mañana
0,11,0,mañana
0,-5,0,mañana
0,-5,0,mañana
0,-5,0,mañana
0,11,0,tarde
0,60,1,tarde
0,-7,0,tarde
0,43,1,tarde
0,13,0,tarde
0,0,0,tarde
0,50,1,tarde
0,3,0,tarde
0,-4,0,tarde
0,1,0,tarde
0,35,1,tarde
0,3,0,noche
0,19,1,tarde
0,16,1,tarde
0,12,0,tarde
0,32,1,tarde
0,106,1,tarde
0,31,1,tarde
0,14,0,tarde
0,0,0,tarde
0,17,1,tarde
0,-1,0,noche
0,9,0,tarde
0,16,1,tarde
0,30,1,tarde
0,7,0,tarde
0,17,1,tarde
0,5,0,tarde
0,7,0,tarde
0,0,0,tarde
0,-3,0,tarde
0,12,0,mañana
0,0,0,mañana
0,69,1,mañana
0,6,0,mañana
0,1,0,mañana
0,12,0,mañana
0,0,0,mañana
0,3,0,mañana
0,2,0,mañana
0,1,0,mañana
0,-1,0,mañana
0,9,0,mañana
0,-7,0,mañana
0,5,0,mañana
0,4,0,mañana
0,-1,0,mañana
0,-1,0,mañana
0,10,0,mañana
0,-3,0,mañana
0,-1,0,mañana
0,-2,0,mañana
0,3,0,mañana
0,35,1,mañana
0,1,0,mañana
0,-4,0,mañana
0,-5,0,mañana
0,14,0,mañana
0,0,0,tarde
0,2,0,tarde
0,5,0,tarde
0,4,0,tarde
0,1,0,noche
0,1,0,tarde
0,-1,0,noche
0,9,0,tarde
0,0,0,noche
0,-2,0,tarde
0,-3,0,noche
0,13,0,tarde
0,-4,0,noche
0,27,1,noche
0,10,0,noche
0,29,1,noche
0,2,0,tarde
0,55,1,noche
0,3,0,tarde
0,3,0,noche
0,25,1,noche
0,0,0,tarde
0,24,1,noche
0,4,0,tarde
0,14,0,noche
0,1,0,noche
0,19,1,tarde
0,7,0,noche
0,7,0,tarde
0,14,0,noche
0,-5,0,noche
0,0,0,tarde
0,-6,0,noche
0,-2,0,mañana
0,0,0,mañana
0,-2,0,mañana
0,-3,0,mañana
0,1,0,mañana
0,0,0,mañana
0,2,0,mañana
0,0,0,mañana
0,14,0,mañana
0,4,0,mañana
0,-5,0,mañana
0,-5,0,mañana
0,5,0,mañana
0,-2,0,mañana
0,1,0,mañana
0,15,0,mañana
0,-9,0,mañana
0,-5,0,mañana
0,3,0,mañana
0,39,1,mañana
0,5,0,mañana
0,3,0,mañana
0,50,1,mañana
0,-4,0,mañana
0,-4,0,mañana
0,6,0,mañana
0,2,0,mañana
0,9,0,mañana
0,0,0,mañana
0,-1,0,mañana
0,-12,0,mañana
0,-12,0,mañana
0,-2,0,mañana
0,-6,0,mañana
0,2,0,mañana
0,21,1,tarde
0,-1,0,mañana
0,5,0,mañana
0,1,0,mañana
0,3,0,mañana
0,29,1,tarde
0,-3,0,mañana
0,12,0,mañana
0,-2,0,mañana
0,26,1,tarde
0,6,0,mañana
0,32,1,mañana
0,-1,0,mañana
0,9,0,mañana
0,4,0,tarde
0,9,0,mañana
0,11,0,mañana
0,2,0,mañana
0,-4,0,mañana
0,-4,0,tarde
0,0,0,mañana
0,3,0,mañana
0,-9,0,tarde
0,7,0,tarde
0,-5,0,tarde
0,3,0,mañana
0,-7,0,tarde
0,0,0,tarde
0,-3,0,mañana
0,98,1,tarde
0,-3,0,tarde
0,-7,0,mañana
0,25,1,tarde
0,5,0,tarde
0,23,1,tarde
0,-2,0,tarde
0,20,1,tarde
0,4,0,tarde
0,0,0,tarde
0,-3,0,tarde
0,2,0,tarde
0,-2,0,tarde
0,3,0,tarde
0,-3,0,tarde
0,1,0,tarde
0,-10,0,tarde
0,15,0,tarde
0,3,0,tarde
0,3,0,tarde
0,-4,0,tarde
0,-2,0,tarde
0,11,0,tarde
0,15,0,tarde
0,-2,0,tarde
0,-8,0,tarde
0,-6,0,tarde
0,-4,0,tarde
0,14,0,tarde
0,3,0,tarde
0,7,0,tarde
0,28,1,tarde
0,5,0,tarde
0,39,1,tarde
0,-1,0,tarde
0,-6,0,tarde
0,4,0,tarde
0,-3,0,tarde
0,-1,0,tarde
0,-5,0,tarde
0,7,0,tarde
0,3,0,tarde
0,14,0,tarde
0,3,0,tarde
0,16,1,tarde
0,13,0,tarde
0,-6,0,tarde
0,-4,0,tarde
0,-3,0,tarde
0,17,1,tarde
0,4,0,tarde
0,17,1,tarde
0,-2,0,tarde
0,-5,0,tarde
0,-3,0,tarde
0,0,0,tarde
0,5,0,tarde
0,0,0,tarde
0,6,0,tarde
0,0,0,tarde
0,2,0,tarde
0,-4,0,tarde
0,68,1,tarde
0,12,0,tarde
0,-2,0,tarde
0,-1,0,tarde
0,-3,0,tarde
0,7,0,tarde
0,1,0,tarde
0,8,0,tarde
0,33,1,noche
0,40,1,tarde
0,-1,0,noche
0,68,1,tarde
0,-5,0,noche
0,21,1,tarde
0,-10,0,noche
0,9,0,tarde
0,0,0,noche
0,-1,0,mañana
0,-1,0,mañana
0,-5,0,mañana
0,-3,0,mañana
0,-1,0,mañana
0,-2,0,mañana
0,11,0,mañana
0,21,1,mañana
0,32,1,mañana
0,20,1,mañana
0,5,0,mañana
0,4,0,mañana
0,17,1,mañana
0,-1,0,mañana
0,6,0,mañana
0,10,0,mañana
0,0,0,mañana
0,-3,0,mañana
0,-1,0,mañana
0,30,1,mañana
0,-2,0,mañana
0,10,0,mañana
0,38,1,mañana
0,9,0,mañana
0,15,0,mañana
0,-1,0,mañana
0,19,1,mañana
0,0,0,mañana
0,7,0,mañana
0,10,0,mañana
0,-6,0,mañana
0,-2,0,mañana
0,-5,0,mañana
0,3,0,mañana
0,0,0,mañana
0,12,0,mañana
0,17,1,mañana
0,9,0,mañana
0,-4,0,mañana
0,0,0,mañana
0,-4,0,tarde
0,12,0,mañana
0,-1,0,mañana
0,5,0,mañana
0,-3,0,mañana
0,1,0,mañana
0,-3,0,mañana
0,7,0,mañana
0,6,0,mañana
0,-5,0,mañana
0,0,0,mañana
0,13,0,mañana
0,-3,0,mañana
0,44,1,mañana
0,-3,0,mañana
0,-2,0,mañana
0,102,1,mañana
0,29,1,mañana
0,6,0,mañana
0,19,1,mañana
0,18,1,mañana
0,-4,0,mañana
0,55,1,mañana
0,2,0,mañana
0,-5,0,mañana
0,-4,0,mañana
0,15,0,mañana
0,20,1,noche
0,55,1,tarde
0,-4,0,tarde
0,14,0,tarde
0,35,1,tarde
0,0,0,tarde
0,12,0,tarde
0,2,0,tarde
0,12,0,tarde
0,3,0,tarde
0,57,1,tarde
0,-6,0,tarde
0,11,0,tarde
0,14,0,tarde
0,-2,0,tarde
0,24,1,tarde
0,-4,0,tarde
0,1,0,tarde
0,-2,0,tarde
0,16,1,tarde
0,1,0,tarde
0,20,1,tarde
0,15,0,tarde
0,-5,0,tarde
0,-1,0,tarde
0,5,0,tarde
0,-1,0,tarde
0,7,0,tarde
0,-5,0,tarde
0,16,1,tarde
0,-4,0,tarde
0,23,1,tarde
0,-5,0,tarde
0,-7,0,tarde
0,2,0,tarde
0,22,1,tarde
0,-3,0,tarde
0,24,1,tarde
0,-4,0,tarde
0,5,0,tarde
0,25,1,tarde
0,15,0,tarde
0,-2,0,tarde
0,-5,0,tarde
0,1,0,tarde
0,2,0,tarde
0,-1,0,tarde
0,-2,0,tarde
0,3,0,tarde
0,17,1,tarde
0,23,1,tarde
0,14,0,tarde
0,33,1,tarde
0,3,0,tarde
0,-4,0,tarde
0,-4,0,tarde
0,2,0,tarde
0,33,1,noche
0,27,1,noche
0,25,1,tarde
0,5,0,tarde
0,31,1,noche
0,4,0,noche
0,8,0,tarde
0,-1,0,tarde
0,1,0,noche
0,0,0,noche
0,14,0,tarde
0,16,1,tarde
0,-1,0,noche
0,-4,0,tarde
0,-3,0,tarde
0,31,1,noche
0,39,1,noche
0,45,1,noche
0,-3,0,noche
0,-7,0,mañana
0,-2,0,noche
0,129,1,noche
0,81,1,mañana
0,2,0,noche
0,5,0,mañana
0,36,1,mañana
0,-1,0,noche
0,6,0,mañana
0,79,1,mañana
0,-3,0,noche
0,-5,0,mañana
0,104,1,mañana
0,-3,0,noche
0,4,0,mañana
0,6,0,mañana
0,-2,0,noche
0,1,0,mañana
0,-3,0,mañana
0,4,0,noche
0,2,0,mañana
0,-1,0,mañana
0,2,0,noche
0,16,1,mañana
0,-3,0,mañana
0,-1,0,noche
0,5,0,mañana
0,15,0,mañana
0,-3,0,mañana
0,13,0,mañana
0,106,1,mañana
0,22,1,mañana
0,13,0,mañana
0,8,0,mañana
0,-1,0,mañana
0,-1,0,mañana
0,15,0,mañana
0,15,0,mañana
0,4,0,mañana
0,17,1,mañana
0,14,0,tarde
0,2,0,mañana
0,44,1,mañana
0,136,1,mañana
0,0,0,mañana
0,34,1,tarde
0,12,0,mañana
0,0,0,mañana
0,8,0,mañana
0,-7,0,mañana
0,21,1,tarde
0,11,0,mañana
0,-4,0,mañana
0,3,0,mañana
0,14,0,mañana
0,3,0,tarde
0,-1,0,mañana
0,2,0,mañana
0,8,0,tarde
0,-1,0,tarde
0,-2,0,tarde
0,-7,0,tarde
0,36,1,tarde
0,6,0,tarde
0,18,1,tarde
0,0,0,tarde
0,10,0,tarde
0,9,0,tarde
0,11,0,tarde
0,10,0,tarde
0,8,0,tarde
0,7,0,tarde
0,0,0,tarde
0,2,0,tarde
0,-3,0,noche
0,-1,0,tarde
0,8,0,tarde
0,7,0,tarde
0,37,1,tarde
0,-3,0,tarde
0,9,0,tarde
0,26,1,tarde
0,17,1,tarde
0,4,0,tarde
0,78,1,tarde
0,7,0,tarde
0,1,0,tarde
0,4,0,tarde
0,15,0,tarde
0,-2,0,tarde
0,-1,0,tarde
0,10,0,tarde
0,2,0,noche
0,-2,0,tarde
0,2,0,tarde
0,-5,0,tarde
0,-6,0,tarde
0,5,0,noche
0,24,1,noche
0,27,1,noche
0,5,0,noche
0,44,1,noche
0,-4,0,noche
0,56,1,noche
0,32,1,noche
0,0,0,noche
0,47,1,noche
0,1,0,noche
0,5,0,noche
0,5,0,noche
0,-5,0,noche
0,23,1,noche
0,3,0,noche
0,0,0,noche
0,10,0,noche
0,7,0,noche
0,13,0,noche
0,-2,0,noche
0,-4,0,mañana
0,0,0,noche
0,-2,0,noche
0,-1,0,mañana
0,8,0,mañana
0,-4,0,mañana
0,4,0,mañana
0,-3,0,mañana
0,-5,0,noche
0,2,0,noche
0,-3,0,mañana
0,-1,0,mañana
0,15,0,mañana
0,-4,0,mañana
0,-3,0,mañana
0,7,0,noche
0,-8,0,noche
0,-2,0,mañana
0,0,0,mañana
0,48,1,mañana
0,-3,0,mañana
0,12,0,mañana
0,1,0,noche
0,-3,0,noche
0,-1,0,mañana
0,-2,0,mañana
0,-2,0,mañana
0,-3,0,mañana
0,-6,0,mañana
0,1,0,noche
0,-8,0,noche
0,0,0,tarde
0,16,1,mañana
0,16,1,mañana
0,1,0,mañana
0,0,0,mañana
0,16,1,mañana
0,6,0,mañana
0,1,0,mañana
0,17,1,mañana
0,5,0,mañana
0,5,0,mañana
0,11,0,mañana
0,1,0,mañana
0,-1,0,mañana
0,3,0,mañana
0,-2,0,mañana
0,1,0,mañana
0,34,1,mañana
0,2,0,mañana
0,22,1,mañana
0,-5,0,mañana
0,21,1,mañana
0,4,0,mañana
0,0,0,mañana
0,-1,0,mañana
0,0,0,mañana
0,-4,0,mañana
0,3,0,noche
0,6,0,tarde
0,-6,0,noche
0,-1,0,tarde
0,6,0,noche
0,3,0,tarde
0,-4,0,noche
0,-5,0,tarde
0,-2,0,noche
0,7,0,noche
0,17,1,noche
0,32,1,noche
0,24,1,noche
0,3,0,noche
0,33,1,noche
0,7,0,noche
0,-9,0,noche
0,-5,0,noche
0,2,0,noche
0,34,1,noche
0,-1,0,noche
0,34,1,noche
0,-3,0,noche
0,46,1,noche
0,-1,0,noche
0,1,0,noche
0,-4,0,noche
0,-6,0,noche
0,8,0,noche
0,6,0,noche
0,-1,0,noche
0,-2,0,mañana
0,-1,0,mañana
0,15,0,mañana
0,6,0,mañana
0,5,0,mañana
0,12,0,mañana
0,-1,0,mañana
0,3,0,mañana
0,-1,0,mañana
0,-1,0,mañana
0,-4,0,mañana
0,12,0,mañana
0,0,0,mañana
0,-1,0,mañana
0,9,0,mañana
0,-2,0,mañana
0,14,0,mañana
0,14,0,mañana
0,-2,0,mañana
0,3,0,mañana
0,12,0,mañana
0,13,0,mañana
0,0,0,mañana
0,3,0,mañana
0,2,0,mañana
0,-2,0,mañana
0,9,0,mañana
0,-8,0,mañana
0,-8,0,mañana
0,3,0,mañana
0,-2,0,mañana
0,12,0,noche
0,94,1,noche
0,88,1,noche
0,24,1,noche
0,21,1,noche
0,50,1,noche
0,48,1,noche
0,13,0,noche
0,17,1,noche
0,43,1,noche
0,15,0,noche
0,3,0,noche
0,-3,0,noche
0,13,0,noche
0,5,0,noche
0,11,0,noche
0,26,1,noche
0,6,0,tarde
0,6,0,tarde
0,24,1,tarde
0,22,1,tarde
0,10,0,tarde
0,-5,0,tarde
0,11,0,tarde
0,-3,0,tarde
0,18,1,tarde
0,27,1,tarde
0,4,0,tarde
0,0,0,tarde
0,-2,0,tarde
0,3,0,tarde
0,13,0,tarde
0,19,1,tarde
0,9,0,tarde
0,13,0,tarde
0,16,1,tarde
0,2,0,tarde
0,-1,0,tarde
0,1,0,tarde
0,4,0,tarde
0,19,1,tarde
0,0,0,tarde
0,5,0,tarde
0,-5,0,tarde
0,-1,0,tarde
0,38,1,tarde
0,12,0,tarde
0,0,0,tarde
0,6,0,tarde
0,13,0,tarde
0,29,1,tarde
0,57,1,tarde
0,0,0,tarde
0,9,0,tarde
0,0,0,tarde
0,6,0,tarde
0,51,1,tarde
0,34,1,tarde
0,1,0,tarde
0,0,0,tarde
0,2,0,tarde
0,21,1,tarde
0,51,1,tarde
0,3,0,tarde
0,0,0,tarde
0,0,0,tarde
0,6,0,tarde
0,-1,0,tarde
0,-1,0,tarde
0,5,0,tarde
0,-1,0,tarde
0,-1,0,tarde
0,-1,0,tarde
0,-1,0,tarde
0,-4,0,mañana
0,74,1,noche
0,-2,0,tarde
0,-1,0,tarde
0,29,1,tarde
0,67,1,tarde
0,68,1,tarde
0,24,1,tarde
0,4,0,tarde
0,0,0,tarde
0,10,0,tarde
0,37,1,tarde
0,24,1,tarde
0,12,0,tarde
0,14,0,tarde
0,3,0,tarde
0,-1,0,tarde
0,22,1,tarde
0,1,0,tarde
0,12,0,tarde
0,18,1,tarde
0,10,0,tarde
0,-1,0,tarde
0,1,0,tarde
0,20,1,tarde
0,14,0,tarde
0,2,0,tarde
0,-1,0,tarde
0,1,0,tarde
0,30,1,tarde
0,-5,0,tarde
0,11,0,tarde
0,12,0,tarde
0,10,0,tarde
0,6,0,tarde
0,14,0,tarde
0,7,0,tarde
0,19,1,tarde
0,41,1,tarde
0,17,1,tarde
0,-3,0,tarde
0,-1,0,tarde
0,5,0,tarde
0,-4,0,tarde
0,26,1,mañana
0,6,0,mañana
0,16,1,mañana
0,7,0,mañana
0,-2,0,mañana
0,12,0,noche
0,20,1,noche
0,3,0,noche
0,15,0,noche
0,6,0,noche
0,41,1,noche
0,52,1,noche
0,8,0,noche
0,12,0,noche
0,0,0,tarde
0,6,0,tarde
0,4,0,tarde
0,68,1,tarde
0,1,0,tarde
0,25,1,tarde
0,8,0,tarde
0,-7,0,tarde
0,27,1,tarde
0,3,0,tarde
0,-5,0,tarde
0,12,0,tarde
0,13,0,tarde
0,6,0,tarde
0,7,0,tarde
0,1,0,tarde
0,3,0,tarde
0,1,0,tarde
0,1,0,tarde
0,-5,0,tarde
0,9,0,tarde
0,16,1,tarde
0,1,0,tarde
0,-2,0,tarde
0,10,0,tarde
0,-8,0,tarde
0,0,0,tarde
0,2,0,tarde
0,2,0,tarde
0,6,0,tarde
0,6,0,tarde
0,1,0,mañana
0,0,0,mañana
0,0,0,mañana
0,25,1,mañana
0,11,0,mañana
0,14,0,mañana
0,3,0,mañana
0,7,0,mañana
0,-2,0,mañana
0,-1,0,mañana
0,-2,0,mañana
0,-4,0,mañana
0,4,0,mañana
0,8,0,mañana
0,5,0,mañana
0,6,0,mañana
0,-7,0,mañana
0,-3,0,mañana
0,8,0,mañana
0,19,1,mañana
0,-1,0,mañana
0,1,0,mañana
0,-3,0,mañana
0,1,0,mañana
0,-2,0,mañana
0,-5,0,mañana
0,-2,0,mañana
0,-2,0,mañana
0,-5,0,mañana
0,-7,0,mañana
0,9,0,mañana
0,-4,0,noche
0,106,1,noche
0,47,1,noche
0,11,0,noche
0,2,0,noche
0,2,0,noche
0,4,0,noche
0,16,1,noche
0,21,1,noche
0,6,0,noche
0,3,0,noche
0,2,0,noche
0,0,0,noche
0,31,1,noche
0,1,0,noche
0,-1,0,noche
0,20,1,noche
0,-1,0,tarde
0,15,0,mañana
0,14,0,noche
0,4,0,tarde
0,6,0,mañana
0,12,0,noche
0,4,0,mañana
0,14,0,tarde
0,43,1,mañana
0,0,0,tarde
0,15,0,mañana
0,2,0,noche
0,-3,0,tarde
0,-5,0,tarde
0,29,1,tarde
0,8,0,tarde
0,-2,0,tarde
0,-1,0,tarde
0,6,0,tarde
0,3,0,tarde
0,3,0,tarde
0,-1,0,tarde
0,1,0,tarde
0,16,1,tarde
0,19,1,tarde
0,31,1,tarde
0,-1,0,tarde
0,-2,0,tarde
0,0,0,tarde
0,-1,0,tarde
0,26,1,tarde
0,29,1,tarde
0,-3,0,tarde
0,6,0,tarde
0,53,1,tarde
0,5,0,tarde
0,5,0,tarde
0,5,0,tarde
0,18,1,tarde
0,10,0,tarde
0,3,0,noche
0,6,0,noche
0,21,1,noche
0,18,1,noche
0,47,1,noche
0,9,0,noche
0,-5,0,tarde
0,76,1,noche
0,65,1,noche
0,44,1,noche
0,7,0,noche
0,0,0,mañana
0,9,0,noche
0,8,0,noche
0,6,0,mañana
0,-2,0,noche
0,9,0,mañana
0,-3,0,noche
0,3,0,mañana
0,-1,0,noche
0,18,1,noche
0,1,0,tarde
0,30,1,noche
0,48,1,noche
0,8,0,noche
0,-4,0,noche
0,25,1,noche
0,5,0,noche
0,11,0,noche
0,1,0,noche
0,112,1,noche
0,13,0,noche
0,0,0,noche
0,58,1,noche
0,2,0,noche
0,2,0,noche
0,5,0,noche
0,27,1,noche
0,-3,0,noche
0,5,0,noche
0,1,0,mañana
0,4,0,mañana
0,13,0,mañana
0,16,1,mañana
0,2,0,mañana
0,0,0,mañana
0,14,0,mañana
0,0,0,mañana
0,3,0,mañana
0,7,0,mañana
0,4,0,mañana
0,7,0,mañana
0,3,0,mañana
0,30,1,mañana
0,3,0,mañana
0,-2,0,mañana
0,3,0,mañana
0,10,0,mañana
0,-3,0,mañana
0,-1,0,mañana
0,3,0,mañana
0,0,0,mañana
0,16,1,tarde
0,4,0,tarde
0,16,1,noche
0,12,0,tarde
0,4,0,noche
0,3,0,tarde
0,15,0,tarde
0,7,0,noche
0,2,0,tarde
0,0,0,tarde
0,5,0,noche
0,7,0,tarde
0,15,0,noche
0,1,0,noche
0,36,1,noche
0,65,1,noche
0,-1,0,noche
0,25,1,noche
0,88,1,noche
0,7,0,noche
0,64,1,noche
0,2,0,noche
0,1,0,noche
0,24,1,noche
0,2,0,noche
0,101,1,noche
0,2,0,noche
0,1,0,noche
0,0,0,noche
0,1,0,noche
0,1,0,noche
0,1,0,noche
0,6,0,noche
0,74,1,noche
0,-3,0,noche
0,-2,0,noche
0,-1,0,noche
0,5,0,noche
0,2,0,noche
0,1,0,noche
0,27,1,tarde
0,30,1,tarde
0,3,0,tarde
0,5,0,tarde
0,13,0,tarde
0,6,0,mañana
0,12,0,mañana
0,6,0,mañana
0,2,0,mañana
0,4,0,mañana
0,5,0,mañana
0,-3,0,mañana
0,8,0,mañana
0,2,0,mañana
0,-1,0,mañana
0,7,0,mañana
0,0,0,mañana
0,8,0,mañana
0,4,0,mañana
0,-2,0,mañana
0,6,0,mañana
0,6,0,mañana
0,19,1,mañana
0,21,1,mañana
0,4,0,mañana
0,3,0,mañana
0,-1,0,mañana
0,7,0,mañana
0,11,0,mañana
0,5,0,mañana
0,12,0,mañana
0,4,0,mañana
0,4,0,mañana
0,2,0,mañana
0,7,0,tarde
0,4,0,mañana
0,-6,0,mañana
0,1,0,mañana
0,-1,0,mañana
0,6,0,mañana
0,18,1,mañana
0,3,0,mañana
0,-2,0,mañana
0,5,0,mañana
0,-1,0,mañana
0,-5,0,mañana
0,3,0,mañana
0,0,0,mañana
0,1,0,mañana
0,-1,0,mañana
0,22,1,mañana
0,27,1,mañana
0,44,1,mañana
0,1,0,mañana
0,10,0,mañana
0,1,0,mañana
0,0,0,mañana
0,-1,0,mañana
0,4,0,mañana
0,7,0,mañana
0,6,0,mañana
0,0,0,mañana
0,13,0,mañana
0,-3,0,mañana
0,2,0,mañana
0,-3,0,mañana
0,13,0,mañana
0,3,0,mañana
0,-3,0,mañana
0,5,0,mañana
0,4,0,mañana
0,10,0,mañana
0,3,0,mañana
0,56,1,mañana
0,5,0,mañana
0,0,0,mañana
0,17,1,mañana
0,-4,0,mañana
0,1,0,mañana
0,3,0,mañana
0,2,0,mañana
0,-2,0,mañana
0,5,0,mañana
0,2,0,mañana
0,8,0,mañana
0,17,1,mañana
0,-5,0,mañana
0,54,1,mañana
0,11,0,mañana
0,-2,0,mañana
0,-1,0,mañana
0,-1,0,mañana
0,-3,0,mañana
0,26,1,mañana
0,5,0,mañana
0,-2,0,mañana
0,12,0,mañana
0,5,0,mañana
0,-1,0,mañana
0,11,0,noche
0,0,0,noche
0,-1,0,noche
0,15,0,tarde
0,-2,0,mañana
0,0,0,tarde
0,7,0,mañana
0,-1,0,tarde
0,2,0,mañana
0,7,0,tarde
0,-6,0,mañana
0,1,0,tarde
0,-4,0,mañana
0,35,1,tarde
0,1,0,tarde
0,5,0,tarde
0,2,0,tarde
0,17,1,tarde
0,52,1,tarde
0,8,0,tarde
0,20,1,tarde
0,3,0,tarde
0,5,0,tarde
0,14,0,tarde
0,23,1,tarde
0,1,0,tarde
0,5,0,tarde
0,7,0,tarde
0,0,0,tarde
0,8,0,tarde
0,-1,0,tarde
0,9,0,tarde
0,32,1,tarde
0,2,0,tarde
0,4,0,tarde
0,11,0,tarde
0,7,0,tarde
0,32,1,tarde
0,0,0,tarde
0,2,0,tarde
0,-5,0,tarde
0,5,0,tarde
0,17,1,tarde
0,4,0,tarde
0,67,1,tarde
0,-6,0,tarde
0,5,0,tarde
0,3,0,tarde
0,-5,0,tarde
0,18,1,tarde
0,91,1,tarde
0,115,1,tarde
0,1,0,tarde
0,67,1,tarde
0,2,0,tarde
0,6,0,tarde
0,-3,0,tarde
0,-1,0,tarde
0,-2,0,tarde
0,17,1,tarde
0,2,0,tarde
0,83,1,tarde
0,10,0,tarde
0,0,0,tarde
0,38,1,tarde
0,6,0,tarde
0,-3,0,tarde
0,-1,0,tarde
0,28,1,tarde
0,-2,0,tarde
0,3,0,tarde
0,12,0,tarde
0,19,1,tarde
0,2,0,tarde
0,6,0,tarde
0,4,0,tarde
0,-4,0,tarde
0,8,0,tarde
0,4,0,tarde
0,13,0,noche
0,2,0,noche
0,-6,0,noche
0,10,0,noche
0,0,0,noche
0,2,0,noche
0,19,1,noche
0,-2,0,noche
0,0,0,noche
0,0,0,noche
0,-3,0,noche
0,2,0,noche
0,-4,0,noche
0,5,0,mañana
0,0,0,mañana
0,4,0,mañana
0,9,0,mañana
0,1,0,mañana
0,0,0,mañana
0,-1,0,mañana
0,17,1,mañana
0,6,0,mañana
0,4,0,mañana
0,-2,0,mañana
0,4,0,mañana
0,3,0,mañana
0,5,0,mañana
0,-1,0,mañana
0,8,0,mañana
0,-1,0,mañana
0,-1,0,mañana
0,-2,0,mañana
0,9,0,mañana
0,0,0,mañana
0,2,0,mañana
0,21,1,mañana
0,1,0,mañana
0,1,0,mañana
0,11,0,mañana
0,5,0,mañana
0,0,0,mañana
0,4,0,mañana
0,-1,0,mañana
0,6,0,mañana
0,6,0,mañana
0,1,0,mañana
0,0,0,mañana
0,4,0,mañana
0,8,0,mañana
0,54,1,mañana
0,9,0,mañana
0,-1,0,mañana
0,10,0,mañana
0,9,0,mañana
0,42,1,mañana
0,10,0,mañana
0,-7,0,mañana
0,11,0,mañana
0,1,0,mañana
0,7,0,mañana
0,22,1,mañana
0,6,0,mañana
0,14,0,mañana
0,7,0,mañana
0,4,0,mañana
0,1,0,mañana
0,1,0,mañana
0,7,0,mañana
0,0,0,mañana
0,-6,0,mañana
0,11,0,mañana
0,17,1,mañana
0,0,0,mañana
0,0,0,mañana
0,7,0,mañana
0,-4,0,mañana
0,13,0,mañana
0,9,0,mañana
0,12,0,mañana
0,1,0,mañana
0,-2,0,mañana
0,-5,0,mañana
0,4,0,mañana
0,4,0,mañana
0,6,0,mañana
0,-4,0,mañana
0,4,0,mañana
0,-1,0,mañana
0,4,0,mañana
0,-1,0,mañana
0,-2,0,mañana
0,39,1,tarde
0,105,1,tarde
0,-1,0,tarde
0,1,0,tarde
0,14,0,tarde
0,28,1,tarde
0,5,0,tarde
0,2,0,tarde
0,-4,0,tarde
0,8,0,tarde
0,0,0,tarde
0,21,1,tarde
0,-2,0,tarde
0,4,0,tarde
0,2,0,tarde
0,-2,0,tarde
0,7,0,tarde
0,10,0,mañana
0,5,0,tarde
0,-1,0,tarde
0,12,0,tarde
0,3,0,tarde
0,1,0,tarde
0,0,0,tarde
0,7,0,tarde
0,4,0,tarde
0,2,0,tarde
0,6,0,tarde
0,17,1,tarde
0,12,0,tarde
0,-2,0,tarde
0,1,0,tarde
0,3,0,tarde
0,3,0,tarde
0,-2,0,tarde
0,0,0,tarde
0,0,0,tarde
0,1,0,tarde
0,1,0,tarde
0,10,0,tarde
0,1,0,tarde
0,3,0,tarde
0,1,0,tarde
0,0,0,tarde
0,2,0,tarde
0,3,0,tarde
0,4,0,tarde
0,2,0,tarde
0,2,0,tarde
0,-3,0,tarde
0,5,0,tarde
0,16,1,tarde
0,0,0,tarde
0,8,0,tarde
0,-3,0,tarde
0,8,0,tarde
0,15,0,tarde
0,6,0,tarde
0,9,0,tarde
0,19,1,tarde
0,6,0,tarde
0,0,0,tarde
0,-7,0,tarde
0,56,1,tarde
0,-2,0,tarde
0,4,0,tarde
0,9,0,tarde
0,16,1,tarde
0,-5,0,tarde
0,40,1,tarde
0,10,0,mañana
0,4,0,mañana
0,17,1,mañana
0,2,0,mañana
0,5,0,mañana
0,10,0,mañana
0,2,0,mañana
0,2,0,mañana
0,13,0,mañana
0,13,0,mañana
0,4,0,mañana
0,45,1,mañana
0,-1,0,mañana
0,8,0,mañana
0,45,1,mañana
0,15,0,mañana
0,2,0,mañana
0,14,0,mañana
0,0,0,mañana
0,4,0,mañana
0,5,0,mañana
0,3,0,mañana
0,18,1,mañana
0,3,0,mañana
0,4,0,mañana
0,1,0,mañana
0,4,0,mañana
0,-2,0,mañana
0,4,0,mañana
0,11,0,mañana
0,19,1,mañana
0,5,0,mañana
0,7,0,mañana
0,2,0,mañana
0,7,0,mañana
0,6,0,mañana
0,9,0,mañana
0,3,0,mañana
0,3,0,mañana
0,36,1,mañana
0,11,0,mañana
0,1,0,mañana
0,-1,0,mañana
0,7,0,mañana
0,-1,0,mañana
0,7,0,mañana
0,11,0,mañana
0,3,0,mañana
0,5,0,mañana
0,2,0,mañana
0,15,0,mañana
0,2,0,mañana
0,13,0,mañana
0,7,0,mañana
0,12,0,tarde
0,11,0,mañana
0,28,1,mañana
0,-2,0,mañana
0,23,1,mañana
0,13,0,mañana
0,2,0,tarde
0,6,0,mañana
0,4,0,mañana
0,12,0,mañana
0,3,0,mañana
0,18,1,mañana
0,16,1,mañana
0,3,0,tarde
0,10,0,mañana
0,4,0,mañana
0,1,0,mañana
0,-4,0,mañana
0,19,1,mañana
0,8,0,mañana
0,15,0,tarde
0,7,0,mañana
0,4,0,mañana
0,1,0,mañana
0,-3,0,mañana
0,5,0,mañana
0,12,0,mañana
0,6,0,tarde
0,11,0,mañana
0,-1,0,tarde
0,1,0,mañana
0,20,1,tarde
0,3,0,tarde
0,44,1,tarde
0,0,0,mañana
0,9,0,tarde
0,-4,0,tarde
0,6,0,tarde
0,6,0,tarde
0,5,0,tarde
0,54,1,tarde
0,1,0,tarde
0,2,0,tarde
0,5,0,tarde
0,6,0,tarde
0,1,0,tarde
0,4,0,tarde
0,5,0,tarde
0,61,1,tarde
0,1,0,tarde
0,15,0,tarde
0,19,1,tarde
0,4,0,tarde
0,5,0,tarde
0,16,1,tarde
0,13,0,tarde
0,2,0,tarde
0,24,1,tarde
0,10,0,tarde
0,6,0,tarde
0,19,1,tarde
0,3,0,tarde
0,12,0,tarde
0,1,0,tarde
0,11,0,tarde
0,-4,0,tarde
0,86,1,noche
0,2,0,tarde
0,3,0,noche
0,2,0,mañana
0,12,0,noche
0,29,1,mañana
0,7,0,tarde
0,-2,0,tarde
0,12,0,mañana
0,12,0,noche
0,17,1,noche
0,23,1,noche
0,39,1,noche
0,22,1,noche
0,-2,0,noche
0,13,0,noche
0,6,0,noche
0,5,0,noche
0,1,0,noche
0,9,0,tarde
0,-1,0,noche
0,55,1,noche
0,7,0,noche
0,15,0,noche
0,6,0,tarde
0,46,1,noche
0,18,1,noche
0,14,0,noche
0,23,1,noche
0,0,0,noche
0,27,1,noche
0,6,0,noche
0,42,1,noche
0,2,0,noche
0,6,0,noche
0,20,1,noche
0,35,1,noche
0,9,0,noche
0,24,1,noche
0,5,0,mañana
0,10,0,noche
0,5,0,noche
0,-3,0,noche
0,46,1,noche
0,22,1,noche
0,159,1,noche
0,3,0,tarde
0,3,0,tarde
0,4,0,noche
0,15,0,noche
0,27,1,noche
0,19,1,tarde
0,3,0,noche
0,3,0,noche
0,26,1,noche
0,13,0,tarde
0,0,0,noche
0,4,0,noche
0,11,0,noche
0,7,0,tarde
0,4,0,mañana
0,7,0,mañana
0,5,0,mañana
0,4,0,mañana
0,9,0,mañana
0,10,0,mañana
0,3,0,mañana
0,0,0,mañana
0,5,0,mañana
0,0,0,mañana
0,1,0,mañana
0,8,0,mañana
0,9,0,mañana
0,2,0,mañana
0,3,0,mañana
0,2,0,mañana
0,-6,0,mañana
0,3,0,mañana
0,13,0,mañana
0,3,0,mañana
0,4,0,mañana
0,-2,0,mañana
0,5,0,mañana
0,17,1,mañana
0,-3,0,mañana
0,0,0,mañana
0,13,0,mañana
0,3,0,mañana
0,-5,0,mañana
0,-1,0,mañana
0,-1,0,mañana
0,-1,0,mañana
0,-1,0,mañana
0,10,0,mañana
0,3,0,mañana
0,1,0,mañana
0,10,0,mañana
0,3,0,mañana
0,1,0,mañana
0,27,1,mañana
0,1,0,mañana
0,4,0,mañana
0,1,0,mañana
0,7,0,mañana
0,45,1,mañana
0,38,1,mañana
0,3,0,mañana
0,2,0,mañana
0,-1,0,mañana
0,40,1,mañana
0,16,1,mañana
0,24,1,mañana
0,11,0,mañana
0,3,0,mañana
0,0,0,mañana
0,37,1,mañana
0,53,1,mañana
0,12,0,mañana
0,4,0,mañana
0,8,0,tarde
0,18,1,tarde
0,108,1,tarde
0,1,0,mañana
0,-2,0,mañana
0,-3,0,tarde
0,14,0,mañana
0,9,0,tarde
0,6,0,mañana
0,-1,0,mañana
0,12,0,tarde
0,23,1,mañana
0,2,0,tarde
0,12,0,mañana
0,1,0,mañana
0,10,0,tarde
0,16,1,mañana
0,67,1,tarde
0,9,0,mañana
0,12,0,tarde
0,13,0,tarde
0,3,0,tarde
0,0,0,tarde
0,2,0,tarde
0,3,0,tarde
0,5,0,tarde
0,6,0,tarde
0,6,0,tarde
0,11,0,tarde
0,11,0,tarde
0,1,0,tarde
0,-5,0,tarde
0,7,0,tarde
0,3,0,tarde
0,25,1,tarde
0,-4,0,tarde
0,3,0,tarde
0,-2,0,mañana
0,16,1,tarde
0,-2,0,tarde
0,6,0,tarde
0,9,0,mañana
0,0,0,tarde
0,-1,0,tarde
0,1,0,tarde
0,61,1,tarde
0,-2,0,tarde
0,0,0,mañana
0,-2,0,tarde
0,-2,0,tarde
0,18,1,tarde
0,10,0,tarde
0,61,1,tarde
0,5,0,tarde
0,1,0,mañana
0,32,1,tarde
0,3,0,tarde
0,14,0,tarde
0,-3,0,tarde
0,3,0,tarde
0,0,0,tarde
0,9,0,mañana
0,5,0,tarde
0,-2,0,tarde
0,-2,0,tarde
0,2,0,tarde
0,1,0,tarde
0,50,1,tarde
0,2,0,tarde
0,58,1,tarde
0,6,0,tarde
0,11,0,tarde
0,-2,0,tarde
0,9,0,tarde
0,-3,0,tarde
0,7,0,tarde
0,-2,0,tarde
0,10,0,tarde
0,11,0,tarde
0,6,0,tarde
0,9,0,tarde
0,5,0,tarde
0,37,1,tarde
0,26,1,tarde
0,16,1,tarde
0,4,0,tarde
0,12,0,tarde
0,2,0,tarde
0,26,1,noche
0,7,0,tarde
0,13,0,tarde
0,2,0,tarde
0,26,1,noche
0,22,1,tarde
0,6,0,tarde
0,2,0,tarde
0,6,0,tarde
0,10,0,tarde
0,100,1,noche
0,1,0,tarde
0,10,0,tarde
0,22,1,tarde
0,5,0,tarde
0,10,0,tarde
0,-1,0,tarde
0,-1,0,tarde
0,7,0,noche
0,9,0,noche
0,2,0,noche
0,-3,0,noche
0,43,1,noche
0,22,1,noche
0,8,0,noche
0,3,0,noche
0,13,0,noche
0,-5,0,noche
0,9,0,noche
0,-3,0,noche
0,3,0,noche
0,17,1,noche
0,66,1,noche
0,0,0,noche
0,84,1,noche
0,24,1,noche
0,-1,0,noche
0,3,0,noche
0,14,0,noche
0,32,1,noche
0,3,0,noche
0,6,0,noche
0,14,0,noche
0,5,0,noche
0,8,0,noche
0,28,1,noche
0,15,0,noche
0,-3,0,noche
0,7,0,noche
0,3,0,noche
0,3,0,noche
0,8,0,noche
0,11,0,mañana
0,2,0,mañana
0,17,1,mañana
0,10,0,mañana
0,2,0,mañana
0,7,0,mañana
0,5,0,mañana
0,9,0,mañana
0,12,0,mañana
0,7,0,mañana
0,-2,0,mañana
0,7,0,mañana
0,4,0,mañana
0,2,0,mañana
0,-2,0,mañana
0,-4,0,mañana
0,13,0,mañana
0,0,0,mañana
0,4,0,mañana
0,2,0,mañana
0,4,0,mañana
0,3,0,mañana
0,0,0,mañana
0,7,0,mañana
0,7,0,mañana
0,11,0,mañana
0,1,0,mañana
0,23,1,mañana
0,-3,0,mañana
0,-3,0,mañana
0,10,0,tarde
0,3,0,tarde
0,15,0,tarde
0,11,0,mañana
0,0,0,mañana
0,5,0,mañana
0,13,0,mañana
0,40,1,tarde
0,4,0,mañana
0,5,0,tarde
0,31,1,mañana
0,-4,0,mañana
0,5,0,mañana
0,12,0,tarde
0,5,0,mañana
0,17,1,tarde
0,1,0,mañana
0,3,0,mañana
0,-1,0,mañana
0,8,0,mañana
0,4,0,tarde
0,13,0,mañana
0,19,1,tarde
0,13,0,mañana
0,12,0,mañana
0,7,0,mañana
0,13,0,mañana
0,-4,0,tarde
0,21,1,mañana
0,6,0,tarde
0,2,0,tarde
0,6,0,tarde
0,24,1,tarde
0,-3,0,tarde
0,3,0,tarde
0,20,1,tarde
0,38,1,tarde
0,5,0,tarde
0,6,0,tarde
0,35,1,tarde
0,11,0,tarde
0,2,0,tarde
0,10,0,tarde
0,14,0,tarde
0,-3,0,tarde
0,15,0,tarde
0,27,1,tarde
0,-2,0,tarde
0,63,1,tarde
0,78,1,tarde
0,10,0,tarde
0,7,0,tarde
0,0,0,tarde
0,7,0,tarde
0,25,1,tarde
0,10,0,tarde
0,12,0,tarde
0,-1,0,tarde
0,3,0,tarde
0,17,1,tarde
0,0,0,tarde
0,-3,0,tarde
0,6,0,tarde
0,15,0,tarde
0,5,0,tarde
0,26,1,tarde
0,1,0,tarde
0,2,0,tarde
0,10,0,tarde
0,5,0,tarde
0,8,0,tarde
0,6,0,tarde
0,-4,0,tarde
0,9,0,tarde
0,0,0,tarde
0,-6,0,tarde
0,10,0,tarde
0,0,0,tarde
0,0,0,tarde
0,23,1,tarde
0,2,0,tarde
0,2,0,tarde
0,22,1,tarde
0,5,0,tarde
0,1,0,tarde
0,-2,0,tarde
0,18,1,tarde
0,26,1,tarde
0,6,0,tarde
0,10,0,tarde
0,10,0,tarde
0,38,1,tarde
0,8,0,tarde
0,-1,0,tarde
0,-3,0,tarde
0,0,0,tarde
0,0,0,tarde
0,4,0,tarde
0,-3,0,tarde
0,19,1,tarde
0,44,1,tarde
0,-4,0,mañana
0,2,0,tarde
0,12,0,tarde
0,8,0,mañana
0,6,0,tarde
0,15,0,tarde
0,14,0,mañana
0,3,0,tarde
0,6,0,tarde
0,-4,0,mañana
0,7,0,tarde
0,3,0,mañana
0,-1,0,mañana
0,29,1,mañana
0,25,1,noche
0,7,0,mañana
0,11,0,mañana
0,16,1,mañana
0,1,0,mañana
0,6,0,mañana
0,2,0,mañana
0,2,0,mañana
0,-5,0,mañana
0,2,0,mañana
0,2,0,mañana
0,6,0,mañana
0,9,0,mañana
0,19,1,mañana
0,2,0,mañana
0,17,1,mañana
0,11,0,mañana
0,15,0,mañana
0,0,0,mañana
0,-2,0,mañana
0,11,0,mañana
0,2,0,mañana
0,61,1,mañana
0,24,1,mañana
0,6,0,mañana
0,22,1,mañana
0,-2,0,mañana
0,4,0,mañana
0,22,1,mañana
0,0,0,mañana
0,9,0,mañana
0,2,0,tarde
0,6,0,mañana
0,14,0,mañana
0,-1,0,mañana
0,4,0,mañana
0,9,0,mañana
0,11,0,mañana
0,33,1,mañana
0,9,0,mañana
0,5,0,mañana
0,5,0,mañana
0,3,0,mañana
0,1,0,mañana
0,4,0,tarde
0,-2,0,mañana
0,9,0,mañana
0,9,0,mañana
0,67,1,tarde
0,-1,0,mañana
0,4,0,mañana
0,8,0,tarde
0,-4,0,mañana
0,10,0,mañana
0,14,0,mañana
0,4,0,tarde
0,0,0,mañana
0,0,0,mañana
0,0,0,tarde
0,40,1,tarde
0,-4,0,tarde
0,13,0,tarde
0,4,0,tarde
0,7,0,tarde
0,15,0,tarde
0,12,0,tarde
0,125,1,tarde
0,47,1,tarde
0,11,0,tarde
0,2,0,tarde
0,33,1,tarde
0,2,0,tarde
0,13,0,tarde
0,7,0,tarde
0,9,0,tarde
0,8,0,tarde
0,5,0,tarde
0,4,0,tarde
0,6,0,tarde
0,27,1,tarde
0,26,1,tarde
0,-6,0,tarde
0,4,0,tarde
0,3,0,tarde
0,3,0,tarde
0,20,1,tarde
0,13,0,tarde
0,-1,0,tarde
0,14,0,tarde
0,1,0,tarde
0,7,0,noche
0,22,1,noche
0,0,0,noche
0,7,0,noche
0,14,0,noche
0,2,0,noche
0,11,0,noche
0,26,1,noche
0,7,0,noche
0,4,0,noche
0,11,0,noche
0,17,1,noche
0,31,1,noche
0,0,0,noche
0,19,1,noche
0,147,1,mañana
0,30,1,mañana
0,4,0,mañana
0,4,0,mañana
0,27,1,mañana
0,6,0,mañana
0,69,1,mañana
0,-1,0,mañana
0,91,1,mañana
0,4,0,mañana
0,8,0,mañana
0,8,0,mañana
0,13,0,mañana
0,15,0,mañana
0,15,0,mañana
0,4,0,mañana
0,4,0,mañana
0,1,0,mañana
0,4,0,mañana
0,5,0,mañana
0,15,0,mañana
0,7,0,mañana
0,19,1,mañana
0,3,0,mañana
0,13,0,mañana
0,138,1,mañana
0,9,0,mañana
0,1,0,tarde
0,0,0,tarde
0,4,0,tarde
0,14,0,tarde
0,9,0,tarde
0,76,1,tarde
0,10,0,tarde
0,2,0,tarde
0,15,0,tarde
0,14,0,tarde
0,20,1,tarde
0,-1,0,tarde
0,18,1,tarde
0,2,0,tarde
0,8,0,tarde
0,7,0,tarde
0,13,0,tarde
0,8,0,tarde
0,26,1,tarde
0,2,0,tarde
0,54,1,tarde
0,4,0,tarde
0,10,0,tarde
0,7,0,tarde
0,19,1,tarde
0,12,0,tarde
0,14,0,tarde
0,6,0,tarde
0,19,1,tarde
0,8,0,tarde
0,10,0,tarde
0,1,0,mañana
0,8,0,mañana
0,1,0,mañana
0,22,1,mañana
0,6,0,mañana
0,-3,0,mañana
0,6,0,mañana
0,10,0,mañana
0,2,0,mañana
0,5,0,mañana
0,11,0,mañana
0,34,1,mañana
0,1,0,mañana
0,1,0,mañana
0,5,0,mañana
0,5,0,mañana
0,11,0,mañana
0,17,1,mañana
0,7,0,mañana
0,19,1,mañana
0,6,0,mañana
0,6,0,mañana
0,4,0,mañana
0,14,0,mañana
0,58,1,tarde
0,134,1,tarde
0,18,1,tarde
0,14,0,tarde
0,-3,0,tarde
0,26,1,tarde
0,5,0,tarde
0,-1,0,tarde
0,2,0,tarde
0,9,0,tarde
0,6,0,mañana
0,7,0,tarde
0,9,0,tarde
0,4,0,mañana
0,-1,0,mañana
0,4,0,mañana
0,9,0,mañana
0,8,0,mañana
0,11,0,mañana
0,-1,0,mañana
0,8,0,mañana
0,-1,0,mañana
0,0,0,mañana
0,7,0,mañana
0,9,0,mañana
0,21,1,mañana
0,0,0,mañana
0,3,0,mañana
0,2,0,mañana
0,5,0,mañana
0,13,0,mañana
0,-1,0,mañana
0,6,0,mañana
0,0,0,mañana
0,-2,0,mañana
0,13,0,mañana
0,8,0,mañana
0,6,0,mañana
0,13,0,mañana
0,9,0,mañana
0,11,0,mañana
0,3,0,mañana
0,13,0,mañana
0,5,0,mañana
0,-3,0,mañana
0,9,0,tarde
0,1,0,noche
0,3,0,tarde
0,7,0,noche
0,1,0,noche
0,-4,0,tarde
0,1,0,noche
0,7,0,noche
0,3,0,tarde
0,6,0,noche
0,-4,0,noche
0,-3,0,tarde
0,-2,0,tarde
0,2,0,tarde
0,4,0,tarde
0,5,0,tarde
0,10,0,tarde
0,5,0,tarde
0,1,0,tarde
0,-1,0,tarde
0,0,0,tarde
0,8,0,tarde
0,0,0,tarde
0,15,0,tarde
0,14,0,tarde
0,-2,0,tarde
0,1,0,tarde
0,13,0,tarde
0,0,0,tarde
0,5,0,tarde
0,9,0,tarde
0,9,0,tarde
0,36,1,tarde
0,0,0,tarde
0,16,1,tarde
0,18,1,tarde
0,9,0,tarde
0,13,0,tarde
0,7,0,tarde
0,0,0,tarde
0,4,0,tarde
0,10,0,tarde
0,2,0,tarde
0,4,0,noche
0,6,0,noche
0,10,0,noche
0,12,0,noche
0,73,1,noche
0,9,0,noche
0,10,0,noche
0,2,0,noche
0,7,0,noche
0,15,0,noche
0,5,0,noche
0,-2,0,noche
0,3,0,noche
0,0,0,mañana
0,3,0,mañana
0,-1,0,mañana
0,13,0,mañana
0,2,0,mañana
0,19,1,mañana
0,122,1,mañana
0,0,0,mañana
0,30,1,mañana
0,12,0,mañana
0,9,0,mañana
0,10,0,mañana
0,3,0,mañana
0,1,0,mañana
0,9,0,mañana
0,6,0,mañana
0,3,0,mañana
0,2,0,mañana
0,20,1,mañana
0,10,0,mañana
0,4,0,mañana
0,10,0,mañana
0,8,0,mañana
0,15,0,mañana
0,6,0,mañana
0,20,1,mañana
0,18,1,mañana
0,5,0,mañana
0,27,1,mañana
0,8,0,mañana
0,9,0,mañana
0,2,0,mañana
0,39,1,mañana
0,-1,0,mañana
0,8,0,tarde
0,9,0,noche
0,9,0,tarde
0,33,1,noche
0,6,0,tarde
0,7,0,tarde
0,8,0,tarde
0,4,0,tarde
0,0,0,tarde
0,64,1,tarde
0,3,0,tarde
0,15,0,tarde
0,1,0,tarde
0,13,0,tarde
0,4,0,tarde
0,-4,0,tarde
0,9,0,tarde
0,10,0,tarde
0,9,0,tarde
0,15,0,tarde
0,29,1,tarde
0,-4,0,tarde
0,6,0,mañana
0,36,1,mañana
0,11,0,mañana
0,7,0,mañana
0,-2,0,mañana
0,22,1,mañana
0,11,0,mañana
0,5,0,mañana
0,2,0,mañana
0,1,0,mañana
0,4,0,mañana
0,9,0,mañana
0,3,0,mañana
0,-1,0,mañana
0,36,1,mañana
0,-1,0,mañana
0,3,0,mañana
0,-3,0,mañana
0,32,1,mañana
0,2,0,mañana
0,0,0,mañana
0,2,0,mañana
0,0,0,mañana
0,2,0,mañana
0,20,1,mañana
0,6,0,mañana
0,-1,0,mañana
0,-4,0,mañana
0,3,0,mañana
0,2,0,mañana
0,-3,0,tarde
0,29,1,tarde
0,116,1,mañana
0,8,0,tarde
0,1,0,tarde
0,-3,0,tarde
0,8,0,mañana
0,18,1,tarde
0,10,0,mañana
0,14,0,tarde
0,16,1,tarde
0,5,0,mañana
0,17,1,tarde
0,2,0,mañana
0,10,0,tarde
0,33,1,mañana
0,14,0,mañana
0,6,0,tarde
0,-2,0,tarde
0,5,0,tarde
0,-2,0,mañana
0,16,1,tarde
0,4,0,mañana
0,11,0,tarde
0,28,1,tarde
0,2,0,mañana
0,-1,0,tarde
0,4,0,tarde
0,24,1,mañana
0,1,0,tarde
0,-2,0,tarde
0,4,0,tarde
0,8,0,tarde
0,19,1,tarde
0,-2,0,tarde
0,-1,0,tarde
0,38,1,tarde
0,3,0,tarde
0,30,1,tarde
0,5,0,tarde
0,6,0,tarde
0,19,1,tarde
0,16,1,tarde
0,13,0,tarde
0,-2,0,tarde
0,40,1,tarde
0,-1,0,tarde
0,-4,0,tarde
0,10,0,tarde
0,0,0,tarde
0,17,1,tarde
0,7,0,tarde
0,19,1,tarde
0,0,0,tarde
0,21,1,tarde
0,5,0,tarde
0,5,0,tarde
0,13,0,tarde
0,4,0,noche
0,28,1,noche
0,29,1,noche
0,15,0,noche
0,55,1,noche
0,2,0,noche
0,5,0,noche
0,7,0,noche
0,7,0,noche
0,25,1,noche
0,122,1,noche
0,41,1,noche
0,3,0,noche
0,2,0,noche
0,-2,0,noche
0,8,0,noche
0,2,0,noche
0,25,1,noche
0,8,0,noche
0,2,0,noche
0,1,0,noche
0,8,0,noche
0,10,0,noche
0,3,0,noche
0,3,0,noche
0,6,0,noche
0,2,0,noche
0,-1,0,mañana
0,7,0,mañana
0,0,0,mañana
0,1,0,mañana
0,0,0,mañana
0,11,0,tarde
0,8,0,tarde
0,5,0,tarde
0,0,0,tarde
0,-1,0,tarde
0,-2,0,tarde
0,14,0,tarde
0,3,0,tarde
0,5,0,tarde
0,6,0,tarde
0,17,1,tarde
0,0,0,tarde
0,4,0,tarde
0,3,0,tarde
0,27,1,tarde
0,-2,0,tarde
0,3,0,tarde
0,0,0,tarde
0,-4,0,tarde
0,-1,0,tarde
0,97,1,tarde
0,23,1,tarde
0,3,0,tarde
0,15,0,tarde
0,16,1,tarde
0,13,0,tarde
0,11,0,tarde
0,12,0,tarde
0,5,0,tarde
0,-2,0,tarde
0,-1,0,tarde
0,10,0,tarde
0,23,1,tarde
0,9,0,tarde
0,-1,0,tarde
0,4,0,tarde
0,8,0,noche
0,10,0,tarde
0,43,1,tarde
0,-3,0,noche
0,32,1,noche
0,9,0,tarde
0,33,1,noche
0,24,1,noche
0,-1,0,tarde
0,4,0,noche
0,43,1,noche
0,-2,0,tarde
0,8,0,noche
0,24,1,tarde
0,21,1,noche
0,85,1,noche
0,13,0,noche
0,82,1,noche
0,9,0,tarde
0,45,1,noche
0,-4,0,noche
0,5,0,noche
0,2,0,noche
0,4,0,tarde
0,10,0,noche
0,29,1,noche
0,25,1,noche
0,-4,0,noche
0,-1,0,noche
0,50,1,noche
0,14,0,noche
0,4,0,noche
0,39,1,noche
0,8,0,noche
0,28,1,noche
0,-1,0,noche
0,11,0,noche
0,-3,0,noche
0,11,0,noche
0,14,0,tarde
0,9,0,tarde
0,21,1,tarde
0,15,0,tarde
0,-3,0,tarde
0,3,0,tarde
0,31,1,noche
0,1,0,tarde
0,2,0,tarde
0,-7,0,tarde
0,14,0,noche
0,11,0,tarde
0,54,1,tarde
0,39,1,tarde
0,19,1,noche
0,15,0,tarde
0,0,0,mañana
0,10,0,noche
0,16,1,tarde
0,17,1,noche
0,6,0,noche
0,10,0,noche
0,-4,0,noche
0,12,0,noche
0,0,0,noche
0,4,0,noche
0,18,1,noche
0,47,1,noche
0,8,0,noche
0,92,1,noche
0,43,1,noche
0,7,0,noche
0,5,0,noche
0,-4,0,noche
0,35,1,noche
0,25,1,noche
0,5,0,noche
0,-1,0,noche
0,75,1,noche
0,-4,0,noche
0,14,0,noche
0,1,0,noche
0,3,0,noche
0,73,1,noche
0,-1,0,noche
0,-1,0,noche
0,0,0,noche
0,3,0,mañana
0,19,1,mañana
0,0,0,mañana
0,5,0,mañana
0,6,0,mañana
0,22,1,mañana
0,0,0,mañana
0,9,0,mañana
0,2,0,mañana
0,4,0,mañana
0,23,1,tarde
0,1,0,mañana
0,12,0,tarde
0,9,0,tarde
0,2,0,mañana
0,6,0,mañana
0,6,0,mañana
0,6,0,mañana
0,14,0,mañana
0,0,0,mañana
0,16,1,mañana
0,0,0,tarde
0,5,0,tarde
0,16,1,tarde
0,65,1,noche
0,77,1,noche
0,41,1,noche
0,9,0,tarde
0,48,1,noche
0,2,0,noche
0,8,0,noche
0,103,1,noche
0,14,0,noche
0,17,1,noche
0,38,1,noche
0,-2,0,noche
0,33,1,noche
0,25,1,noche
0,21,1,noche
0,-1,0,noche
0,3,0,tarde
0,19,1,tarde
0,6,0,tarde
0,5,0,tarde
0,25,1,mañana
0,1,0,mañana
0,6,0,tarde
0,32,1,tarde
0,5,0,tarde
0,5,0,mañana
0,13,0,tarde
0,12,0,mañana
0,1,0,mañana
0,7,0,tarde
0,-5,0,tarde
0,13,0,tarde
0,3,0,mañana
0,7,0,tarde
0,-1,0,mañana
0,-3,0,mañana
0,8,0,tarde
0,-2,0,tarde
0,13,0,tarde
0,18,1,mañana
0,8,0,tarde
0,1,0,mañana
0,7,0,mañana
0,8,0,tarde
0,-1,0,tarde
0,-1,0,mañana
0,0,0,mañana
0,2,0,mañana
0,4,0,mañana
0,0,0,mañana
0,4,0,mañana
0,13,0,mañana
0,-3,0,mañana
0,0,0,mañana
0,-2,0,mañana
0,24,1,mañana
0,-7,0,mañana
0,15,0,mañana
0,0,0,mañana
0,28,1,tarde
0,21,1,noche
0,103,1,noche
0,-13,0,tarde
0,8,0,tarde
0,101,1,mañana
0,-1,0,tarde
0,52,1,noche
0,-1,0,noche
0,-2,0,tarde
0,44,1,tarde
0,3,0,mañana
0,42,1,noche
0,41,1,noche
0,0,0,noche
0,5,0,tarde
0,10,0,tarde
0,1,0,noche
0,8,0,noche
0,-3,0,noche
0,7,0,tarde
0,37,1,tarde
0,19,1,noche
0,-3,0,tarde
0,1,0,tarde
0,2,0,tarde
0,-2,0,tarde
0,24,1,tarde
0,4,0,tarde
0,0,0,tarde
0,-2,0,tarde
0,0,0,tarde
0,-1,0,tarde
0,1,0,tarde
0,7,0,tarde
0,5,0,tarde
0,7,0,tarde
0,15,0,tarde
0,0,0,tarde
0,0,0,tarde
0,7,0,tarde
0,-1,0,tarde
0,15,0,tarde
0,13,0,tarde
0,-3,0,tarde
0,-2,0,tarde
0,8,0,tarde
0,4,0,tarde
0,1,0,tarde
0,1,0,tarde
0,11,0,tarde
0,-4,0,tarde
0,-7,0,tarde
0,2,0,tarde
0,22,1,tarde
0,4,0,mañana
0,1,0,noche
0,48,1,noche
0,45,1,noche
0,75,1,noche
0,0,0,tarde
0,8,0,noche
0,4,0,noche
0,8,0,noche
0,4,0,noche
0,52,1,tarde
0,11,0,noche
0,19,1,noche
0,6,0,noche
0,-1,0,noche
0,0,0,noche
0,5,0,tarde
0,-3,0,noche
0,11,0,noche
0,6,0,noche
0,7,0,noche
0,2,0,tarde
0,-2,0,tarde
0,0,0,noche
0,-4,0,noche
0,127,1,noche
0,3,0,noche
0,40,1,noche
0,77,1,noche
0,74,1,noche
0,77,1,noche
0,17,1,noche
0,25,1,noche
0,45,1,noche
0,-2,0,noche
0,21,1,noche
0,10,0,noche
0,40,1,noche
0,-4,0,noche
0,0,0,noche
0,18,1,noche
0,1,0,noche
0,36,1,noche
0,51,1,noche
0,19,1,noche
0,-2,0,noche
0,25,1,noche
0,-5,0,noche
0,32,1,noche
0,27,1,noche
0,-5,0,noche
0,36,1,noche
0,34,1,noche
0,73,1,noche
0,10,0,noche
0,16,1,noche
0,4,0,noche
0,0,0,noche
0,3,0,noche
0,4,0,noche
0,5,0,noche
0,-2,0,noche
0,-1,0,noche
0,1,0,noche
0,6,0,noche
0,72,1,noche
0,10,0,noche
0,0,0,noche
0,5,0,noche
0,0,0,mañana
0,-2,0,noche
0,1,0,noche
0,0,0,mañana
0,2,0,mañana
0,-3,0,noche
0,1,0,noche
0,5,0,noche
0,2,0,mañana
0,2,0,mañana
0,10,0,noche
0,1,0,noche
0,-4,0,noche
0,1,0,mañana
0,1,0,noche
0,1,0,noche
0,-2,0,noche
0,8,0,mañana
0,-3,0,mañana
0,-8,0,noche
0,2,0,tarde
0,7,0,mañana
0,4,0,mañana
0,3,0,mañana
0,7,0,mañana
0,-2,0,mañana
0,9,0,mañana
0,-1,0,mañana
0,1,0,mañana
0,5,0,mañana
0,2,0,mañana
0,-1,0,mañana
0,1,0,mañana
0,-1,0,mañana
0,-1,0,mañana
0,8,0,mañana
0,17,1,mañana
0,6,0,mañana
0,1,0,mañana
0,3,0,mañana
0,9,0,mañana
0,-1,0,mañana
0,49,1,tarde
0,3,0,noche
0,19,1,noche
0,8,0,noche
0,0,0,tarde
0,5,0,tarde
0,3,0,noche
0,25,1,noche
0,42,1,noche
0,5,0,noche
0,6,0,tarde
0,24,1,noche
0,4,0,tarde
0,22,1,noche
0,12,0,noche
0,26,1,noche
0,15,0,noche
0,16,1,noche
0,26,1,noche
0,8,0,noche
0,2,0,noche
0,7,0,tarde
0,1,0,tarde
0,8,0,noche
0,5,0,tarde
0,-2,0,noche
0,9,0,noche
0,0,0,noche
0,0,0,noche
0,7,0,noche
0,-1,0,noche
0,2,0,noche
0,6,0,noche
0,13,0,noche
0,-2,0,noche
0,10,0,mañana
0,4,0,mañana
0,17,1,mañana
0,9,0,mañana
0,5,0,mañana
0,22,1,mañana
0,16,1,mañana
0,7,0,mañana
0,2,0,mañana
0,7,0,mañana
0,2,0,mañana
0,6,0,mañana
0,7,0,mañana
0,0,0,mañana
0,3,0,mañana
0,2,0,mañana
0,84,1,mañana
0,64,1,mañana
0,6,0,mañana
0,7,0,mañana
0,11,0,mañana
0,8,0,mañana
0,29,1,mañana
0,4,0,mañana
0,1,0,mañana
0,2,0,mañana
0,7,0,mañana
0,5,0,mañana
0,6,0,mañana
0,6,0,mañana
0,16,1,mañana
0,46,1,mañana
0,16,1,tarde
0,11,0,tarde
0,11,0,tarde
0,18,1,tarde
0,25,1,tarde
0,24,1,tarde
0,6,0,tarde
0,29,1,tarde
0,8,0,tarde
0,2,0,tarde
0,10,0,tarde
0,12,0,tarde
0,-1,0,tarde
0,12,0,tarde
0,3,0,tarde
0,9,0,tarde
0,32,1,tarde
0,3,0,tarde
0,1,0,tarde
0,7,0,tarde
0,10,0,tarde
0,2,0,tarde
0,21,1,tarde
0,13,0,tarde
0,6,0,tarde
0,0,0,tarde
0,9,0,tarde
0,23,1,tarde
0,17,1,tarde
0,7,0,tarde
0,23,1,mañana
0,0,0,mañana
0,24,1,mañana
0,-3,0,mañana
0,11,0,mañana
0,19,1,mañana
0,5,0,mañana
0,8,0,mañana
0,8,0,mañana
0,8,0,mañana
0,1,0,mañana
0,5,0,mañana
0,2,0,mañana
0,-3,0,mañana
0,1,0,mañana
0,6,0,mañana
0,9,0,mañana
0,5,0,mañana
0,-4,0,mañana
0,3,0,mañana
0,9,0,mañana
0,6,0,mañana
0,1,0,mañana
0,-5,0,mañana
0,1,0,mañana
0,-2,0,mañana
0,11,0,mañana
0,16,1,mañana
0,31,1,mañana
0,-3,0,mañana
0,107,1,mañana
0,65,1,mañana
0,7,0,mañana
0,-7,0,mañana
0,16,1,tarde
0,4,0,tarde
0,21,1,tarde
0,20,1,tarde
0,18,1,tarde
0,14,0,tarde
0,5,0,tarde
0,10,0,tarde
0,15,0,tarde
0,37,1,tarde
0,5,0,tarde
0,6,0,tarde
0,6,0,tarde
0,10,0,tarde
0,34,1,tarde
0,20,1,tarde
0,19,1,tarde
0,8,0,tarde
0,2,0,tarde
0,11,0,tarde
0,0,0,tarde
0,19,1,tarde
0,16,1,tarde
0,16,1,tarde
0,17,1,tarde
0,69,1,tarde
0,11,0,tarde
0,2,0,tarde
0,-1,0,tarde
0,7,0,tarde
0,16,1,tarde
0,3,0,tarde
0,32,1,mañana
0,19,1,mañana
0,13,0,mañana
0,41,1,mañana
0,80,1,mañana
0,79,1,mañana
0,9,0,mañana
0,-3,0,mañana
0,6,0,mañana
0,-3,0,mañana
0,1,0,mañana
0,1,0,tarde
0,133,1,mañana
0,5,0,mañana
0,24,1,mañana
0,3,0,mañana
0,83,1,mañana
0,31,1,mañana
0,24,1,mañana
0,8,0,mañana
0,-4,0,mañana
0,65,1,mañana
0,15,0,mañana
0,-4,0,mañana
0,7,0,mañana
0,11,0,mañana
0,7,0,mañana
0,5,0,mañana
0,13,0,mañana
0,58,1,mañana
0,5,0,mañana
0,8,0,mañana
0,3,0,mañana
0,20,1,mañana
0,17,1,mañana
0,3,0,mañana
0,1,0,mañana
0,10,0,mañana
0,0,0,mañana
0,28,1,mañana
0,13,0,mañana
0,5,0,mañana
0,6,0,mañana
0,12,0,mañana
0,34,1,mañana
0,18,1,mañana
0,0,0,mañana
0,10,0,mañana
0,21,1,mañana
0,12,0,mañana
0,6,0,mañana
0,5,0,mañana
0,4,0,mañana
0,67,1,mañana
0,30,1,mañana
0,12,0,mañana
0,7,0,mañana
0,39,1,mañana
0,-3,0,mañana
0,0,0,tarde
0,10,0,tarde
0,4,0,tarde
0,10,0,tarde
0,70,1,tarde
0,99,1,tarde
0,4,0,tarde
0,8,0,tarde
0,14,0,tarde
0,7,0,tarde
0,17,1,tarde
0,1,0,tarde
0,4,0,tarde
0,1,0,tarde
0,31,1,tarde
0,7,0,tarde
0,6,0,tarde
0,30,1,tarde
0,21,1,tarde
0,11,0,tarde
0,11,0,tarde
0,12,0,tarde
0,22,1,tarde
0,-1,0,tarde
0,-1,0,tarde
0,21,1,tarde
0,5,0,tarde
0,-4,0,tarde
0,2,0,tarde
0,1,0,tarde
0,26,1,tarde
0,11,0,tarde
0,149,1,tarde
0,36,1,tarde
0,-3,0,tarde
0,15,0,tarde
0,25,1,tarde
0,14,0,tarde
0,5,0,tarde
0,16,1,tarde
0,42,1,tarde
0,2,0,tarde
0,20,1,tarde
0,49,1,tarde
0,21,1,tarde
0,11,0,tarde
0,13,0,tarde
0,44,1,tarde
0,13,0,tarde
0,16,1,tarde
0,4,0,tarde
0,-10,0,tarde
0,-4,0,tarde
0,17,1,tarde
0,10,0,tarde
0,7,0,tarde
0,51,1,tarde
0,-1,0,tarde
0,22,1,tarde
0,21,1,tarde
0,25,1,tarde
0,-4,0,tarde
0,0,0,mañana
0,32,1,mañana
0,4,0,mañana
0,2,0,mañana
0,2,0,mañana
0,-2,0,mañana
0,115,1,mañana
0,41,1,mañana
0,-5,0,mañana
0,8,0,mañana
0,2,0,mañana
0,-5,0,mañana
0,6,0,mañana
0,21,1,mañana
0,22,1,mañana
0,11,0,mañana
0,21,1,mañana
0,4,0,mañana
0,7,0,mañana
0,-1,0,mañana
0,-1,0,mañana
0,17,1,mañana
0,10,0,mañana
0,10,0,mañana
0,74,1,mañana
0,13,0,mañana
0,10,0,mañana
0,4,0,mañana
0,10,0,mañana
0,8,0,mañana
0,22,1,mañana
0,121,1,mañana
0,5,0,mañana
0,9,0,mañana
0,14,0,mañana
0,35,1,mañana
0,31,1,mañana
0,19,1,mañana
0,70,1,mañana
0,8,0,mañana
0,-7,0,mañana
0,9,0,mañana
0,11,0,mañana
0,3,0,mañana
0,6,0,mañana
0,11,0,mañana
0,57,1,mañana
0,3,0,mañana
0,14,0,mañana
0,117,1,mañana
0,9,0,mañana
0,6,0,mañana
0,17,1,mañana
0,13,0,mañana
0,21,1,mañana
0,3,0,mañana
0,7,0,mañana
0,8,0,mañana
0,14,0,mañana
0,9,0,mañana
0,15,0,tarde
0,24,1,tarde
0,40,1,tarde
0,8,0,tarde
0,7,0,tarde
0,3,0,tarde
0,11,0,tarde
0,16,1,tarde
0,5,0,tarde
0,10,0,tarde
0,-4,0,tarde
0,9,0,tarde
0,10,0,tarde
0,8,0,tarde
0,12,0,tarde
0,10,0,tarde
0,17,1,tarde
0,1,0,tarde
0,5,0,tarde
0,7,0,tarde
0,7,0,tarde
0,6,0,tarde
0,8,0,tarde
0,34,1,tarde
0,3,0,tarde
0,15,0,tarde
0,4,0,tarde
0,2,0,tarde
0,1,0,tarde
0,6,0,tarde
0,10,0,tarde
0,12,0,mañana
0,6,0,mañana
0,21,1,mañana
0,3,0,mañana
0,4,0,mañana
0,0,0,mañana
0,13,0,mañana
0,11,0,mañana
0,9,0,mañana
0,6,0,mañana
0,3,0,mañana
0,7,0,mañana
0,28,1,mañana
0,47,1,mañana
0,19,1,mañana
0,7,0,mañana
0,8,0,noche
0,8,0,noche
0,17,1,noche
0,5,0,noche
0,68,1,noche
0,16,1,noche
0,0,0,noche
0,11,0,noche
0,5,0,noche
0,2,0,noche
0,2,0,noche
0,2,0,noche
0,0,0,noche
0,8,0,noche
0,6,0,noche
0,11,0,noche
0,2,0,noche
0,10,0,noche
0,2,0,noche
0,20,1,noche
0,1,0,noche
0,13,0,noche
0,31,1,noche
0,32,1,noche
0,5,0,noche
0,5,0,noche
0,-1,0,noche
0,14,0,noche
0,3,0,noche
0,13,0,noche
0,11,0,tarde
0,18,1,tarde
0,4,0,tarde
0,51,1,tarde
0,4,0,tarde
0,21,1,tarde
0,2,0,tarde
0,5,0,tarde
0,2,0,tarde
0,14,0,tarde
0,1,0,tarde
0,4,0,tarde
0,1,0,tarde
0,30,1,tarde
0,0,0,tarde
0,4,0,tarde
0,4,0,tarde
0,-10,0,tarde
0,3,0,tarde
0,5,0,tarde
0,15,0,tarde
0,-1,0,tarde
0,-3,0,tarde
0,8,0,tarde
0,17,1,mañana
0,12,0,mañana
0,17,1,mañana
0,31,1,mañana
0,12,0,mañana
0,53,1,mañana
0,6,0,mañana
0,44,1,mañana
0,5,0,mañana
0,31,1,mañana
0,9,0,mañana
0,10,0,mañana
0,8,0,mañana
0,14,0,mañana
0,1,0,mañana
0,1,0,mañana
0,9,0,mañana
0,10,0,mañana
0,-3,0,mañana
0,25,1,mañana
0,12,0,mañana
0,3,0,mañana
0,9,0,mañana
0,32,1,mañana
0,8,0,mañana
0,9,0,mañana
0,2,0,mañana
0,8,0,mañana
0,1,0,mañana
0,2,0,mañana
0,8,0,mañana
0,11,0,noche
0,8,0,noche
0,8,0,noche
0,50,1,noche
0,0,0,noche
0,5,0,noche
0,-13,0,noche
0,5,0,noche
0,3,0,noche
0,10,0,noche
0,3,0,noche
0,0,0,noche
0,-1,0,noche
0,4,0,noche
0,11,0,noche
0,5,0,noche
0,6,0,noche
0,-1,0,noche
0,4,0,noche
0,5,0,noche
0,0,0,noche
0,19,1,noche
0,5,0,noche
0,3,0,noche
0,24,1,noche
0,-6,0,noche
0,6,0,noche
0,-1,0,noche
0,-1,0,noche
0,14,0,noche
0,3,0,noche
0,18,1,noche
0,7,0,noche
0,-6,0,noche
0,10,0,noche
0,4,0,noche
0,28,1,noche
0,7,0,noche
0,3,0,noche
0,5,0,noche
0,50,1,noche
0,-1,0,noche
0,3,0,noche
0,13,0,noche
0,0,0,noche
0,5,0,noche
0,23,1,noche
0,13,0,noche
0,4,0,noche
0,49,1,noche
0,-1,0,noche
0,1,0,noche
0,40,1,noche
0,14,0,noche
0,0,0,noche
0,1,0,noche
0,1,0,noche
0,15,0,noche
0,1,0,noche
0,1,0,noche
0,16,1,noche
0,13,0,noche
0,1,0,noche
0,4,0,noche
0,1,0,noche
0,1,0,noche
0,0,0,noche
0,3,0,noche
0,1,0,noche
0,7,0,noche
0,0,0,noche
0,-3,0,noche
0,2,0,noche
0,6,0,noche
0,16,1,noche
0,17,1,noche
0,3,0,noche
0,56,1,noche
0,5,0,noche
0,1,0,noche
0,5,0,noche
0,131,1,noche
0,0,0,noche
0,17,1,noche
0,3,0,noche
0,2,0,noche
0,6,0,noche
0,-1,0,noche
0,-6,0,noche
0,30,1,noche
0,13,0,noche
0,0,0,noche
0,26,1,noche
0,14,0,noche
0,34,1,noche
0,13,0,noche
0,6,0,noche
0,1,0,noche
0,8,0,noche
0,2,0,noche
0,-4,0,noche
0,18,1,noche
0,1,0,noche
0,3,0,noche
0,0,0,noche
0,2,0,noche
0,8,0,noche
0,9,0,noche
0,5,0,noche
0,9,0,noche
0,160,1,noche
0,6,0,mañana
0,0,0,mañana
0,1,0,mañana
0,-6,0,mañana
0,-2,0,mañana
0,-9,0,mañana
0,-2,0,mañana
0,4,0,mañana
0,-1,0,mañana
0,3,0,mañana
0,11,0,mañana
0,4,0,mañana
0,12,0,mañana
0,-2,0,noche
0,3,0,noche
0,6,0,noche
0,3,0,noche
0,27,1,noche
0,-1,0,noche
0,-6,0,noche
0,78,1,noche
0,-1,0,noche
0,22,1,noche
0,62,1,noche
0,-9,0,noche
0,22,1,noche
0,13,0,noche
0,-1,0,noche
0,4,0,noche
0,5,0,noche
0,4,0,noche
0,4,0,noche
0,-2,0,noche
0,0,0,noche
0,62,1,noche
0,1,0,noche
0,5,0,noche
0,-2,0,noche
0,29,1,noche
0,121,1,noche
0,0,0,noche
0,-1,0,noche
0,0,0,noche
0,106,1,noche
0,14,0,mañana
0,6,0,mañana
0,129,1,mañana
0,6,0,mañana
0,8,0,mañana
0,10,0,mañana
0,-1,0,mañana
0,5,0,mañana
0,2,0,mañana
0,2,0,mañana
0,3,0,mañana
0,10,0,mañana
0,6,0,mañana
0,26,1,tarde
0,13,0,tarde
0,41,1,tarde
0,3,0,tarde
0,60,1,tarde
0,20,1,tarde
0,5,0,tarde
0,27,1,tarde
0,8,0,tarde
0,11,0,tarde
0,7,0,tarde
0,28,1,tarde
0,7,0,tarde
0,13,0,tarde
0,0,0,tarde
0,10,0,tarde
0,3,0,tarde
0,25,1,mañana
0,2,0,mañana
0,16,1,mañana
0,7,0,mañana
0,4,0,mañana
0,3,0,mañana
0,-2,0,mañana
0,10,0,mañana
0,17,1,mañana
0,4,0,mañana
0,29,1,mañana
0,13,0,mañana
0,-1,0,mañana
0,-2,0,mañana
0,-3,0,mañana
0,2,0,mañana
0,-1,0,mañana
0,7,0,mañana
0,22,1,mañana
0,3,0,mañana
0,-2,0,mañana
0,-2,0,mañana
0,19,1,mañana
0,-3,0,mañana
0,11,0,mañana
0,15,0,mañana
0,5,0,mañana
0,6,0,mañana
0,0,0,mañana
0,26,1,noche
0,8,0,noche
0,7,0,noche
0,14,0,noche
0,0,0,noche
0,11,0,noche
0,2,0,noche
0,11,0,noche
0,16,1,noche
0,3,0,noche
0,-1,0,noche
0,10,0,noche
0,-5,0,noche
0,8,0,noche
0,-4,0,noche
0,3,0,noche
0,57,1,noche
0,24,1,noche
0,13,0,noche
0,6,0,noche
0,-1,0,noche
0,3,0,noche
0,3,0,noche
0,-1,0,noche
0,0,0,noche
0,0,0,noche
0,4,0,noche
0,3,0,noche
0,1,0,noche
0,17,1,noche
0,6,0,noche
0,11,0,noche
0,6,0,noche
0,7,0,noche
0,4,0,noche
0,0,0,noche
0,-2,0,noche
0,2,0,noche
0,8,0,noche
0,13,0,noche
0,0,0,noche
0,2,0,noche
0,11,0,noche
0,-2,0,tarde
0,15,0,tarde
0,3,0,tarde
0,8,0,tarde
0,0,0,tarde
0,27,1,tarde
0,3,0,tarde
0,18,1,tarde
0,12,0,tarde
0,1,0,tarde
0,40,1,tarde
0,17,1,tarde
0,4,0,tarde
0,2,0,tarde
0,-4,0,tarde
0,21,1,tarde
0,7,0,tarde
0,16,1,tarde
0,8,0,tarde
0,44,1,tarde
0,39,1,tarde
0,-2,0,tarde
0,0,0,tarde
0,1,0,tarde
0,-1,0,tarde
0,18,1,noche
0,75,1,noche
0,8,0,noche
0,68,1,noche
0,78,1,noche
0,123,1,noche
0,5,0,noche
0,11,0,noche
0,11,0,noche
0,31,1,noche
0,10,0,noche
0,40,1,noche
0,9,0,noche
0,8,0,noche
0,17,1,noche
0,3,0,noche
0,2,0,noche
0,17,1,noche
0,10,0,noche
0,15,0,noche
0,7,0,noche
0,10,0,noche
0,3,0,noche
0,8,0,noche
0,12,0,noche
0,4,0,noche
0,19,1,noche
0,-3,0,noche
0,10,0,noche
0,9,0,noche
0,6,0,noche
0,8,0,tarde
0,14,0,tarde
0,11,0,tarde
0,17,1,tarde
0,33,1,tarde
0,20,1,tarde
0,22,1,tarde
0,13,0,tarde
0,3,0,tarde
0,3,0,tarde
0,25,1,tarde
0,12,0,tarde
0,19,1,tarde
0,24,1,tarde
0,13,0,tarde
0,2,0,tarde
0,9,0,tarde
0,35,1,tarde
0,10,0,tarde
0,5,0,tarde
0,18,1,tarde
0,14,0,tarde
0,1,0,tarde
0,3,0,tarde
0,22,1,tarde
0,22,1,tarde
0,0,0,tarde
0,8,0,tarde
0,36,1,tarde
0,7,0,tarde
0,45,1,noche
0,9,0,noche
0,2,0,noche
0,15,0,noche
0,-6,0,tarde
0,0,0,tarde
0,3,0,tarde
0,-2,0,tarde
0,10,0,tarde
0,6,0,tarde
0,4,0,tarde
0,0,0,tarde
0,13,0,tarde
0,-5,0,tarde
0,8,0,tarde
0,36,1,tarde
0,-2,0,tarde
0,4,0,tarde
0,0,0,tarde
0,3,0,tarde
0,1,0,tarde
0,25,1,tarde
0,14,0,tarde
0,2,0,tarde
0,-5,0,tarde
0,-1,0,tarde
0,-4,0,tarde
0,5,0,tarde
0,21,1,tarde
0,14,0,tarde
0,0,0,tarde
0,-5,0,tarde
0,7,0,tarde
0,7,0,tarde
0,8,0,tarde
0,-2,0,noche
0,1,0,noche
0,1,0,noche
0,3,0,noche
0,6,0,noche
0,-1,0,noche
0,2,0,noche
0,-7,0,noche
0,1,0,noche
0,-6,0,noche
0,5,0,noche
0,78,1,noche
0,0,0,noche
0,-6,0,noche
0,21,1,noche
0,5,0,noche
0,4,0,noche
0,11,0,noche
0,-3,0,noche
0,-1,0,noche
0,2,0,noche
0,1,0,noche
0,-2,0,noche
0,-6,0,noche
0,7,0,noche
0,-7,0,noche
0,1,0,noche
0,15,0,noche
0,2,0,noche
0,-2,0,noche
0,25,1,tarde
0,36,1,tarde
0,15,0,tarde
0,24,1,tarde
0,12,0,tarde
0,15,0,tarde
0,-2,0,tarde
0,13,0,mañana
0,3,0,mañana
0,2,0,mañana
0,5,0,mañana
0,-2,0,mañana
0,0,0,mañana
0,1,0,mañana
0,-2,0,mañana
0,1,0,mañana
0,8,0,mañana
0,8,0,mañana
0,35,1,mañana
0,-8,0,mañana
0,-1,0,mañana
0,8,0,mañana
0,12,0,mañana
0,-1,0,mañana
0,22,1,mañana
0,4,0,mañana
0,0,0,mañana
0,-4,0,mañana
0,11,0,mañana
0,0,0,mañana
0,-2,0,mañana
0,17,1,mañana
0,1,0,mañana
0,-1,0,mañana
0,11,0,mañana
0,4,0,mañana
0,-5,0,mañana
0,3,0,tarde
0,2,0,tarde
0,-1,0,tarde
0,6,0,tarde
0,20,1,tarde
0,8,0,tarde
0,10,0,tarde
0,9,0,tarde
0,14,0,tarde
0,84,1,tarde
0,-1,0,tarde
0,26,1,tarde
0,69,1,tarde
0,23,1,tarde
0,6,0,tarde
0,30,1,tarde
0,13,0,tarde
0,11,0,tarde
0,86,1,tarde
0,-1,0,tarde
0,29,1,tarde
0,14,0,tarde
0,5,0,tarde
0,8,0,tarde
0,7,0,tarde
0,75,1,tarde
0,7,0,tarde
0,21,1,tarde
0,8,0,tarde
0,11,0,tarde
0,2,0,tarde
0,21,1,tarde
0,-4,0,tarde
0,12,0,tarde
0,-3,0,tarde
0,14,0,tarde
0,11,0,tarde
0,-8,0,tarde
0,-2,0,tarde
0,2,0,tarde
0,10,0,tarde
0,-2,0,tarde
0,58,1,tarde
0,11,0,tarde
0,8,0,tarde
0,-5,0,tarde
0,14,0,tarde
0,12,0,tarde
0,8,0,tarde
0,26,1,tarde
0,12,0,tarde
0,-3,0,tarde
0,5,0,tarde
0,4,0,tarde
0,-1,0,tarde
0,41,1,tarde
0,16,1,tarde
0,4,0,tarde
0,8,0,tarde
0,3,0,noche
0,19,1,noche
0,40,1,noche
0,29,1,noche
0,37,1,noche
0,18,1,noche
0,14,0,noche
0,32,1,noche
0,6,0,noche
0,4,0,noche
0,34,1,noche
0,17,1,noche
0,3,0,noche
0,8,0,noche
0,35,1,noche
0,13,0,noche
0,58,1,noche
0,11,0,noche
0,49,1,noche
0,1,0,noche
0,9,0,noche
0,73,1,noche
0,10,0,noche
0,3,0,noche
0,-1,0,noche
0,9,0,noche
0,10,0,noche
0,-4,0,noche
0,44,1,noche
0,10,0,noche
0,66,1,noche
0,20,1,tarde
0,43,1,tarde
0,14,0,tarde
0,14,0,tarde
0,58,1,tarde
0,46,1,tarde
0,26,1,tarde
0,17,1,tarde
0,15,0,tarde
0,27,1,tarde
0,-2,0,tarde
0,10,0,tarde
0,4,0,tarde
0,8,0,tarde
0,32,1,tarde
0,8,0,tarde
0,23,1,tarde
0,10,0,mañana
0,14,0,mañana
0,24,1,mañana
0,14,0,mañana
0,12,0,mañana
0,3,0,mañana
0,10,0,mañana
0,1,0,mañana
0,4,0,mañana
0,7,0,mañana
0,11,0,mañana
0,18,1,mañana
0,5,0,mañana
0,3,0,mañana
0,24,1,mañana
0,-2,0,mañana
0,4,0,mañana
0,26,1,mañana
0,8,0,mañana
0,64,1,mañana
0,3,0,mañana
0,10,0,mañana
0,3,0,mañana
0,6,0,mañana
0,11,0,mañana
0,16,1,mañana
0,29,1,mañana
0,0,0,mañana
0,2,0,mañana
0,11,0,mañana
0,0,0,mañana
0,13,0,mañana
0,-1,0,mañana
0,-1,0,noche
0,14,0,noche
0,84,1,noche
0,21,1,noche
0,12,0,noche
0,5,0,noche
0,13,0,noche
0,14,0,noche
0,10,0,noche
0,8,0,noche
0,-3,0,noche
0,8,0,noche
0,8,0,noche
0,6,0,tarde
0,7,0,tarde
0,0,0,tarde
0,-1,0,tarde
0,7,0,tarde
0,8,0,mañana
0,18,1,tarde
0,7,0,mañana
0,20,1,tarde
0,17,1,mañana
0,6,0,tarde
0,3,0,mañana
0,-4,0,tarde
0,27,1,noche
0,-1,0,noche
0,32,1,noche
0,7,0,noche
0,15,0,noche
0,14,0,noche
0,11,0,noche
0,7,0,noche
0,-1,0,noche
0,5,0,noche
0,5,0,noche
0,7,0,noche
0,7,0,noche
0,7,0,noche
0,0,0,noche
0,32,1,noche
0,9,0,noche
0,-1,0,noche
0,10,0,mañana
0,3,0,mañana
0,-2,0,mañana
0,0,0,mañana
0,0,0,mañana
0,32,1,mañana
0,-1,0,tarde
0,-2,0,mañana
0,15,0,tarde
0,17,1,tarde
0,14,0,mañana
0,-3,0,mañana
0,2,0,tarde
0,-5,0,mañana
0,37,1,mañana
0,14,0,mañana
0,0,0,tarde
0,1,0,mañana
0,5,0,mañana
0,6,0,noche
0,2,0,tarde
0,24,1,mañana
0,-1,0,mañana
0,7,0,mañana
0,12,0,mañana
0,76,1,tarde
0,-3,0,tarde
0,3,0,noche
0,5,0,tarde
0,19,1,tarde
0,72,1,tarde
0,4,0,tarde
0,8,0,tarde
0,13,0,tarde
0,-5,0,tarde
0,5,0,noche
0,-2,0,tarde
0,-6,0,mañana
0,12,0,tarde
0,-4,0,tarde
0,1,0,mañana
0,143,1,tarde
0,1,0,tarde
0,-10,0,mañana
0,7,0,tarde
0,1,0,tarde
0,-2,0,tarde
0,2,0,tarde
0,5,0,tarde
0,3,0,tarde
0,2,0,mañana
0,5,0,mañana
0,10,0,mañana
0,7,0,mañana
0,16,1,mañana
0,-2,0,mañana
0,1,0,mañana
0,21,1,mañana
0,8,0,mañana
0,6,0,mañana
0,4,0,mañana
0,7,0,mañana
0,1,0,mañana
0,15,0,mañana
0,1,0,mañana
0,-6,0,mañana
0,94,1,noche
0,40,1,mañana
0,0,0,tarde
0,5,0,tarde
0,25,1,noche
0,51,1,tarde
0,24,1,tarde
0,6,0,tarde
0,4,0,tarde
0,5,0,tarde
0,2,0,tarde
0,-2,0,tarde
0,-3,0,tarde
0,19,1,tarde
0,0,0,tarde
0,0,0,tarde
0,1,0,mañana
0,5,0,mañana
0,18,1,tarde
0,8,0,mañana
0,19,1,tarde
0,-3,0,mañana
0,22,1,mañana
0,0,0,mañana
0,2,0,mañana
0,17,1,tarde
0,0,0,noche
0,2,0,mañana
0,-1,0,tarde
0,-6,0,tarde
0,-5,0,tarde
0,-5,0,mañana
0,-7,0,mañana
0,80,1,noche
0,12,0,mañana
0,17,1,mañana
0,13,0,noche
0,29,1,noche
0,99,1,noche
0,-5,0,noche
0,53,1,noche
0,24,1,noche
0,86,1,noche
0,6,0,noche
0,31,1,noche
0,-6,0,noche
0,2,0,noche
0,0,0,noche
0,0,0,noche
0,-7,0,noche
0,11,0,noche
0,29,1,noche
0,-1,0,noche
0,-1,0,noche
0,4,0,noche
0,32,1,noche
0,7,0,noche
0,44,1,noche
0,36,1,noche
0,-7,0,noche
0,3,0,noche
0,26,1,noche
0,26,1,noche
0,3,0,noche
0,12,0,noche
0,6,0,noche
0,19,1,mañana
0,58,1,mañana
0,18,1,mañana
0,20,1,mañana
0,138,1,mañana
0,13,0,mañana
0,34,1,mañana
0,15,0,mañana
0,10,0,mañana
0,52,1,mañana
0,18,1,mañana
0,19,1,mañana
0,12,0,mañana
0,7,0,mañana
0,1,0,mañana
0,22,1,mañana
0,2,0,mañana
0,8,0,mañana
0,21,1,mañana
0,6,0,mañana
0,20,1,mañana
0,-6,0,mañana
0,6,0,mañana
0,24,1,mañana
0,71,1,mañana
0,16,1,mañana
0,3,0,mañana
0,16,1,mañana
0,22,1,mañana
0,3,0,mañana
0,11,0,mañana
0,0,0,mañana
0,-5,0,mañana
0,28,1,mañana
0,4,0,mañana
0,14,0,mañana
0,3,0,mañana
0,1,0,mañana
0,14,0,mañana
0,24,1,mañana
0,1,0,mañana
0,3,0,mañana
0,7,0,mañana
0,4,0,mañana
0,28,1,mañana
0,27,1,mañana
0,1,0,mañana
0,17,1,noche
0,11,0,noche
0,3,0,noche
0,6,0,noche
0,3,0,noche
0,5,0,noche
0,2,0,noche
0,18,1,noche
0,12,0,noche
0,5,0,noche
0,21,1,noche
0,1,0,noche
0,-2,0,noche
0,60,1,noche
0,13,0,noche
0,3,0,noche
0,17,1,noche
0,-2,0,noche
0,8,0,noche
0,7,0,noche
0,4,0,noche
0,3,0,noche
0,4,0,noche
0,21,1,noche
0,-4,0,noche
0,-3,0,noche
0,21,1,noche
0,-1,0,noche
0,0,0,noche
0,1,0,noche
0,0,0,noche
0,36,1,noche
0,7,0,noche
0,4,0,noche
0,35,1,noche
0,0,0,noche
0,4,0,noche
0,6,0,noche
0,-6,0,noche
0,-3,0,noche
0,2,0,noche
0,9,0,noche
0,9,0,noche
0,5,0,noche
0,3,0,noche
0,7,0,noche
0,4,0,noche
0,8,0,noche
0,-2,0,noche
0,9,0,noche
0,4,0,noche
0,39,1,noche
0,2,0,noche
0,3,0,noche
0,-8,0,noche
0,13,0,mañana
0,20,1,mañana
0,14,0,mañana
0,6,0,mañana
0,2,0,mañana
0,9,0,mañana
0,11,0,mañana
0,11,0,mañana
0,24,1,mañana
0,65,1,mañana
0,-1,0,mañana
0,16,1,mañana
0,10,0,mañana
0,5,0,mañana
0,16,1,mañana
0,8,0,mañana
0,-3,0,mañana
0,21,1,mañana
0,30,1,mañana
0,-1,0,mañana
0,3,0,mañana
0,-1,0,mañana
0,0,0,mañana
0,3,0,mañana
0,19,1,mañana
0,5,0,mañana
0,16,1,tarde
0,1,0,noche
0,64,1,noche
0,2,0,noche
0,-4,0,noche
0,8,0,noche
0,15,0,tarde
0,6,0,noche
0,10,0,noche
0,5,0,noche
0,4,0,noche
0,5,0,noche
0,21,1,tarde
0,9,0,noche
0,160,1,noche
0,6,0,noche
0,7,0,noche
0,2,0,noche
0,4,0,noche
0,4,0,tarde
0,0,0,noche
0,-1,0,noche
0,8,0,noche
0,-5,0,noche
0,20,1,noche
0,75,1,noche
0,18,1,tarde
0,0,0,mañana
0,-1,0,mañana
0,13,0,mañana
0,4,0,mañana
0,17,1,mañana
0,11,0,mañana
0,22,1,mañana
0,119,1,mañana
0,12,0,mañana
0,3,0,mañana
0,0,0,mañana
0,14,0,mañana
0,-1,0,mañana
0,-8,0,mañana
0,3,0,mañana
0,-5,0,mañana
0,1,0,mañana
0,8,0,mañana
0,3,0,mañana
0,30,1,mañana
0,6,0,mañana
0,4,0,mañana
0,3,0,noche
0,2,0,mañana
0,6,0,mañana
0,2,0,noche
0,30,1,mañana
0,17,1,mañana
0,0,0,noche
0,5,0,tarde
0,14,0,tarde
0,2,0,tarde
0,21,1,tarde
0,34,1,mañana
0,83,1,tarde
0,0,0,mañana
0,-1,0,mañana
0,90,1,mañana
0,7,0,mañana
0,48,1,mañana
0,52,1,mañana
0,18,1,mañana
0,7,0,mañana
0,2,0,mañana
0,4,0,mañana
0,-5,0,mañana
0,2,0,mañana
0,37,1,mañana
0,79,1,mañana
0,-7,0,mañana
0,10,0,mañana
0,12,0,mañana
0,6,0,mañana
0,1,0,mañana
0,136,1,mañana
0,42,1,tarde
0,44,1,tarde
0,7,0,tarde
0,61,1,tarde
0,59,1,tarde
0,28,1,tarde
0,61,1,tarde
0,51,1,tarde
0,59,1,tarde
0,5,0,tarde
0,26,1,tarde
0,155,1,tarde
0,58,1,tarde
0,13,0,tarde
0,90,1,tarde
0,16,1,tarde
0,58,1,tarde
0,79,1,tarde
0,60,1,tarde
0,3,0,tarde
0,92,1,tarde
0,14,0,tarde
0,39,1,tarde
0,43,1,tarde
0,157,1,tarde
0,57,1,tarde
0,14,0,tarde
0,98,1,tarde
0,54,1,tarde
0,74,1,tarde
0,55,1,tarde
0,131,1,tarde
0,19,1,tarde
0,28,1,tarde
0,28,1,tarde
0,51,1,tarde
0,17,1,tarde
0,0,0,noche
0,16,1,noche
0,4,0,tarde
0,128,1,noche
0,-6,0,noche
0,1,0,noche
0,84,1,mañana
0,13,0,noche
0,20,1,tarde
0,35,1,noche
0,86,1,noche
0,0,0,noche
0,6,0,tarde
0,5,0,noche
0,107,1,mañana
0,120,1,mañana
0,120,1,mañana
0,130,1,mañana
0,115,1,mañana
0,142,1,mañana
0,120,1,mañana
0,123,1,mañana
0,106,1,mañana
0,128,1,mañana
0,104,1,mañana
0,95,1,mañana
0,160,1,mañana
0,121,1,mañana
0,128,1,mañana
0,61,1,noche
0,65,1,noche
0,-7,0,noche
0,11,0,noche
0,28,1,noche
0,131,1,noche
0,154,1,noche
0,129,1,noche
0,23,1,noche
0,20,1,noche
0,46,1,noche
0,25,1,noche
0,111,1,noche
0,76,1,noche
0,15,0,noche
0,4,0,noche
0,111,1,noche
0,47,1,noche
0,69,1,noche
0,134,1,noche
0,88,1,noche
0,5,0,noche
0,110,1,noche
0,9,0,noche
0,-7,0,noche
0,3,0,mañana
0,9,0,mañana
0,82,1,noche
0,138,1,mañana
0,146,1,noche
0,96,1,noche
0,38,1,noche
0,13,0,noche
0,99,1,noche
0,38,1,noche
0,-6,0,mañana
0,28,1,noche
0,40,1,noche
0,63,1,mañana
0,17,1,noche
0,126,1,mañana
0,9,0,mañana
0,15,0,mañana
0,1,0,mañana
0,39,1,mañana
0,79,1,noche
0,88,1,mañana
0,125,1,mañana
0,31,1,tarde
0,40,1,mañana
0,-4,0,mañana
0,57,1,noche
0,2,0,mañana
0,-2,0,mañana
0,44,1,mañana
0,11,0,mañana
0,12,0,mañana
0,-5,0,mañana
0,3,0,mañana
0,-7,0,mañana
0,3,0,mañana
0,4,0,mañana
0,3,0,mañana
0,-3,0,mañana
0,4,0,mañana
0,-9,0,mañana
0,0,0,mañana
0,-1,0,mañana
0,-3,0,mañana
0,-8,0,mañana
0,-4,0,mañana
0,4,0,tarde
0,13,0,tarde
0,0,0,tarde
0,41,1,tarde
0,-6,0,tarde
0,11,0,tarde
0,23,1,tarde
0,0,0,tarde
0,35,1,tarde
0,8,0,tarde
0,5,0,tarde
0,29,1,tarde
0,-5,0,tarde
0,3,0,tarde
0,36,1,tarde
0,6,0,tarde
0,33,1,tarde
0,16,1,tarde
0,8,0,tarde
0,5,0,tarde
0,10,0,tarde
0,10,0,noche
0,11,0,tarde
0,103,1,tarde
0,1,0,tarde
0,119,1,tarde
0,41,1,tarde
0,12,0,tarde
0,-1,0,tarde
0,-2,0,tarde
0,5,0,tarde
0,1,0,mañana
0,7,0,mañana
0,54,1,mañana
0,-3,0,mañana
0,1,0,mañana
0,2,0,mañana
0,-1,0,mañana
0,-2,0,mañana
0,-5,0,mañana
0,34,1,mañana
0,-4,0,mañana
0,0,0,mañana
0,17,1,mañana
0,19,1,mañana
0,-8,0,mañana
0,1,0,mañana
0,-11,0,mañana
0,2,0,mañana
0,3,0,mañana
0,14,0,mañana
0,1,0,mañana
0,9,0,mañana
0,-4,0,mañana
0,1,0,mañana
0,-2,0,mañana
0,-3,0,mañana
0,-4,0,mañana
0,27,1,noche
0,12,0,noche
0,0,0,tarde
0,31,1,tarde
0,-4,0,tarde
0,14,0,noche
0,-4,0,tarde
0,0,0,tarde
0,78,1,tarde
0,3,0,tarde
0,3,0,noche
0,11,0,tarde
0,24,1,noche
0,-2,0,tarde
0,31,1,tarde
0,-6,0,tarde
0,14,0,noche
0,14,0,tarde
0,1,0,tarde
0,40,1,tarde
0,-1,0,tarde
0,26,1,tarde
0,0,0,noche
0,8,0,tarde
0,0,0,tarde
0,-2,0,tarde
0,23,1,tarde
0,-1,0,mañana
0,2,0,tarde
0,-1,0,tarde
0,-3,0,tarde
0,1,0,tarde
0,-10,0,tarde
0,0,0,mañana
0,-9,0,mañana
0,-6,0,tarde
0,107,1,tarde
0,14,0,tarde
0,-3,0,tarde
0,1,0,mañana
0,-2,0,mañana
0,-9,0,tarde
0,6,0,tarde
0,-6,0,tarde
0,-5,0,tarde
0,17,1,mañana
0,37,1,mañana
0,-8,0,mañana
0,-1,0,tarde
0,2,0,tarde
0,4,0,tarde
0,-1,0,tarde
0,11,0,mañana
0,63,1,mañana
0,5,0,mañana
0,-2,0,mañana
0,4,0,mañana
0,-10,0,mañana
0,22,1,mañana
0,1,0,mañana
0,3,0,mañana
0,25,1,mañana
0,16,1,mañana
0,12,0,mañana
0,1,0,mañana
0,1,0,mañana
0,21,1,tarde
0,2,0,tarde
0,16,1,tarde
0,-8,0,tarde
0,2,0,tarde
0,7,0,tarde
0,5,0,tarde
0,-1,0,tarde
0,11,0,tarde
0,18,1,tarde
0,-3,0,tarde
0,10,0,tarde
0,22,1,tarde
0,7,0,tarde
0,0,0,tarde
0,-3,0,tarde
0,-6,0,tarde
0,-2,0,tarde
0,0,0,tarde
0,-5,0,tarde
0,2,0,tarde
0,0,0,tarde
0,3,0,tarde
0,-1,0,tarde
0,-1,0,tarde
0,-1,0,tarde
0,-2,0,tarde
0,1,0,tarde
0,7,0,tarde
0,42,1,tarde
0,2,0,tarde
0,9,0,tarde
0,13,0,tarde
0,4,0,tarde
0,10,0,tarde
0,41,1,tarde
0,37,1,tarde
0,-11,0,tarde
0,-4,0,tarde
0,-1,0,tarde
0,-3,0,tarde
0,103,1,tarde
0,18,1,tarde
0,1,0,tarde
0,-13,0,tarde
0,5,0,tarde
0,0,0,tarde
0,0,0,tarde
0,-4,0,mañana
0,18,1,mañana
0,1,0,mañana
0,-4,0,mañana
0,-1,0,mañana
0,-8,0,mañana
0,7,0,mañana
0,1,0,mañana
0,-1,0,mañana
0,-8,0,mañana
0,11,0,tarde
0,3,0,tarde
0,9,0,tarde
0,5,0,tarde
0,1,0,tarde
0,20,1,mañana
0,4,0,mañana
0,2,0,mañana
0,12,0,mañana
0,-1,0,mañana
0,-2,0,mañana
0,27,1,mañana
0,11,0,mañana
0,15,0,mañana
0,20,1,mañana
0,12,0,mañana
0,-1,0,mañana
0,6,0,mañana
0,1,0,mañana
0,-7,0,tarde
0,0,0,tarde
0,1,0,tarde
0,-6,0,mañana
0,3,0,tarde
0,-2,0,tarde
0,91,1,tarde
0,3,0,mañana
0,13,0,tarde
0,5,0,tarde
0,2,0,mañana
0,38,1,tarde
0,4,0,tarde
0,-2,0,tarde
0,0,0,mañana
0,1,0,tarde
0,-8,0,tarde
0,8,0,tarde
0,0,0,tarde
0,19,1,mañana
0,-5,0,mañana
0,7,0,tarde
0,1,0,tarde
0,68,1,mañana
0,23,1,tarde
0,0,0,mañana
0,7,0,tarde
0,0,0,tarde
0,22,1,mañana
0,56,1,tarde
0,3,0,mañana
0,-2,0,tarde
0,3,0,tarde
0,55,1,mañana
0,23,1,tarde
0,1,0,mañana
0,-9,0,tarde
0,-5,0,tarde
0,-3,0,mañana
0,-6,0,mañana
0,99,1,mañana
0,-5,0,mañana
0,2,0,mañana
0,-8,0,noche
0,-8,0,noche
0,27,1,noche
0,-8,0,noche
0,4,0,noche
0,-9,0,noche
0,0,0,noche
0,34,1,noche
0,1,0,noche
0,-4,0,noche
0,-4,0,noche
0,-7,0,noche
0,-2,0,noche
0,-5,0,noche
0,-1,0,noche
0,7,0,noche
0,1,0,noche
0,1,0,noche
0,8,0,noche
0,4,0,noche
0,112,1,noche
0,7,0,noche
0,3,0,noche
0,2,0,noche
0,-3,0,noche
0,-7,0,noche
0,10,0,noche
0,-6,0,noche
0,-2,0,noche
0,-6,0,noche
0,-8,0,noche
0,0,0,noche
0,-6,0,noche
0,-2,0,noche
0,-10,0,noche
0,-11,0,noche
0,-6,0,noche
0,-6,0,noche
0,-13,0,noche
0,-13,0,noche
0,-7,0,noche
0,-6,0,noche
0,-6,0,noche
0,-14,0,noche
0,-6,0,noche
0,-6,0,noche
0,-6,0,noche
0,2,0,noche
0,0,0,noche
0,-8,0,noche
0,-6,0,noche
0,-14,0,noche
0,-4,0,noche
0,3,0,noche
0,-5,0,noche
0,7,0,noche
0,-4,0,noche
0,-4,0,noche
0,-9,0,noche
0,20,1,tarde
0,-5,0,tarde
0,49,1,tarde
0,60,1,tarde
0,1,0,tarde
0,55,1,tarde
0,35,1,tarde
0,17,1,tarde
0,4,0,tarde
0,10,0,tarde
0,60,1,tarde
0,2,0,tarde
0,10,0,tarde
0,41,1,tarde
0,19,1,tarde
0,13,0,tarde
0,39,1,tarde
0,17,1,tarde
0,3,0,tarde
0,-6,0,noche
0,13,0,noche
0,-5,0,noche
0,-5,0,noche
0,-7,0,noche
0,2,0,noche
0,4,0,noche
0,-3,0,noche
0,1,0,noche
0,4,0,noche
0,26,1,noche
0,19,1,noche
0,6,0,noche
0,27,1,noche
0,27,1,noche
0,-5,0,noche
0,-8,0,noche
0,-8,0,noche
0,6,0,noche
0,-2,0,mañana
0,8,0,noche
0,-2,0,tarde
0,-6,0,tarde
0,3,0,tarde
0,7,0,tarde
0,1,0,tarde
0,-3,0,tarde
0,-4,0,tarde
0,-1,0,tarde
0,0,0,tarde
0,1,0,tarde
0,-4,0,tarde
0,-3,0,tarde
0,-11,0,tarde
0,-7,0,tarde
0,57,1,tarde
0,24,1,tarde
0,8,0,tarde
0,-1,0,tarde
0,6,0,tarde
0,12,0,tarde
0,-13,0,tarde
0,-5,0,tarde
0,-5,0,tarde
0,-6,0,tarde
0,1,0,tarde
0,-7,0,tarde
0,-2,0,tarde
0,-1,0,tarde
0,-3,0,tarde
0,5,0,tarde
0,0,0,noche
0,-4,0,noche
0,-7,0,noche
0,-13,0,noche
0,3,0,noche
0,-11,0,noche
0,-6,0,noche
0,3,0,noche
0,-4,0,noche
0,-2,0,noche
0,-10,0,noche
0,-5,0,noche
0,-4,0,noche
0,-5,0,noche
0,-9,0,noche
0,-10,0,noche
0,2,0,noche
0,-4,0,noche
0,1,0,noche
0,0,0,noche
0,-2,0,noche
0,2,0,noche
0,-6,0,noche
0,-8,0,noche
0,-5,0,noche
0,-2,0,noche
0,0,0,noche
0,-4,0,noche
0,-1,0,noche
0,-1,0,mañana
0,-3,0,mañana
0,2,0,mañana
0,5,0,mañana
0,4,0,mañana
0,5,0,mañana
0,-4,0,mañana
0,27,1,mañana
0,-3,0,mañana
0,7,0,mañana
0,5,0,mañana
0,4,0,mañana
0,9,0,mañana
0,-3,0,mañana
0,0,0,mañana
0,89,1,mañana
0,15,0,mañana
0,34,1,mañana
0,-10,0,mañana
0,47,1,mañana
0,-5,0,mañana
0,4,0,mañana
0,5,0,mañana
0,39,1,mañana
0,-9,0,mañana
0,-13,0,mañana
0,7,0,mañana
0,2,0,mañana
0,20,1,mañana
0,-8,0,mañana
0,-2,0,mañana
0,2,0,mañana
0,1,0,mañana
0,-11,0,mañana
0,-13,0,mañana
0,-4,0,mañana
0,-12,0,mañana
0,-9,0,mañana
0,-1,0,mañana
0,-1,0,mañana
0,-8,0,mañana
0,-9,0,mañana
0,2,0,mañana
0,-7,0,mañana
0,-2,0,mañana
0,-6,0,mañana
0,4,0,mañana
0,-5,0,mañana
0,-7,0,mañana
0,55,1,mañana
0,-4,0,mañana
0,-13,0,mañana
0,-3,0,mañana
0,6,0,mañana
0,-11,0,mañana
0,-2,0,mañana
0,23,1,mañana
0,0,0,mañana
0,-9,0,mañana
0,26,1,tarde
0,7,0,tarde
0,-12,0,tarde
0,-1,0,tarde
0,-8,0,tarde
0,-7,0,tarde
0,7,0,tarde
0,-5,0,tarde
0,5,0,tarde
0,2,0,tarde
0,49,1,tarde
0,7,0,tarde
0,-4,0,tarde
0,28,1,tarde
0,-12,0,tarde
0,4,0,tarde
0,19,1,tarde
0,-1,0,tarde
0,23,1,tarde
0,13,0,tarde
0,23,1,tarde
0,-3,0,tarde
0,-1,0,tarde
0,18,1,tarde
0,-5,0,tarde
0,3,0,noche
0,-12,0,noche
0,12,0,noche
0,-10,0,noche
0,-4,0,noche
0,-1,0,noche
0,-11,0,noche
0,-1,0,noche
0,1,0,noche
0,29,1,noche
0,6,0,noche
0,-4,0,noche
0,-2,0,noche
0,15,0,noche
0,5,0,noche
0,2,0,noche
0,-11,0,noche
0,-1,0,noche
0,-7,0,noche
0,-1,0,noche
0,3,0,noche
0,5,0,noche
0,-8,0,noche
0,5,0,noche
0,6,0,noche
0,-12,0,noche
0,10,0,noche
0,-6,0,noche
0,5,0,mañana
0,-1,0,mañana
0,-12,0,mañana
0,4,0,mañana
0,2,0,mañana
0,0,0,mañana
0,-11,0,mañana
0,-6,0,mañana
0,7,0,mañana
0,2,0,mañana
0,0,0,mañana
0,4,0,mañana
0,-9,0,mañana
0,-4,0,mañana
0,-9,0,mañana
0,-7,0,mañana
0,-6,0,mañana
0,-4,0,mañana
0,1,0,mañana
0,-14,0,mañana
0,-5,0,mañana
0,-13,0,mañana
0,-14,0,mañana
0,0,0,mañana
0,-7,0,mañana
0,1,0,mañana
0,10,0,mañana
0,-12,0,mañana
0,26,1,noche
0,85,1,noche
0,59,1,noche
0,3,0,noche
0,13,0,noche
0,85,1,noche
0,12,0,noche
0,2,0,noche
0,30,1,noche
0,21,1,noche
0,1,0,noche
0,23,1,noche
0,66,1,noche
0,32,1,noche
0,66,1,noche
0,-2,0,noche
0,15,0,noche
0,15,0,noche
0,26,1,noche
0,22,1,noche
0,77,1,noche
0,-1,0,noche
0,22,1,noche
0,30,1,noche
0,37,1,noche
0,23,1,noche
0,-5,0,noche
0,-11,0,tarde
0,2,0,tarde
0,3,0,tarde
0,2,0,tarde
0,24,1,tarde
0,-7,0,tarde
0,26,1,tarde
0,5,0,tarde
0,-9,0,tarde
0,3,0,tarde
0,9,0,tarde
0,18,1,tarde
0,-10,0,tarde
0,-8,0,mañana
0,32,1,mañana
0,-5,0,mañana
0,26,1,mañana
0,22,1,mañana
0,6,0,mañana
0,14,0,mañana
0,25,1,mañana
0,-2,0,mañana
0,75,1,mañana
0,0,0,mañana
0,-4,0,mañana
0,21,1,mañana
0,-12,0,mañana
0,12,0,mañana
0,18,1,mañana
0,0,0,mañana
0,10,0,mañana
0,14,0,mañana
0,11,0,mañana
0,0,0,mañana
0,0,0,mañana
0,6,0,mañana
0,18,1,mañana
0,19,1,mañana
0,15,0,mañana
0,5,0,mañana
0,19,1,mañana
0,-4,0,mañana
0,30,1,tarde
0,86,1,tarde
0,17,1,tarde
0,13,0,tarde
0,28,1,tarde
0,7,0,tarde
0,13,0,tarde
0,19,1,tarde
0,37,1,tarde
0,-3,0,tarde
0,6,0,tarde
0,7,0,tarde
0,0,0,tarde
0,8,0,tarde
0,9,0,tarde
0,36,1,tarde
0,89,1,tarde
0,-3,0,tarde
0,12,0,tarde
0,158,1,tarde
0,-1,0,tarde
0,2,0,tarde
0,4,0,tarde
0,-2,0,tarde
0,-1,0,tarde
0,0,0,tarde
0,0,0,tarde
0,-1,0,tarde
0,37,1,tarde
0,-3,0,tarde
0,-4,0,noche
0,-9,0,tarde
0,-1,0,tarde
0,20,1,tarde
0,0,0,tarde
0,-14,0,tarde
0,2,0,tarde
0,20,1,tarde
0,5,0,tarde
0,5,0,tarde
0,0,0,tarde
0,-2,0,tarde
0,-1,0,tarde
0,6,0,tarde
0,-5,0,tarde
0,5,0,tarde
0,11,0,tarde
0,-5,0,tarde
0,-6,0,tarde
0,1,0,tarde
0,8,0,tarde
0,18,1,tarde
0,-3,0,tarde
0,-5,0,tarde
0,20,1,tarde
0,-8,0,tarde
0,1,0,tarde
0,4,0,tarde
0,5,0,tarde
0,40,1,tarde
0,97,1,tarde
0,3,0,tarde
0,-7,0,tarde
0,1,0,tarde
0,0,0,tarde
0,6,0,tarde
0,-3,0,tarde
0,9,0,tarde
0,-2,0,mañana
0,-2,0,mañana
0,-2,0,mañana
0,-1,0,mañana
0,2,0,mañana
0,1,0,mañana
0,-6,0,mañana
0,-3,0,mañana
0,3,0,mañana
0,-7,0,mañana
0,-1,0,mañana
0,-6,0,mañana
0,1,0,mañana
0,-4,0,mañana
0,0,0,mañana
0,-9,0,mañana
0,-9,0,mañana
0,-7,0,mañana
0,-8,0,mañana
0,-2,0,mañana
0,-3,0,mañana
0,6,0,mañana
0,-6,0,mañana
0,-4,0,mañana
0,-2,0,mañana
0,-5,0,mañana
0,-4,0,mañana
0,-3,0,mañana
0,-6,0,mañana
0,5,0,mañana
0,-9,0,tarde
0,-2,0,tarde
0,4,0,tarde
0,9,0,tarde
0,0,0,tarde
0,-4,0,tarde
0,20,1,tarde
0,0,0,tarde
0,2,0,tarde
0,3,0,tarde
0,-2,0,tarde
0,6,0,tarde
0,-2,0,tarde
0,2,0,tarde
0,15,0,tarde
0,-9,0,tarde
0,1,0,tarde
0,1,0,tarde
0,20,1,tarde
0,0,0,tarde
0,-1,0,tarde
0,-5,0,tarde
0,-8,0,tarde
0,3,0,tarde
0,5,0,tarde
0,0,0,tarde
0,-8,0,tarde
0,-4,0,tarde
0,4,0,tarde
0,-14,0,noche
0,-3,0,noche
0,-10,0,noche
0,0,0,noche
0,-6,0,noche
0,1,0,noche
0,-6,0,noche
0,-6,0,noche
0,-7,0,noche
0,-10,0,noche
0,-3,0,noche
0,-3,0,noche
0,1,0,noche
0,-2,0,noche
0,-1,0,noche
0,-1,0,noche
0,-12,0,noche
0,-1,0,noche
0,-12,0,noche
0,2,0,noche
0,-8,0,noche
0,-11,0,noche
0,1,0,noche
0,-4,0,noche
0,0,0,noche
0,-6,0,noche
0,-8,0,noche
0,9,0,noche
0,1,0,noche
0,-2,0,noche
0,-10,0,noche
0,-3,0,noche
0,0,0,noche
0,3,0,noche
0,1,0,noche
0,-10,0,noche
0,-5,0,noche
0,5,0,noche
0,-4,0,noche
0,18,1,noche
0,33,1,noche
0,-14,0,noche
0,-14,0,noche
0,-5,0,noche
0,-8,0,noche
0,4,0,noche
0,-6,0,noche
0,-13,0,noche
0,1,0,noche
0,-6,0,noche
0,-12,0,noche
0,-2,0,noche
0,-9,0,noche
0,0,0,noche
0,1,0,noche
0,-7,0,noche
0,2,0,noche
0,1,0,noche
0,-4,0,noche
0,6,0,noche
0,0,0,noche
0,14,0,noche
0,7,0,noche
0,-6,0,noche
0,-5,0,noche
0,-6,0,noche
0,-5,0,noche
0,-6,0,noche
0,-5,0,noche
0,-5,0,noche
0,-7,0,noche
0,-1,0,noche
0,6,0,noche
0,7,0,noche
0,6,0,noche
0,9,0,noche
0,-13,0,noche
0,14,0,noche
0,-3,0,noche
0,-2,0,noche
0,1,0,noche
0,-10,0,noche
0,3,0,noche
0,-4,0,noche
0,0,0,noche
0,28,1,noche
0,-7,0,noche
0,14,0,noche
0,-1,0,noche
0,-8,0,noche
0,-7,0,noche
0,-5,0,noche
0,-4,0,noche
0,-6,0,noche
0,1,0,noche
0,-6,0,noche
0,-4,0,noche
0,-11,0,noche
0,3,0,noche
0,-9,0,noche
0,1,0,noche
0,8,0,noche
0,-5,0,noche
0,-2,0,noche
0,4,0,noche
0,-1,0,noche
0,0,0,noche
0,-1,0,noche
0,-1,0,noche
0,-5,0,noche
0,-5,0,noche
0,-11,0,noche
0,-12,0,noche
0,22,1,mañana
0,-1,0,mañana
0,7,0,mañana
0,-12,0,mañana
0,-5,0,mañana
0,-6,0,mañana
0,-3,0,mañana
0,0,0,mañana
0,-8,0,mañana
0,-5,0,mañana
0,-8,0,mañana
0,-7,0,mañana
0,-6,0,mañana
0,-14,0,mañana
0,-12,0,mañana
0,-9,0,mañana
0,-11,0,mañana
0,3,0,tarde
0,45,1,tarde
0,6,0,tarde
0,2,0,tarde
0,31,1,tarde
0,4,0,tarde
0,39,1,tarde
0,13,0,tarde
0,18,1,tarde
0,15,0,tarde
0,26,1,tarde
0,3,0,tarde
0,2,0,tarde
0,6,0,tarde
0,22,1,tarde
0,26,1,tarde
0,12,0,tarde
0,14,0,tarde
0,30,1,tarde
0,17,1,tarde
0,27,1,tarde
0,20,1,tarde
0,29,1,tarde
0,16,1,tarde
0,40,1,tarde
0,9,0,tarde
0,8,0,tarde
0,40,1,tarde
0,20,1,tarde
0,27,1,tarde
0,25,1,tarde
0,-3,0,tarde
0,1,0,tarde
0,21,1,tarde
0,16,1,tarde
0,22,1,tarde
0,4,0,tarde
0,0,0,tarde
0,32,1,tarde
0,18,1,tarde
0,11,0,tarde
0,13,0,tarde
0,24,1,tarde
0,21,1,tarde
0,20,1,tarde
0,25,1,tarde
0,30,1,tarde
0,84,1,noche
0,29,1,noche
0,-2,0,tarde
0,-4,0,tarde
0,6,0,tarde
0,-4,0,tarde
0,-3,0,tarde
0,12,0,tarde
0,-4,0,tarde
0,1,0,tarde
0,-5,0,tarde
0,-7,0,tarde
0,-8,0,tarde
0,2,0,tarde
0,3,0,tarde
0,-1,0,tarde
0,27,1,tarde
0,-8,0,tarde
0,4,0,tarde
0,-10,0,tarde
0,1,0,tarde
0,-5,0,tarde
0,2,0,tarde
0,50,1,tarde
0,-3,0,tarde
0,11,0,tarde
0,18,1,tarde
0,-7,0,tarde
0,-7,0,tarde
0,10,0,tarde
0,6,0,tarde
0,5,0,tarde
0,-6,0,tarde
0,-5,0,tarde
0,14,0,tarde
0,-1,0,tarde
0,3,0,tarde
0,-14,0,tarde
0,-2,0,tarde
0,-1,0,tarde
0,2,0,tarde
0,-9,0,tarde
0,0,0,tarde
0,-14,0,tarde
0,-7,0,tarde
0,15,0,tarde
0,-3,0,tarde
0,4,0,tarde
0,7,0,tarde
0,5,0,tarde
0,-6,0,tarde
0,0,0,tarde
0,1,0,tarde
0,31,1,tarde
0,11,0,tarde
0,-2,0,tarde
0,11,0,tarde
0,1,0,tarde
0,-11,0,mañana
0,-6,0,mañana
0,-5,0,mañana
0,-7,0,mañana
0,-9,0,mañana
0,-7,0,mañana
0,-14,0,mañana
0,-4,0,mañana
0,-6,0,mañana
0,0,0,mañana
0,10,0,mañana
0,-5,0,mañana
0,-11,0,mañana
0,-2,0,mañana
0,-4,0,mañana
0,-10,0,mañana
0,-6,0,mañana
0,2,0,mañana
0,18,1,mañana
0,-8,0,mañana
0,-4,0,mañana
0,-10,0,mañana
0,-8,0,mañana
0,-3,0,mañana
0,24,1,mañana
0,-7,0,mañana
0,-7,0,mañana
0,45,1,mañana
0,-2,0,mañana
0,11,0,mañana
0,24,1,tarde
0,13,0,tarde
0,21,1,tarde
0,29,1,tarde
0,59,1,tarde
0,21,1,tarde
0,19,1,tarde
0,114,1,tarde
0,61,1,tarde
0,26,1,tarde
0,26,1,tarde
0,16,1,tarde
0,44,1,tarde
0,18,1,tarde
0,31,1,tarde
0,-7,0,noche
0,-8,0,noche
0,-1,0,noche
0,9,0,noche
0,-4,0,noche
0,-3,0,noche
0,-13,0,noche
0,-6,0,noche
0,-6,0,noche
0,11,0,noche
0,109,1,noche
0,-1,0,noche
0,-13,0,noche
0,-2,0,noche
0,-12,0,noche
0,-5,0,noche
0,-1,0,noche
0,-11,0,noche
0,-9,0,noche
0,0,0,noche
0,-4,0,noche
0,0,0,noche
0,-5,0,noche
0,-4,0,noche
0,-4,0,noche
0,-14,0,noche
0,-1,0,tarde
0,0,0,tarde
0,23,1,tarde
0,7,0,tarde
0,5,0,tarde
0,-9,0,tarde
0,8,0,tarde
0,12,0,tarde
0,11,0,tarde
0,-4,0,tarde
0,24,1,tarde
0,3,0,tarde
0,6,0,tarde
0,-5,0,tarde
0,12,0,tarde
0,3,0,tarde
0,0,0,tarde
0,-2,0,tarde
0,6,0,tarde
0,0,0,tarde
0,-14,0,tarde
0,6,0,tarde
0,34,1,tarde
0,78,1,tarde
0,13,0,tarde
0,4,0,tarde
0,22,1,tarde
0,0,0,tarde
0,6,0,tarde
0,31,1,tarde
0,-4,0,tarde
0,-7,0,tarde
0,-7,0,tarde
0,0,0,noche
0,-8,0,noche
0,9,0,noche
0,-11,0,noche
0,-10,0,noche
0,97,1,noche
0,34,1,noche
0,-2,0,noche
0,-14,0,noche
0,-7,0,noche
0,11,0,noche
0,-1,0,noche
0,57,1,noche
0,17,1,noche
0,-10,0,noche
0,-8,0,noche
0,-9,0,noche
0,93,1,noche
0,-6,0,noche
0,-6,0,noche
0,82,1,noche
0,2,0,noche
0,55,1,noche
0,8,0,noche
0,53,1,noche
0,-8,0,noche
0,97,1,noche
0,35,1,noche
0,2,0,noche
0,12,0,tarde
0,-4,0,tarde
0,-4,0,tarde
0,6,0,tarde
0,13,0,tarde
0,11,0,tarde
0,10,0,tarde
0,14,0,tarde
0,4,0,tarde
0,9,0,tarde
0,-3,0,tarde
0,-6,0,tarde
0,23,1,tarde
0,13,0,tarde
0,35,1,tarde
0,16,1,tarde
0,26,1,tarde
0,14,0,tarde
0,32,1,tarde
0,36,1,tarde
0,25,1,tarde
0,34,1,tarde
0,0,0,tarde
0,7,0,tarde
0,7,0,tarde
0,29,1,tarde
0,5,0,tarde
0,1,0,tarde
0,5,0,tarde
0,6,0,tarde
0,13,0,tarde
0,13,0,tarde
0,7,0,tarde
0,-2,0,tarde
0,8,0,tarde
0,17,1,tarde
0,10,0,tarde
0,10,0,tarde
0,9,0,tarde
0,15,0,tarde
0,15,0,tarde
0,6,0,tarde
0,6,0,tarde
0,8,0,tarde
0,8,0,tarde
0,-3,0,tarde
0,7,0,tarde
0,-1,0,tarde
0,13,0,tarde
0,14,0,tarde
0,3,0,tarde
0,14,0,tarde
0,15,0,tarde
0,16,1,tarde
0,3,0,tarde
0,5,0,tarde
0,4,0,tarde
0,14,0,tarde
0,18,1,tarde
0,12,0,tarde
0,6,0,tarde
0,3,0,tarde
0,8,0,noche
0,-6,0,noche
0,0,0,noche
0,4,0,noche
0,-1,0,noche
0,2,0,noche
0,2,0,noche
0,0,0,noche
0,35,1,noche
0,4,0,noche
0,12,0,noche
0,11,0,noche
0,-4,0,noche
0,-1,0,noche
0,22,1,noche
0,5,0,noche
0,6,0,noche
0,-4,0,noche
0,26,1,noche
0,7,0,noche
0,1,0,noche
0,6,0,noche
0,4,0,noche
0,0,0,noche
0,-4,0,noche
0,15,0,noche
0,1,0,noche
0,1,0,noche
0,6,0,noche
0,14,0,tarde
0,2,0,tarde
0,143,1,tarde
0,3,0,tarde
0,5,0,tarde
0,69,1,tarde
0,16,1,tarde
0,-2,0,tarde
0,20,1,tarde
0,56,1,tarde
0,5,0,tarde
0,17,1,tarde
0,53,1,tarde
0,9,0,tarde
0,7,0,tarde
0,2,0,tarde
0,10,0,tarde
0,8,0,tarde
0,11,0,tarde
0,-1,0,tarde
0,70,1,tarde
0,11,0,tarde
0,4,0,tarde
0,10,0,tarde
0,3,0,tarde
0,7,0,tarde
0,1,0,tarde
0,15,0,tarde
0,5,0,tarde
0,-3,0,tarde
0,-3,0,tarde
0,34,1,tarde
0,1,0,tarde
0,-1,0,tarde
0,-5,0,tarde
0,23,1,tarde
0,14,0,tarde
0,4,0,tarde
0,8,0,tarde
0,24,1,tarde
0,42,1,tarde
0,9,0,tarde
0,6,0,tarde
0,20,1,tarde
0,15,0,tarde
0,3,0,tarde
0,9,0,tarde
0,16,1,noche
0,47,1,noche
0,6,0,noche
0,40,1,noche
0,5,0,noche
0,12,0,noche
0,37,1,noche
0,14,0,noche
0,-5,0,noche
0,8,0,noche
0,10,0,noche
0,0,0,noche
0,5,0,mañana
0,10,0,mañana
0,17,1,mañana
0,10,0,mañana
0,13,0,mañana
0,9,0,mañana
0,-1,0,mañana
0,10,0,mañana
0,10,0,mañana
0,7,0,mañana
0,15,0,mañana
0,19,1,mañana
0,4,0,mañana
0,4,0,mañana
0,-2,0,mañana
0,1,0,mañana
0,-1,0,mañana
0,24,1,mañana
0,67,1,mañana
0,12,0,mañana
0,0,0,mañana
0,-5,0,mañana
0,5,0,mañana
0,-1,0,mañana
0,0,0,mañana
0,-5,0,mañana
0,13,0,mañana
0,16,1,mañana
0,13,0,mañana
0,12,0,tarde
0,15,0,tarde
0,14,0,tarde
0,9,0,tarde
0,10,0,tarde
0,10,0,tarde
0,13,0,tarde
0,44,1,tarde
0,38,1,tarde
0,41,1,tarde
0,18,1,tarde
0,24,1,tarde
0,27,1,tarde
0,46,1,tarde
0,2,0,tarde
0,13,0,tarde
0,26,1,tarde
0,2,0,tarde
0,4,0,tarde
0,1,0,tarde
0,5,0,tarde
0,5,0,tarde
0,9,0,tarde
0,8,0,tarde
0,2,0,tarde
0,159,1,tarde
0,11,0,tarde
0,0,0,tarde
0,11,0,tarde
0,25,1,tarde
0,15,0,tarde
0,5,0,tarde
0,7,0,tarde
0,12,0,tarde
0,9,0,tarde
0,15,0,tarde
0,5,0,tarde
0,14,0,tarde
0,26,1,tarde
0,69,1,tarde
0,6,0,tarde
0,2,0,tarde
0,9,0,tarde
0,102,1,mañana
0,3,0,mañana
0,-8,0,mañana
0,25,1,mañana
0,5,0,mañana
0,-2,0,mañana
0,-7,0,mañana
0,0,0,mañana
0,0,0,mañana
0,-2,0,mañana
0,2,0,mañana
0,7,0,mañana
0,3,0,mañana
0,2,0,mañana
0,3,0,mañana
0,6,0,mañana
0,0,0,mañana
0,12,0,mañana
0,7,0,mañana
0,-2,0,mañana
0,-2,0,mañana
0,-7,0,mañana
0,24,1,mañana
0,6,0,mañana
0,12,0,mañana
0,23,1,mañana
0,3,0,mañana
0,-2,0,mañana
0,8,0,mañana
0,22,1,noche
0,2,0,noche
0,15,0,noche
0,10,0,noche
0,7,0,noche
0,3,0,noche
0,14,0,noche
0,8,0,noche
0,6,0,noche
0,11,0,noche
0,27,1,noche
0,33,1,noche
0,14,0,noche
0,14,0,noche
0,-3,0,noche
0,10,0,noche
0,-1,0,noche
0,11,0,mañana
0,-2,0,noche
0,98,1,tarde
0,20,1,noche
0,-3,0,mañana
0,11,0,mañana
0,1,0,mañana
0,3,0,mañana
0,4,0,mañana
0,51,1,mañana
0,22,1,mañana
0,2,0,mañana
0,20,1,mañana
0,10,0,mañana
0,9,0,mañana
0,3,0,mañana
0,5,0,mañana
0,15,0,mañana
0,2,0,mañana
0,6,0,mañana
0,12,0,mañana
0,23,1,mañana
0,4,0,mañana
0,8,0,mañana
0,6,0,mañana
0,17,1,mañana
0,12,0,mañana
0,17,1,mañana
0,0,0,mañana
0,8,0,mañana
0,16,1,mañana
0,13,0,mañana
0,0,0,mañana
0,22,1,mañana
0,3,0,tarde
0,3,0,tarde
0,7,0,tarde
0,32,1,tarde
0,7,0,tarde
0,17,1,tarde
0,1,0,tarde
0,32,1,tarde
0,2,0,tarde
0,12,0,tarde
0,12,0,tarde
0,15,0,tarde
0,5,0,tarde
0,19,1,tarde
0,5,0,tarde
0,25,1,tarde
0,17,1,tarde
0,44,1,tarde
0,6,0,tarde
0,5,0,tarde
0,41,1,tarde
0,64,1,tarde
0,0,0,tarde
0,-1,0,tarde
0,16,1,tarde
0,8,0,tarde
0,33,1,tarde
0,42,1,tarde
0,2,0,mañana
0,9,0,mañana
0,0,0,mañana
0,15,0,mañana
0,-3,0,mañana
0,7,0,mañana
0,3,0,mañana
0,9,0,mañana
0,12,0,mañana
0,-2,0,mañana
0,-3,0,mañana
0,7,0,mañana
0,5,0,mañana
0,7,0,mañana
0,9,0,mañana
0,4,0,mañana
0,8,0,mañana
0,2,0,mañana
0,1,0,mañana
0,2,0,mañana
0,3,0,mañana
0,4,0,mañana
0,22,1,mañana
0,44,1,mañana
0,12,0,mañana
0,2,0,mañana
0,5,0,mañana
0,13,0,mañana
0,43,1,mañana
0,42,1,mañana
0,-3,0,noche
0,5,0,mañana
0,9,0,mañana
0,2,0,mañana
0,0,0,mañana
0,1,0,mañana
0,8,0,mañana
0,0,0,mañana
0,11,0,mañana
0,7,0,mañana
0,0,0,mañana
0,2,0,mañana
0,3,0,mañana
0,8,0,mañana
0,6,0,tarde
0,5,0,tarde
0,-3,0,tarde
0,-1,0,tarde
0,-2,0,tarde
0,-2,0,tarde
0,-5,0,tarde
0,25,1,tarde
0,0,0,tarde
0,38,1,tarde
0,10,0,tarde
0,15,0,tarde
0,7,0,tarde
0,-2,0,tarde
0,22,1,tarde
0,-2,0,tarde
0,12,0,tarde
0,5,0,tarde
0,0,0,tarde
0,83,1,tarde
0,-5,0,tarde
0,7,0,tarde
0,1,0,tarde
0,8,0,tarde
0,1,0,tarde
0,-1,0,tarde
0,-3,0,tarde
0,8,0,tarde
0,15,0,tarde
0,7,0,tarde
0,0,0,mañana
0,17,1,mañana
0,-1,0,mañana
0,14,0,mañana
0,25,1,mañana
0,16,1,mañana
0,-7,0,mañana
0,3,0,mañana
0,1,0,mañana
0,14,0,mañana
0,-1,0,mañana
0,6,0,mañana
0,0,0,mañana
0,1,0,mañana
0,23,1,mañana
0,17,1,mañana
0,3,0,mañana
0,0,0,mañana
0,13,0,mañana
0,-10,0,mañana
0,1,0,mañana
0,3,0,noche
0,35,1,noche
0,35,1,noche
0,2,0,noche
0,161,1,tarde
0,138,1,noche
0,0,0,noche
0,6,0,noche
0,45,1,noche
0,26,1,noche
0,21,1,noche
0,-5,0,tarde
0,5,0,noche
0,0,0,noche
0,8,0,noche
0,15,0,noche
0,22,1,noche
0,0,0,noche
0,27,1,tarde
0,18,1,noche
0,-1,0,noche
0,5,0,noche
0,23,1,noche
0,6,0,noche
0,-6,0,noche
0,17,1,tarde
0,-4,0,noche
0,-3,0,noche
0,5,0,noche
0,38,1,noche
0,6,0,mañana
0,4,0,mañana
0,8,0,mañana
0,10,0,mañana
0,-1,0,mañana
0,-4,0,mañana
0,15,0,mañana
0,38,1,mañana
0,-4,0,tarde
0,15,0,tarde
0,8,0,tarde
0,15,0,tarde
0,147,1,tarde
0,-2,0,tarde
0,5,0,tarde
0,29,1,tarde
0,8,0,tarde
0,2,0,tarde
0,9,0,tarde
0,10,0,tarde
0,2,0,tarde
0,-1,0,tarde
0,15,0,tarde
0,1,0,tarde
0,28,1,tarde
0,9,0,tarde
0,19,1,tarde
0,10,0,tarde
0,8,0,tarde
0,-2,0,tarde
0,-1,0,tarde
0,4,0,tarde
0,14,0,tarde
0,28,1,tarde
0,-7,0,tarde
0,-9,0,mañana
0,-3,0,mañana
0,13,0,mañana
0,-9,0,tarde
0,-1,0,mañana
0,5,0,mañana
0,8,0,mañana
0,0,0,tarde
0,5,0,mañana
0,6,0,mañana
0,36,1,mañana
0,0,0,tarde
0,1,0,mañana
0,-2,0,mañana
0,9,0,mañana
0,-1,0,tarde
0,16,1,mañana
0,-3,0,mañana
0,9,0,mañana
0,3,0,mañana
0,-5,0,mañana
0,5,0,mañana
0,26,1,mañana
0,18,1,mañana
0,2,0,mañana
0,3,0,mañana
0,35,1,mañana
0,0,0,mañana
0,-2,0,mañana
0,0,0,mañana
0,0,0,mañana
0,16,1,mañana
0,5,0,mañana
0,10,0,mañana
0,50,1,mañana
0,-4,0,mañana
0,1,0,mañana
0,3,0,mañana
0,2,0,mañana
0,1,0,mañana
0,37,1,mañana
0,-2,0,mañana
0,-2,0,mañana
0,9,0,mañana
0,7,0,mañana
0,0,0,mañana
0,32,1,mañana
0,-1,0,mañana
0,-2,0,tarde
0,17,1,mañana
0,4,0,mañana
0,16,1,tarde
0,13,0,mañana
0,-4,0,mañana
0,1,0,tarde
0,26,1,mañana
0,4,0,mañana
0,22,1,tarde
0,4,0,mañana
0,5,0,mañana
0,-3,0,mañana
0,3,0,mañana
0,4,0,mañana
0,9,0,tarde
0,-1,0,tarde
0,11,0,tarde
0,28,1,tarde
0,-1,0,tarde
0,5,0,tarde
0,11,0,tarde
0,15,0,tarde
0,2,0,tarde
0,10,0,tarde
0,21,1,tarde
0,6,0,tarde
0,1,0,tarde
0,4,0,tarde
0,33,1,tarde
0,28,1,tarde
0,1,0,tarde
0,10,0,tarde
0,25,1,tarde
0,9,0,tarde
0,6,0,tarde
0,0,0,tarde
0,-8,0,tarde
0,-1,0,tarde
0,22,1,tarde
0,2,0,mañana
0,15,0,mañana
0,106,1,mañana
0,4,0,mañana
0,2,0,mañana
0,-3,0,mañana
0,0,0,mañana
0,22,1,mañana
0,-2,0,mañana
0,0,0,mañana
0,1,0,mañana
0,2,0,mañana
0,0,0,mañana
0,-7,0,mañana
0,1,0,mañana
0,1,0,mañana
0,36,1,mañana
0,3,0,mañana
0,0,0,mañana
0,3,0,mañana
0,13,0,mañana
0,1,0,mañana
0,5,0,mañana
0,2,0,mañana
0,15,0,mañana
0,-2,0,mañana
0,18,1,tarde
0,0,0,tarde
0,20,1,tarde
0,0,0,tarde
0,0,0,tarde
0,-2,0,tarde
0,2,0,mañana
0,16,1,mañana
0,-3,0,tarde
0,5,0,mañana
0,21,1,tarde
0,0,0,mañana
0,0,0,tarde
0,16,1,mañana
0,9,0,tarde
0,4,0,mañana
0,-5,0,tarde
0,24,1,tarde
0,7,0,tarde
0,0,0,tarde
0,-1,0,noche
0,43,1,noche
0,6,0,noche
0,17,1,noche
0,-6,0,noche
0,2,0,noche
0,4,0,noche
0,17,1,noche
0,19,1,noche
0,15,0,noche
0,-2,0,noche
0,26,1,noche
0,16,1,noche
0,15,0,noche
0,-1,0,noche
0,36,1,noche
0,-3,0,noche
0,9,0,noche
0,13,0,noche
0,8,0,noche
0,10,0,noche
0,-6,0,noche
0,1,0,noche
0,1,0,noche
0,14,0,noche
0,9,0,noche
0,2,0,noche
0,4,0,noche
0,2,0,tarde
0,5,0,tarde
0,0,0,tarde
0,4,0,tarde
0,8,0,tarde
0,16,1,tarde
0,-2,0,tarde
0,12,0,tarde
0,-1,0,mañana
0,-2,0,mañana
0,9,0,mañana
0,-3,0,mañana
0,155,1,mañana
0,2,0,mañana
0,11,0,mañana
0,-4,0,mañana
0,10,0,mañana
0,-3,0,mañana
0,18,1,mañana
0,2,0,mañana
0,-2,0,mañana
0,-6,0,mañana
0,11,0,mañana
0,4,0,mañana
0,29,1,mañana
0,-3,0,mañana
0,4,0,mañana
0,-4,0,mañana
0,25,1,mañana
0,-4,0,mañana
0,23,1,mañana
0,0,0,mañana
0,15,0,mañana
0,17,1,mañana
0,7,0,tarde
0,68,1,tarde
0,18,1,tarde
0,0,0,tarde
0,3,0,tarde
0,-1,0,tarde
0,22,1,tarde
0,32,1,tarde
0,14,0,tarde
0,2,0,tarde
0,1,0,tarde
0,11,0,tarde
0,10,0,tarde
0,2,0,tarde
0,7,0,tarde
0,19,1,tarde
0,3,0,tarde
0,2,0,tarde
0,48,1,tarde
0,11,0,tarde
0,7,0,tarde
0,46,1,tarde
0,4,0,tarde
0,0,0,tarde
0,100,1,tarde
0,2,0,tarde
0,2,0,tarde
0,4,0,tarde
0,8,0,tarde
0,13,0,tarde
0,4,0,mañana
0,-3,0,mañana
0,-3,0,mañana
0,-3,0,mañana
0,7,0,mañana
0,11,0,mañana
0,-1,0,mañana
0,6,0,mañana
0,1,0,mañana
0,-5,0,mañana
0,2,0,mañana
0,8,0,mañana
0,-2,0,mañana
0,0,0,mañana
0,-4,0,mañana
0,-5,0,mañana
0,-5,0,mañana
0,8,0,mañana
0,7,0,mañana
0,-3,0,mañana
0,33,1,mañana
0,2,0,mañana
0,3,0,mañana
0,17,1,mañana
0,-1,0,mañana
0,0,0,mañana
0,-4,0,tarde
0,4,0,tarde
0,-4,0,tarde
0,3,0,tarde
0,-3,0,tarde
0,3,0,noche
0,6,0,tarde
0,-1,0,noche
0,-2,0,tarde
0,-2,0,noche
0,-3,0,tarde
0,5,0,noche
0,13,0,tarde
0,-2,0,tarde
0,2,0,noche
0,5,0,noche
0,21,1,tarde
0,17,1,noche
0,12,0,tarde
0,4,0,noche
0,58,1,noche
0,10,0,tarde
0,10,0,tarde
0,25,1,tarde
0,-1,0,noche
0,10,0,noche
0,18,1,tarde
0,17,1,tarde
0,12,0,tarde
0,27,1,noche
0,12,0,noche
0,-1,0,tarde
0,9,0,tarde
0,88,1,tarde
0,30,1,noche
0,25,1,mañana
0,-3,0,mañana
0,5,0,mañana
0,-13,0,mañana
0,-2,0,mañana
0,-2,0,mañana
0,-2,0,mañana
0,0,0,mañana
0,-2,0,mañana
0,-3,0,mañana
0,-2,0,mañana
0,-3,0,mañana
0,0,0,mañana
0,0,0,mañana
0,1,0,mañana
0,-3,0,mañana
0,2,0,mañana
0,-3,0,mañana
0,-2,0,mañana
0,3,0,mañana
0,4,0,mañana
0,-1,0,mañana
0,-1,0,mañana
0,6,0,mañana
0,-3,0,mañana
0,-2,0,mañana
0,-3,0,mañana
0,12,0,mañana
0,-5,0,mañana
0,-7,0,mañana
0,-1,0,mañana
0,22,1,mañana
0,-1,0,mañana
0,40,1,mañana
0,0,0,mañana
0,75,1,mañana
0,1,0,mañana
0,1,0,mañana
0,12,0,tarde
0,-4,0,mañana
0,7,0,mañana
0,-1,0,mañana
0,-3,0,mañana
0,-5,0,tarde
0,5,0,mañana
0,0,0,mañana
0,-2,0,mañana
0,-8,0,mañana
0,-7,0,tarde
0,4,0,mañana
0,25,1,mañana
0,-5,0,mañana
0,-2,0,mañana
0,4,0,tarde
0,38,1,mañana
0,-5,0,tarde
0,4,0,tarde
0,15,0,tarde
0,-12,0,tarde
0,-4,0,tarde
0,-2,0,mañana
0,-2,0,mañana
0,-7,0,tarde
0,-6,0,mañana
0,3,0,mañana
0,-5,0,tarde
0,-2,0,mañana
0,6,0,mañana
0,-4,0,tarde
0,6,0,mañana
0,-1,0,mañana
0,-5,0,tarde
0,3,0,tarde
0,-7,0,tarde
0,0,0,tarde
0,11,0,tarde
0,9,0,tarde
0,2,0,tarde
0,0,0,tarde
0,51,1,tarde
0,1,0,tarde
0,21,1,tarde
0,6,0,tarde
0,-1,0,tarde
0,-1,0,tarde
0,0,0,tarde
0,40,1,tarde
0,-1,0,tarde
0,2,0,tarde
0,10,0,tarde
0,17,1,tarde
0,8,0,tarde
0,-1,0,tarde
0,-3,0,tarde
0,-2,0,tarde
0,-5,0,tarde
0,13,0,tarde
0,35,1,tarde
0,3,0,tarde
0,-3,0,tarde
0,0,0,tarde
0,15,0,tarde
0,40,1,tarde
0,3,0,tarde
0,8,0,tarde
0,-5,0,tarde
0,6,0,tarde
0,0,0,tarde
0,-1,0,tarde
0,37,1,tarde
0,6,0,tarde
0,38,1,tarde
0,0,0,tarde
0,10,0,tarde
0,15,0,tarde
0,7,0,tarde
0,17,1,tarde
0,9,0,tarde
0,6,0,tarde
0,0,0,tarde
0,21,1,tarde
0,0,0,tarde
0,-1,0,tarde
0,11,0,tarde
0,15,0,tarde
0,10,0,tarde
0,14,0,tarde
0,-1,0,tarde
0,1,0,tarde
0,29,1,tarde
0,9,0,tarde
0,-9,0,tarde
0,14,0,tarde
0,11,0,tarde
0,24,1,tarde
0,16,1,tarde
0,14,0,tarde
0,-4,0,tarde
0,5,0,tarde
0,16,1,tarde
0,4,0,tarde
0,8,0,tarde
0,-4,0,noche
0,24,1,tarde
0,-7,0,noche
0,21,1,tarde
0,-6,0,noche
0,0,0,tarde
0,-8,0,noche
0,-2,0,mañana
0,4,0,mañana
0,31,1,mañana
0,7,0,mañana
0,-2,0,mañana
0,-2,0,mañana
0,-1,0,mañana
0,-1,0,mañana
0,-1,0,mañana
0,13,0,mañana
0,3,0,mañana
0,-1,0,mañana
0,17,1,mañana
0,-2,0,mañana
0,-2,0,mañana
0,-4,0,mañana
0,4,0,mañana
0,8,0,mañana
0,1,0,mañana
0,-2,0,mañana
0,12,0,mañana
0,4,0,mañana
0,-10,0,mañana
0,7,0,mañana
0,4,0,mañana
0,0,0,mañana
0,-1,0,mañana
0,37,1,mañana
0,-2,0,mañana
0,3,0,mañana
0,-1,0,mañana
0,9,0,mañana
0,6,0,mañana
0,25,1,mañana
0,5,0,mañana
0,23,1,mañana
0,-8,0,mañana
0,25,1,mañana
0,-1,0,mañana
0,0,0,mañana
0,5,0,mañana
0,0,0,mañana
0,20,1,mañana
0,3,0,mañana
0,5,0,mañana
0,-6,0,mañana
0,-2,0,mañana
0,1,0,mañana
0,7,0,mañana
0,14,0,mañana
0,-5,0,mañana
0,-4,0,mañana
0,5,0,mañana
0,-3,0,mañana
0,36,1,mañana
0,11,0,mañana
0,7,0,mañana
0,4,0,mañana
0,37,1,mañana
0,2,0,mañana
0,28,1,mañana
0,16,1,mañana
0,9,0,mañana
0,19,1,mañana
0,12,0,tarde
0,-3,0,tarde
0,38,1,tarde
0,-8,0,tarde
0,0,0,tarde
0,37,1,tarde
0,-3,0,tarde
0,20,1,tarde
0,11,0,tarde
0,1,0,tarde
0,10,0,tarde
0,17,1,tarde
0,3,0,tarde
0,7,0,tarde
0,-5,0,tarde
0,1,0,tarde
0,-7,0,tarde
0,-4,0,mañana
0,-1,0,mañana
0,16,1,tarde
0,-1,0,tarde
0,1,0,tarde
0,7,0,tarde
0,1,0,tarde
0,-11,0,mañana
0,6,0,mañana
0,4,0,tarde
0,-2,0,tarde
0,1,0,tarde
0,1,0,tarde
0,11,0,mañana
0,1,0,tarde
0,0,0,tarde
0,-1,0,tarde
0,-3,0,tarde
0,18,1,tarde
0,1,0,tarde
0,20,1,tarde
0,0,0,tarde
0,7,0,tarde
0,1,0,tarde
0,24,1,tarde
0,-1,0,tarde
0,-2,0,tarde
0,8,0,tarde
0,5,0,tarde
0,14,0,tarde
0,3,0,tarde
0,1,0,tarde
0,-2,0,tarde
0,4,0,tarde
0,-4,0,tarde
0,9,0,tarde
0,4,0,tarde
0,-2,0,tarde
0,5,0,tarde
0,13,0,tarde
0,14,0,tarde
0,-1,0,noche
0,3,0,noche
0,5,0,tarde
0,23,1,tarde
0,0,0,noche
0,9,0,noche
0,-1,0,tarde
0,7,0,tarde
0,33,1,noche
0,-1,0,tarde
0,9,0,tarde
0,20,1,tarde
0,-5,0,noche
0,38,1,tarde
0,22,1,tarde
0,12,0,tarde
0,18,1,noche
0,3,0,tarde
0,2,0,noche
0,13,0,noche
0,2,0,noche
0,17,1,noche
0,-3,0,mañana
0,-14,0,noche
0,8,0,mañana
0,0,0,mañana
0,-2,0,noche
0,3,0,noche
0,2,0,mañana
0,0,0,noche
0,3,0,mañana
0,-1,0,mañana
0,-2,0,noche
0,4,0,mañana
0,15,0,mañana
0,5,0,noche
0,6,0,mañana
0,-5,0,mañana
0,-2,0,noche
0,-1,0,mañana
0,12,0,mañana
0,-3,0,noche
0,8,0,mañana
0,-6,0,mañana
0,2,0,noche
0,12,0,mañana
0,3,0,mañana
0,-2,0,noche
0,0,0,mañana
0,0,0,mañana
0,3,0,mañana
0,-1,0,mañana
0,7,0,mañana
0,-3,0,mañana
0,34,1,mañana
0,0,0,mañana
0,4,0,mañana
0,6,0,mañana
0,3,0,tarde
0,35,1,mañana
0,9,0,mañana
0,-2,0,mañana
0,4,0,mañana
0,13,0,tarde
0,5,0,mañana
0,29,1,mañana
0,15,0,mañana
0,6,0,mañana
0,14,0,tarde
0,14,0,mañana
0,-1,0,mañana
0,9,0,mañana
0,1,0,mañana
0,26,1,tarde
0,14,0,mañana
0,1,0,mañana
0,-2,0,mañana
0,22,1,mañana
0,-1,0,tarde
0,4,0,tarde
0,40,1,tarde
0,-3,0,tarde
0,-1,0,tarde
0,117,1,tarde
0,6,0,tarde
0,4,0,tarde
0,4,0,tarde
0,0,0,tarde
0,-2,0,tarde
0,-2,0,tarde
0,7,0,tarde
0,9,0,tarde
0,30,1,tarde
0,2,0,tarde
0,20,1,tarde
0,21,1,tarde
0,4,0,tarde
0,28,1,tarde
0,40,1,tarde
0,-2,0,tarde
0,24,1,tarde
0,10,0,tarde
0,27,1,tarde
0,85,1,tarde
0,3,0,tarde
0,4,0,tarde
0,17,1,tarde
0,34,1,tarde
0,8,0,tarde
0,15,0,tarde
0,5,0,tarde
0,-3,0,tarde
0,7,0,noche
0,1,0,noche
0,104,1,noche
0,-2,0,noche
0,10,0,noche
0,-3,0,noche
0,43,1,noche
0,0,0,noche
0,18,1,noche
0,3,0,noche
0,10,0,noche
0,17,1,noche
0,-2,0,noche
0,-2,0,noche
0,45,1,noche
0,9,0,noche
0,3,0,noche
0,-2,0,noche
0,-1,0,noche
0,-5,0,mañana
0,-5,0,mañana
0,7,0,mañana
0,0,0,mañana
0,3,0,mañana
0,0,0,noche
0,10,0,noche
0,-4,0,mañana
0,-5,0,mañana
0,10,0,mañana
0,0,0,mañana
0,-2,0,mañana
0,2,0,noche
0,10,0,noche
0,-5,0,mañana
0,6,0,mañana
0,-3,0,mañana
0,13,0,mañana
0,-5,0,mañana
0,1,0,noche
0,-1,0,noche
0,1,0,mañana
0,-2,0,mañana
0,-3,0,mañana
0,1,0,mañana
0,-3,0,mañana
0,-4,0,noche
0,3,0,noche
0,-2,0,mañana
0,-1,0,mañana
0,4,0,mañana
0,1,0,mañana
0,-3,0,mañana
0,6,0,mañana
0,22,1,mañana
0,2,0,mañana
0,12,0,mañana
0,0,0,mañana
0,-3,0,mañana
0,11,0,tarde
0,-3,0,mañana
0,15,0,mañana
0,-1,0,mañana
0,10,0,mañana
0,4,0,mañana
0,2,0,mañana
0,13,0,tarde
0,6,0,mañana
0,20,1,mañana
0,-2,0,mañana
0,5,0,mañana
0,71,1,mañana
0,10,0,mañana
0,5,0,tarde
0,1,0,mañana
0,2,0,mañana
0,3,0,mañana
0,0,0,mañana
0,26,1,mañana
0,-2,0,tarde
0,83,1,noche
0,7,0,tarde
0,-5,0,noche
0,-1,0,tarde
0,1,0,noche
0,22,1,tarde
0,-1,0,noche
0,-2,0,noche
0,-1,0,noche
0,15,0,noche
0,18,1,noche
0,5,0,noche
0,6,0,noche
0,65,1,noche
0,9,0,noche
0,-2,0,noche
0,14,0,noche
0,9,0,noche
0,-6,0,noche
0,-1,0,noche
0,-7,0,noche
0,12,0,noche
0,17,1,noche
0,0,0,noche
0,-10,0,noche
0,-7,0,noche
0,1,0,noche
0,-4,0,noche
0,15,0,noche
0,0,0,mañana
0,-9,0,mañana
0,45,1,mañana
0,-3,0,mañana
0,2,0,mañana
0,31,1,mañana
0,80,1,mañana
0,0,0,mañana
0,1,0,mañana
0,0,0,mañana
0,-3,0,mañana
0,-6,0,mañana
0,2,0,mañana
0,0,0,mañana
0,-6,0,mañana
0,-4,0,mañana
0,16,1,mañana
0,-1,0,mañana
0,2,0,mañana
0,-2,0,mañana
0,-8,0,mañana
0,-4,0,mañana
0,1,0,mañana
0,21,1,mañana
0,1,0,mañana
0,-3,0,mañana
0,-2,0,mañana
0,2,0,mañana
0,5,0,mañana
0,9,0,mañana
0,11,0,noche
0,24,1,noche
0,0,0,noche
0,67,1,noche
0,15,0,noche
0,42,1,noche
0,17,1,noche
0,9,0,noche
0,79,1,noche
0,9,0,noche
0,4,0,noche
0,20,1,noche
0,117,1,noche
0,4,0,noche
0,3,0,noche
0,9,0,noche
0,20,1,noche
0,1,0,tarde
0,5,0,tarde
0,12,0,tarde
0,17,1,tarde
0,5,0,tarde
0,101,1,tarde
0,2,0,tarde
0,0,0,tarde
0,16,1,tarde
0,61,1,tarde
0,2,0,tarde
0,5,0,tarde
0,12,0,tarde
0,8,0,tarde
0,0,0,tarde
0,17,1,tarde
0,29,1,tarde
0,17,1,tarde
0,1,0,tarde
0,14,0,tarde
0,33,1,tarde
0,1,0,tarde
0,5,0,tarde
0,79,1,tarde
0,3,0,tarde
0,-1,0,tarde
0,47,1,tarde
0,6,0,tarde
0,3,0,tarde
0,7,0,tarde
0,-2,0,tarde
0,11,0,tarde
0,6,0,tarde
0,10,0,tarde
0,52,1,tarde
0,7,0,tarde
0,4,0,tarde
0,5,0,tarde
0,16,1,tarde
0,14,0,tarde
0,28,1,tarde
0,0,0,tarde
0,15,0,tarde
0,10,0,tarde
0,26,1,tarde
0,16,1,tarde
0,15,0,tarde
0,13,0,tarde
0,5,0,tarde
0,10,0,tarde
0,6,0,tarde
0,1,0,tarde
0,19,1,tarde
0,3,0,tarde
0,9,0,tarde
0,6,0,tarde
0,-2,0,tarde
0,-4,0,tarde
0,9,0,tarde
0,13,0,tarde
0,-7,0,tarde
0,-2,0,tarde
0,-1,0,tarde
0,-1,0,tarde
0,32,1,tarde
0,99,1,tarde
0,0,0,tarde
0,-2,0,tarde
0,1,0,tarde
0,41,1,tarde
0,10,0,tarde
0,-2,0,tarde
0,3,0,tarde
0,-4,0,tarde
0,17,1,tarde
0,12,0,tarde
0,27,1,tarde
0,14,0,tarde
0,20,1,tarde
0,49,1,tarde
0,0,0,tarde
0,104,1,tarde
0,11,0,tarde
0,-2,0,tarde
0,53,1,tarde
0,7,0,tarde
0,-3,0,tarde
0,21,1,tarde
0,24,1,tarde
0,11,0,tarde
0,23,1,tarde
0,8,0,tarde
0,-1,0,tarde
0,25,1,tarde
0,17,1,tarde
0,0,0,tarde
0,4,0,tarde
0,21,1,tarde
0,10,0,mañana
0,12,0,tarde
0,8,0,mañana
0,3,0,mañana
0,12,0,mañana
0,14,0,mañana
0,-1,0,noche
0,13,0,noche
0,46,1,noche
0,51,1,noche
0,6,0,noche
0,12,0,noche
0,13,0,noche
0,43,1,noche
0,0,0,tarde
0,-2,0,tarde
0,8,0,tarde
0,-3,0,tarde
0,-3,0,tarde
0,31,1,tarde
0,-2,0,tarde
0,10,0,tarde
0,4,0,tarde
0,9,0,tarde
0,4,0,tarde
0,-1,0,tarde
0,0,0,tarde
0,10,0,tarde
0,10,0,tarde
0,0,0,tarde
0,12,0,tarde
0,29,1,tarde
0,4,0,tarde
0,21,1,tarde
0,0,0,tarde
0,-1,0,tarde
0,10,0,tarde
0,-1,0,tarde
0,9,0,tarde
0,-3,0,tarde
0,3,0,tarde
0,7,0,tarde
0,0,0,tarde
0,16,1,tarde
0,8,0,mañana
0,-1,0,mañana
0,2,0,mañana
0,-5,0,mañana
0,4,0,mañana
0,33,1,mañana
0,6,0,mañana
0,-1,0,mañana
0,6,0,mañana
0,5,0,mañana
0,0,0,mañana
0,-3,0,mañana
0,1,0,mañana
0,-1,0,mañana
0,17,1,mañana
0,-3,0,mañana
0,1,0,mañana
0,-4,0,mañana
0,-1,0,mañana
0,-1,0,mañana
0,-6,0,mañana
0,-2,0,mañana
0,-6,0,mañana
0,2,0,mañana
0,6,0,mañana
0,8,0,mañana
0,16,1,mañana
0,2,0,mañana
0,8,0,mañana
0,60,1,mañana
0,10,0,noche
0,46,1,noche
0,-2,0,noche
0,-2,0,noche
0,29,1,noche
0,27,1,noche
0,28,1,noche
0,10,0,noche
0,20,1,noche
0,42,1,tarde
0,0,0,mañana
0,8,0,mañana
0,1,0,mañana
0,6,0,mañana
0,3,0,mañana
0,3,0,mañana
0,1,0,tarde
0,-1,0,mañana
0,12,0,tarde
0,0,0,mañana
0,-1,0,tarde
0,7,0,mañana
0,7,0,tarde
0,20,1,mañana
0,-1,0,mañana
0,7,0,mañana
0,6,0,mañana
0,15,0,tarde
0,5,0,tarde
0,13,0,tarde
0,-3,0,tarde
0,11,0,tarde
0,10,0,tarde
0,29,1,tarde
0,70,1,tarde
0,0,0,tarde
0,0,0,tarde
0,13,0,tarde
0,2,0,tarde
0,18,1,tarde
0,14,0,tarde
0,11,0,tarde
0,24,1,tarde
0,2,0,tarde
0,36,1,tarde
0,5,0,tarde
0,22,1,tarde
0,24,1,tarde
0,3,0,tarde
0,5,0,tarde
0,9,0,tarde
0,15,0,tarde
0,16,1,tarde
0,14,0,tarde
0,19,1,tarde
0,24,1,tarde
0,15,0,tarde
0,46,1,tarde
0,18,1,tarde
0,10,0,tarde
0,27,1,tarde
0,-1,0,tarde
0,1,0,noche
0,122,1,noche
0,27,1,noche
0,3,0,noche
0,7,0,noche
0,1,0,noche
0,11,0,noche
0,1,0,noche
0,11,0,noche
0,20,1,noche
0,33,1,noche
0,14,0,noche
0,13,0,noche
0,9,0,mañana
0,14,0,noche
0,-1,0,noche
0,14,0,noche
0,12,0,mañana
0,15,0,noche
0,-1,0,noche
0,13,0,noche
0,2,0,noche
0,-4,0,noche
0,5,0,noche
0,5,0,mañana
0,1,0,noche
0,-4,0,noche
0,4,0,noche
0,110,1,noche
0,31,1,noche
0,32,1,noche
0,6,0,noche
0,32,1,noche
0,18,1,noche
0,5,0,noche
0,4,0,noche
0,1,0,noche
0,6,0,noche
0,34,1,noche
0,29,1,noche
0,9,0,noche
0,25,1,noche
0,21,1,noche
0,5,0,noche
0,3,0,noche
0,6,0,noche
0,4,0,noche
0,11,0,noche
0,26,1,noche
0,4,0,mañana
0,-1,0,mañana
0,-1,0,mañana
0,0,0,mañana
0,2,0,mañana
0,20,1,mañana
0,2,0,mañana
0,4,0,mañana
0,3,0,mañana
0,-5,0,mañana
0,2,0,mañana
0,7,0,mañana
0,1,0,mañana
0,4,0,mañana
0,1,0,mañana
0,4,0,mañana
0,1,0,mañana
0,-3,0,mañana
0,4,0,mañana
0,-3,0,mañana
0,13,0,mañana
0,3,0,tarde
0,9,0,tarde
0,13,0,tarde
0,11,0,tarde
0,4,0,mañana
0,-1,0,mañana
0,3,0,mañana
0,14,0,mañana
0,1,0,noche
0,2,0,tarde
0,2,0,tarde
0,1,0,tarde
0,9,0,noche
0,2,0,tarde
0,4,0,tarde
0,14,0,noche
0,5,0,tarde
0,12,0,tarde
0,6,0,tarde
0,11,0,noche
0,7,0,tarde
0,3,0,tarde
0,4,0,tarde
0,0,0,noche
0,24,1,noche
0,-5,0,noche
0,2,0,noche
0,-1,0,noche
0,19,1,noche
0,3,0,noche
0,6,0,noche
0,16,1,noche
0,1,0,noche
0,5,0,noche
0,1,0,noche
0,0,0,noche
0,-1,0,noche
0,5,0,noche
0,15,0,noche
0,74,1,noche
0,1,0,noche
0,2,0,noche
0,0,0,noche
0,8,0,noche
0,18,1,noche
0,87,1,noche
0,-1,0,noche
0,-1,0,noche
0,-3,0,noche
0,0,0,noche
0,-1,0,noche
0,0,0,noche
0,7,0,noche
0,-2,0,noche
0,1,0,noche
0,13,0,noche
0,2,0,noche
0,7,0,noche
0,5,0,noche
0,4,0,noche
0,3,0,noche
0,-3,0,noche
0,-2,0,noche
0,-2,0,noche
0,3,0,noche
0,13,0,noche
0,3,0,tarde
0,14,0,tarde
0,15,0,tarde
0,6,0,tarde
0,-2,0,mañana
0,-1,0,mañana
0,10,0,mañana
0,54,1,mañana
0,7,0,mañana
0,0,0,mañana
0,8,0,mañana
0,7,0,mañana
0,1,0,mañana
0,1,0,mañana
0,1,0,mañana
0,-2,0,mañana
0,75,1,mañana
0,0,0,mañana
0,7,0,mañana
0,-3,0,mañana
0,-1,0,mañana
0,-1,0,mañana
0,7,0,mañana
0,1,0,mañana
0,4,0,mañana
0,5,0,mañana
0,0,0,mañana
0,10,0,mañana
0,-1,0,mañana
0,3,0,mañana
0,-2,0,mañana
0,-2,0,mañana
0,3,0,mañana
0,29,1,mañana
0,6,0,mañana
0,4,0,mañana
0,2,0,mañana
0,-1,0,mañana
0,16,1,mañana
0,3,0,mañana
0,14,0,mañana
0,3,0,mañana
0,9,0,mañana
0,0,0,mañana
0,-1,0,mañana
0,11,0,mañana
0,14,0,mañana
0,-6,0,mañana
0,-2,0,mañana
0,-8,0,mañana
0,-1,0,mañana
0,3,0,mañana
0,46,1,mañana
0,2,0,mañana
0,33,1,mañana
0,26,1,mañana
0,6,0,mañana
0,-4,0,mañana
0,-3,0,mañana
0,6,0,mañana
0,-6,0,mañana
0,11,0,mañana
0,1,0,mañana
0,13,0,mañana
0,4,0,mañana
0,-1,0,mañana
0,0,0,mañana
0,0,0,mañana
0,1,0,mañana
0,-5,0,mañana
0,15,0,mañana
0,-3,0,mañana
0,0,0,mañana
0,-2,0,mañana
0,-1,0,mañana
0,2,0,mañana
0,2,0,mañana
0,0,0,mañana
0,-2,0,mañana
0,0,0,mañana
0,0,0,mañana
0,3,0,mañana
0,19,1,mañana
0,10,0,mañana
0,75,1,mañana
0,0,0,mañana
0,42,1,mañana
0,5,0,mañana
0,11,0,mañana
0,0,0,mañana
0,7,0,mañana
0,0,0,mañana
0,-3,0,mañana
0,8,0,mañana
0,7,0,mañana
0,3,0,mañana
0,1,0,mañana
0,1,0,mañana
0,-3,0,mañana
0,3,0,mañana
0,2,0,mañana
0,-4,0,mañana
0,-4,0,noche
0,1,0,noche
0,16,1,noche
0,5,0,tarde
0,25,1,mañana
0,10,0,tarde
0,1,0,mañana
0,8,0,tarde
0,6,0,mañana
0,0,0,tarde
0,1,0,mañana
0,6,0,tarde
0,-2,0,tarde
0,0,0,tarde
0,0,0,tarde
0,4,0,tarde
0,-2,0,tarde
0,1,0,tarde
0,3,0,tarde
0,4,0,tarde
0,16,1,tarde
0,0,0,tarde
0,11,0,tarde
0,-5,0,tarde
0,0,0,tarde
0,-4,0,tarde
0,-4,0,tarde
0,-2,0,tarde
0,5,0,tarde
0,37,1,noche
0,10,0,tarde
0,13,0,tarde
0,1,0,tarde
0,2,0,tarde
0,12,0,tarde
0,0,0,tarde
0,13,0,tarde
0,0,0,tarde
0,1,0,tarde
0,25,1,tarde
0,-3,0,tarde
0,27,1,tarde
0,-3,0,tarde
0,6,0,tarde
0,11,0,tarde
0,1,0,tarde
0,2,0,tarde
0,3,0,tarde
0,-2,0,tarde
0,-3,0,tarde
0,24,1,tarde
0,16,1,tarde
0,-1,0,tarde
0,0,0,tarde
0,-2,0,tarde
0,-3,0,tarde
0,13,0,tarde
0,26,1,tarde
0,33,1,tarde
0,154,1,tarde
0,4,0,tarde
0,6,0,tarde
0,31,1,tarde
0,-4,0,tarde
0,5,0,tarde
0,38,1,tarde
0,22,1,tarde
0,40,1,tarde
0,4,0,tarde
0,6,0,tarde
0,1,0,tarde
0,0,0,tarde
0,26,1,tarde
0,-3,0,tarde
0,-3,0,tarde
0,6,0,tarde
0,12,0,tarde
0,5,0,tarde
0,-1,0,tarde
0,8,0,tarde
0,-3,0,tarde
0,0,0,tarde
0,23,1,tarde
0,-3,0,noche
0,50,1,noche
0,0,0,noche
0,-4,0,noche
0,3,0,noche
0,27,1,noche
0,-2,0,noche
0,3,0,noche
0,-1,0,noche
0,-1,0,noche
0,-1,0,noche
0,4,0,noche
0,-2,0,noche
0,16,1,mañana
0,19,1,mañana
0,3,0,mañana
0,-4,0,mañana
0,-3,0,mañana
0,1,0,mañana
0,14,0,mañana
0,7,0,mañana
0,19,1,mañana
0,36,1,mañana
0,4,0,mañana
0,2,0,mañana
0,-7,0,mañana
0,0,0,mañana
0,21,1,mañana
0,-2,0,mañana
0,2,0,mañana
0,1,0,mañana
0,-6,0,mañana
0,1,0,mañana
0,-1,0,mañana
0,0,0,mañana
0,-2,0,mañana
0,18,1,mañana
0,0,0,mañana
0,-3,0,mañana
0,-4,0,mañana
0,1,0,mañana
0,-5,0,mañana
0,-3,0,mañana
0,8,0,mañana
0,5,0,mañana
0,5,0,mañana
0,-1,0,mañana
0,-2,0,mañana
0,-6,0,mañana
0,6,0,mañana
0,7,0,mañana
0,2,0,mañana
0,2,0,mañana
0,4,0,mañana
0,-4,0,mañana
0,7,0,mañana
0,0,0,mañana
0,-6,0,mañana
0,4,0,mañana
0,-2,0,mañana
0,-6,0,mañana
0,-3,0,mañana
0,0,0,mañana
0,19,1,mañana
0,-2,0,mañana
0,0,0,mañana
0,5,0,mañana
0,98,1,mañana
0,3,0,mañana
0,13,0,mañana
0,3,0,mañana
0,24,1,mañana
0,-1,0,mañana
0,2,0,mañana
0,-3,0,mañana
0,4,0,mañana
0,15,0,mañana
0,2,0,mañana
0,4,0,mañana
0,1,0,mañana
0,-4,0,mañana
0,2,0,mañana
0,1,0,mañana
0,0,0,mañana
0,0,0,mañana
0,2,0,mañana
0,0,0,mañana
0,25,1,mañana
0,2,0,mañana
0,2,0,mañana
0,4,0,mañana
0,9,0,mañana
0,-2,0,mañana
0,9,0,mañana
0,5,0,mañana
0,6,0,mañana
0,1,0,tarde
0,6,0,tarde
0,8,0,tarde
0,3,0,tarde
0,6,0,tarde
0,5,0,tarde
0,26,1,tarde
0,20,1,tarde
0,5,0,tarde
0,1,0,tarde
0,-1,0,tarde
0,3,0,tarde
0,7,0,tarde
0,7,0,tarde
0,5,0,tarde
0,2,0,tarde
0,3,0,tarde
0,4,0,tarde
0,-2,0,tarde
0,-3,0,mañana
0,-2,0,tarde
0,3,0,tarde
0,-2,0,tarde
0,11,0,tarde
0,17,1,tarde
0,-3,0,tarde
0,-6,0,tarde
0,-1,0,tarde
0,-2,0,tarde
0,10,0,tarde
0,5,0,tarde
0,7,0,tarde
0,6,0,tarde
0,0,0,tarde
0,8,0,tarde
0,0,0,tarde
0,13,0,tarde
0,-4,0,tarde
0,9,0,tarde
0,1,0,tarde
0,3,0,tarde
0,9,0,tarde
0,6,0,tarde
0,3,0,tarde
0,-2,0,tarde
0,-1,0,tarde
0,6,0,tarde
0,-1,0,tarde
0,-1,0,tarde
0,1,0,tarde
0,21,1,tarde
0,0,0,tarde
0,12,0,tarde
0,56,1,tarde
0,5,0,tarde
0,-4,0,tarde
0,10,0,tarde
0,-2,0,tarde
0,-5,0,tarde
0,28,1,tarde
0,6,0,tarde
0,0,0,tarde
0,6,0,tarde
0,12,0,tarde
0,2,0,tarde
0,1,0,tarde
0,-3,0,tarde
0,-2,0,tarde
0,6,0,tarde
0,6,0,tarde
0,2,0,tarde
0,-2,0,tarde
0,19,1,tarde
0,3,0,tarde
0,13,0,tarde
0,-3,0,tarde
0,-1,0,tarde
0,2,0,tarde
0,-2,0,mañana
0,0,0,mañana
0,3,0,mañana
0,-2,0,mañana
0,-4,0,mañana
0,-1,0,mañana
0,4,0,mañana
0,0,0,mañana
0,10,0,mañana
0,10,0,mañana
0,3,0,mañana
0,-1,0,mañana
0,19,1,mañana
0,40,1,mañana
0,-2,0,mañana
0,13,0,mañana
0,-1,0,mañana
0,1,0,mañana
0,8,0,mañana
0,-1,0,mañana
0,2,0,mañana
0,5,0,mañana
0,26,1,mañana
0,-1,0,mañana
0,3,0,mañana
0,1,0,mañana
0,6,0,mañana
0,2,0,mañana
0,19,1,mañana
0,-2,0,mañana
0,7,0,mañana
0,8,0,mañana
0,-6,0,mañana
0,3,0,mañana
0,15,0,mañana
0,9,0,mañana
0,1,0,mañana
0,6,0,mañana
0,5,0,mañana
0,-1,0,mañana
0,0,0,mañana
0,-2,0,mañana
0,4,0,mañana
0,6,0,mañana
0,-4,0,mañana
0,7,0,mañana
0,13,0,mañana
0,10,0,mañana
0,11,0,mañana
0,1,0,mañana
0,4,0,mañana
0,5,0,mañana
0,8,0,mañana
0,4,0,mañana
0,1,0,mañana
0,1,0,tarde
0,2,0,mañana
0,0,0,mañana
0,22,1,mañana
0,-2,0,mañana
0,16,1,mañana
0,9,0,mañana
0,13,0,tarde
0,10,0,mañana
0,47,1,mañana
0,13,0,mañana
0,0,0,mañana
0,8,0,mañana
0,5,0,mañana
0,8,0,tarde
0,0,0,mañana
0,2,0,mañana
0,-4,0,mañana
0,13,0,mañana
0,16,1,mañana
0,4,0,tarde
0,6,0,mañana
0,3,0,mañana
0,1,0,mañana
0,1,0,mañana
0,28,1,mañana
0,3,0,mañana
0,14,0,tarde
0,13,0,mañana
0,-5,0,mañana
0,58,1,noche
0,-4,0,tarde
0,2,0,noche
0,27,1,tarde
0,-4,0,tarde
0,4,0,tarde
0,6,0,tarde
0,20,1,noche
0,3,0,tarde
0,5,0,tarde
0,2,0,tarde
0,2,0,tarde
0,11,0,tarde
0,2,0,tarde
0,0,0,tarde
0,4,0,tarde
0,13,0,tarde
0,0,0,tarde
0,7,0,tarde
0,0,0,tarde
0,1,0,tarde
0,4,0,tarde
0,11,0,tarde
0,30,1,tarde
0,11,0,tarde
0,4,0,tarde
0,49,1,tarde
0,5,0,tarde
0,15,0,tarde
0,27,1,tarde
0,13,0,tarde
0,3,0,tarde
0,8,0,tarde
0,21,1,tarde
0,-2,0,tarde
0,0,0,tarde
0,18,1,tarde
0,13,0,tarde
0,20,1,tarde
0,9,0,tarde
0,-8,0,tarde
0,-3,0,noche
0,5,0,tarde
0,0,0,tarde
0,9,0,noche
0,1,0,tarde
0,0,0,tarde
0,0,0,noche
0,2,0,tarde
0,2,0,tarde
0,13,0,noche
0,16,1,tarde
0,28,1,noche
0,-1,0,tarde
0,-1,0,noche
0,7,0,noche
0,6,0,noche
0,4,0,noche
0,11,0,noche
0,4,0,noche
0,5,0,noche
0,2,0,noche
0,-4,0,noche
0,14,0,noche
0,-1,0,noche
0,39,1,noche
0,13,0,noche
0,1,0,noche
0,0,0,noche
0,3,0,noche
0,8,0,noche
0,6,0,noche
0,7,0,noche
0,5,0,noche
0,15,0,tarde
0,1,0,noche
0,4,0,noche
0,25,1,noche
0,15,0,noche
0,2,0,noche
0,16,1,noche
0,3,0,noche
0,4,0,noche
0,-2,0,noche
0,20,1,noche
0,5,0,noche
0,-2,0,noche
0,31,1,noche
0,1,0,mañana
0,7,0,mañana
0,5,0,mañana
0,-1,0,mañana
0,4,0,noche
0,1,0,noche
0,12,0,noche
0,4,0,tarde
0,10,0,noche
0,6,0,noche
0,18,1,tarde
0,46,1,noche
0,5,0,noche
0,25,1,tarde
0,6,0,noche
0,8,0,noche
0,7,0,noche
0,15,0,tarde
0,3,0,noche
0,0,0,mañana
0,109,1,mañana
0,5,0,mañana
0,15,0,mañana
0,1,0,mañana
0,3,0,mañana
0,4,0,mañana
0,1,0,mañana
0,2,0,mañana
0,7,0,mañana
0,2,0,mañana
0,0,0,mañana
0,2,0,mañana
0,20,1,mañana
0,1,0,mañana
0,2,0,mañana
0,-6,0,mañana
0,-3,0,mañana
0,0,0,mañana
0,-1,0,mañana
0,-5,0,mañana
0,-1,0,mañana
0,14,0,mañana
0,2,0,mañana
0,11,0,mañana
0,0,0,mañana
0,0,0,mañana
0,75,1,mañana
0,1,0,mañana
0,16,1,mañana
0,7,0,mañana
0,2,0,mañana
0,-1,0,mañana
0,-1,0,mañana
0,0,0,mañana
0,-4,0,mañana
0,5,0,mañana
0,1,0,mañana
0,0,0,mañana
0,0,0,mañana
0,2,0,mañana
0,18,1,mañana
0,1,0,mañana
0,6,0,mañana
0,7,0,mañana
0,3,0,mañana
0,-3,0,mañana
0,5,0,mañana
0,0,0,mañana
0,-2,0,mañana
0,36,1,mañana
0,47,1,mañana
0,3,0,mañana
0,-3,0,mañana
0,-1,0,mañana
0,1,0,mañana
0,7,0,mañana
0,-4,0,mañana
0,-1,0,mañana
0,-2,0,mañana
0,1,0,mañana
0,-1,0,mañana
0,19,1,mañana
0,3,0,mañana
0,0,0,tarde
0,14,0,mañana
0,3,0,mañana
0,10,0,mañana
0,7,0,mañana
0,-1,0,tarde
0,12,0,mañana
0,6,0,tarde
0,12,0,mañana
0,7,0,mañana
0,0,0,tarde
0,2,0,mañana
0,12,0,tarde
0,5,0,mañana
0,4,0,mañana
0,10,0,mañana
0,-1,0,tarde
0,4,0,mañana
0,0,0,tarde
0,3,0,tarde
0,95,1,tarde
0,5,0,tarde
0,-1,0,tarde
0,0,0,tarde
0,6,0,tarde
0,0,0,tarde
0,3,0,tarde
0,3,0,tarde
0,2,0,tarde
0,11,0,tarde
0,2,0,tarde
0,-2,0,tarde
0,8,0,tarde
0,17,1,tarde
0,-3,0,tarde
0,5,0,tarde
0,-2,0,tarde
0,6,0,tarde
0,0,0,mañana
0,65,1,tarde
0,6,0,tarde
0,50,1,tarde
0,0,0,tarde
0,0,0,tarde
0,12,0,tarde
0,8,0,mañana
0,16,1,tarde
0,16,1,tarde
0,-3,0,tarde
0,22,1,tarde
0,-5,0,tarde
0,-2,0,tarde
0,5,0,mañana
0,19,1,tarde
0,2,0,tarde
0,5,0,tarde
0,-3,0,tarde
0,-2,0,tarde
0,10,0,mañana
0,8,0,tarde
0,8,0,tarde
0,12,0,tarde
0,7,0,tarde
0,3,0,tarde
0,6,0,tarde
0,2,0,mañana
0,4,0,tarde
0,20,1,tarde
0,11,0,tarde
0,24,1,tarde
0,16,1,tarde
0,1,0,tarde
0,3,0,tarde
0,18,1,tarde
0,-3,0,tarde
0,2,0,tarde
0,7,0,tarde
0,14,0,tarde
0,32,1,tarde
0,-1,0,tarde
0,6,0,tarde
0,2,0,tarde
0,12,0,tarde
0,3,0,tarde
0,5,0,tarde
0,-1,0,tarde
0,3,0,noche
0,56,1,tarde
0,-1,0,tarde
0,2,0,tarde
0,0,0,tarde
0,1,0,tarde
0,5,0,noche
0,12,0,tarde
0,-2,0,tarde
0,41,1,tarde
0,3,0,tarde
0,10,0,noche
0,7,0,tarde
0,20,1,tarde
0,5,0,tarde
0,12,0,tarde
0,6,0,tarde
0,10,0,noche
0,0,0,tarde
0,7,0,tarde
0,-1,0,tarde
0,-12,0,tarde
0,74,1,tarde
0,8,0,noche
0,7,0,noche
0,13,0,noche
0,4,0,noche
0,9,0,noche
0,0,0,noche
0,19,1,noche
0,-1,0,noche
0,7,0,noche
0,16,1,noche
0,2,0,noche
0,10,0,noche
0,49,1,noche
0,7,0,noche
0,11,0,noche
0,0,0,noche
0,10,0,noche
0,16,1,noche
0,5,0,noche
0,102,1,noche
0,7,0,noche
0,11,0,noche
0,148,1,noche
0,6,0,noche
0,1,0,noche
0,19,1,noche
0,-1,0,noche
0,-1,0,noche
0,4,0,noche
0,-4,0,noche
0,16,1,noche
0,14,0,noche
0,5,0,noche
0,5,0,noche
0,-2,0,noche
0,23,1,noche
0,4,0,mañana
0,4,0,mañana
0,13,0,mañana
0,1,0,mañana
0,2,0,mañana
0,4,0,mañana
0,5,0,mañana
0,9,0,mañana
0,9,0,mañana
0,10,0,mañana
0,11,0,mañana
0,-3,0,mañana
0,2,0,mañana
0,0,0,mañana
0,0,0,mañana
0,0,0,mañana
0,5,0,mañana
0,8,0,mañana
0,0,0,mañana
0,17,1,mañana
0,0,0,mañana
0,1,0,mañana
0,18,1,mañana
0,13,0,mañana
0,3,0,mañana
0,0,0,mañana
0,2,0,mañana
0,1,0,mañana
0,13,0,mañana
0,9,0,mañana
0,9,0,mañana
0,5,0,mañana
0,4,0,tarde
0,7,0,mañana
0,25,1,mañana
0,3,0,mañana
0,1,0,mañana
0,40,1,mañana
0,13,0,tarde
0,6,0,mañana
0,11,0,tarde
0,30,1,mañana
0,2,0,mañana
0,-4,0,mañana
0,4,0,mañana
0,5,0,mañana
0,8,0,tarde
0,5,0,mañana
0,12,0,mañana
0,40,1,mañana
0,1,0,tarde
0,1,0,mañana
0,24,1,tarde
0,18,1,mañana
0,4,0,mañana
0,-1,0,mañana
0,-5,0,tarde
0,14,0,tarde
0,12,0,tarde
0,1,0,tarde
0,8,0,tarde
0,12,0,tarde
0,2,0,tarde
0,44,1,tarde
0,0,0,tarde
0,2,0,tarde
0,4,0,tarde
0,7,0,tarde
0,1,0,tarde
0,0,0,tarde
0,8,0,tarde
0,6,0,tarde
0,-4,0,tarde
0,3,0,tarde
0,2,0,tarde
0,5,0,tarde
0,2,0,tarde
0,8,0,tarde
0,-3,0,tarde
0,10,0,tarde
0,3,0,tarde
0,-2,0,tarde
0,22,1,tarde
0,18,1,tarde
0,6,0,tarde
0,7,0,tarde
0,-2,0,tarde
0,3,0,tarde
0,2,0,tarde
0,19,1,tarde
0,9,0,tarde
0,14,0,tarde
0,3,0,tarde
0,-2,0,tarde
0,4,0,tarde
0,-5,0,tarde
0,13,0,tarde
0,28,1,tarde
0,7,0,tarde
0,6,0,tarde
0,-4,0,tarde
0,6,0,tarde
0,14,0,tarde
0,11,0,tarde
0,2,0,tarde
0,1,0,tarde
0,6,0,tarde
0,2,0,tarde
0,16,1,tarde
0,3,0,tarde
0,18,1,tarde
0,17,1,tarde
0,-2,0,tarde
0,1,0,tarde
0,-3,0,tarde
0,14,0,tarde
0,4,0,mañana
0,-5,0,tarde
0,5,0,tarde
0,1,0,tarde
0,14,0,tarde
0,6,0,tarde
0,6,0,tarde
0,-1,0,tarde
0,-2,0,tarde
0,8,0,tarde
0,4,0,tarde
0,5,0,tarde
0,2,0,tarde
0,3,0,tarde
0,0,0,mañana
0,4,0,tarde
0,18,1,tarde
0,2,0,mañana
0,1,0,tarde
0,-2,0,tarde
0,0,0,mañana
0,-2,0,tarde
0,3,0,tarde
0,6,0,mañana
0,5,0,tarde
0,37,1,mañana
0,6,0,mañana
0,5,0,mañana
0,3,0,mañana
0,8,0,mañana
0,5,0,mañana
0,1,0,mañana
0,15,0,mañana
0,-1,0,mañana
0,9,0,mañana
0,3,0,mañana
0,3,0,mañana
0,-2,0,mañana
0,8,0,mañana
0,0,0,mañana
0,3,0,mañana
0,11,0,mañana
0,1,0,mañana
0,1,0,mañana
0,40,1,mañana
0,8,0,mañana
0,3,0,mañana
0,2,0,mañana
0,3,0,mañana
0,9,0,mañana
0,9,0,mañana
0,6,0,mañana
0,5,0,mañana
0,0,0,mañana
0,2,0,mañana
0,-4,0,mañana
0,7,0,mañana
0,25,1,mañana
0,18,1,mañana
0,8,0,mañana
0,2,0,mañana
0,8,0,mañana
0,34,1,mañana
0,8,0,mañana
0,4,0,mañana
0,5,0,mañana
0,10,0,mañana
0,8,0,mañana
0,-2,0,mañana
0,6,0,mañana
0,10,0,mañana
0,37,1,mañana
0,23,1,mañana
0,11,0,mañana
0,88,1,mañana
0,11,0,mañana
0,13,0,mañana
0,5,0,mañana
0,4,0,mañana
0,5,0,tarde
0,5,0,mañana
0,17,1,mañana
0,18,1,mañana
0,0,0,mañana
0,-3,0,tarde
0,7,0,mañana
0,4,0,mañana
0,9,0,tarde
0,4,0,tarde
0,31,1,tarde
0,-2,0,tarde
0,2,0,tarde
0,5,0,tarde
0,13,0,tarde
0,1,0,tarde
0,0,0,tarde
0,12,0,tarde
0,26,1,tarde
0,2,0,tarde
0,8,0,tarde
0,3,0,tarde
0,13,0,tarde
0,7,0,tarde
0,21,1,tarde
0,10,0,tarde
0,14,0,tarde
0,3,0,tarde
0,4,0,tarde
0,7,0,tarde
0,3,0,tarde
0,8,0,tarde
0,13,0,tarde
0,-3,0,tarde
0,5,0,tarde
0,14,0,tarde
0,4,0,noche
0,67,1,tarde
0,8,0,tarde
0,2,0,tarde
0,5,0,tarde
0,2,0,noche
0,-1,0,noche
0,12,0,noche
0,12,0,noche
0,4,0,noche
0,67,1,tarde
0,15,0,noche
0,16,1,noche
0,5,0,noche
0,2,0,noche
0,30,1,noche
0,20,1,noche
0,20,1,noche
0,5,0,noche
0,13,0,noche
0,49,1,noche
0,-3,0,mañana
0,-2,0,mañana
0,0,0,mañana
0,0,0,mañana
0,4,0,mañana
0,9,0,mañana
0,7,0,mañana
0,-3,0,mañana
0,0,0,mañana
0,4,0,mañana
0,-2,0,mañana
0,4,0,mañana
0,12,0,mañana
0,0,0,mañana
0,11,0,mañana
0,3,0,mañana
0,9,0,mañana
0,17,1,mañana
0,7,0,mañana
0,17,1,mañana
0,3,0,mañana
0,2,0,mañana
0,1,0,mañana
0,10,0,mañana
0,3,0,mañana
0,1,0,mañana
0,15,0,mañana
0,12,0,mañana
0,4,0,tarde
0,1,0,tarde
0,10,0,tarde
0,21,1,tarde
0,4,0,tarde
0,7,0,tarde
0,6,0,tarde
0,5,0,tarde
0,14,0,tarde
0,6,0,tarde
0,3,0,tarde
0,14,0,tarde
0,23,1,tarde
0,38,1,tarde
0,3,0,tarde
0,1,0,tarde
0,5,0,tarde
0,16,1,tarde
0,2,0,tarde
0,8,0,tarde
0,8,0,tarde
0,16,1,tarde
0,11,0,tarde
0,9,0,tarde
0,14,0,tarde
0,1,0,tarde
0,-3,0,tarde
0,8,0,tarde
0,9,0,tarde
0,22,1,tarde
0,5,0,mañana
0,77,1,mañana
0,7,0,mañana
0,0,0,mañana
0,8,0,mañana
0,-2,0,mañana
0,6,0,mañana
0,6,0,mañana
0,1,0,mañana
0,16,1,mañana
0,4,0,mañana
0,-1,0,mañana
0,0,0,mañana
0,8,0,mañana
0,11,0,mañana
0,-6,0,mañana
0,5,0,mañana
0,0,0,mañana
0,3,0,mañana
0,5,0,mañana
0,16,1,mañana
0,6,0,mañana
0,2,0,mañana
0,0,0,mañana
0,3,0,mañana
0,6,0,mañana
0,6,0,mañana
0,5,0,tarde
0,4,0,tarde
0,-2,0,tarde
0,8,0,mañana
0,13,0,tarde
0,2,0,mañana
0,13,0,tarde
0,-1,0,mañana
0,58,1,tarde
0,2,0,tarde
0,11,0,tarde
0,2,0,tarde
0,15,0,tarde
0,13,0,tarde
0,12,0,tarde
0,7,0,tarde
0,2,0,tarde
0,3,0,tarde
0,21,1,tarde
0,-1,0,mañana
0,21,1,mañana
0,6,0,mañana
0,-3,0,mañana
0,-2,0,mañana
0,14,0,mañana
0,6,0,mañana
0,26,1,mañana
0,11,0,mañana
0,25,1,mañana
0,22,1,mañana
0,16,1,mañana
0,3,0,mañana
0,4,0,mañana
0,0,0,mañana
0,2,0,mañana
0,5,0,mañana
0,0,0,mañana
0,3,0,mañana
0,5,0,mañana
0,4,0,mañana
0,6,0,mañana
0,6,0,mañana
0,2,0,mañana
0,4,0,mañana
0,31,1,mañana
0,2,0,mañana
0,-1,0,mañana
0,7,0,noche
0,19,1,noche
0,4,0,tarde
0,12,0,noche
0,66,1,noche
0,8,0,tarde
0,10,0,noche
0,6,0,noche
0,16,1,tarde
0,7,0,noche
0,17,1,noche
0,-1,0,tarde
0,4,0,noche
0,2,0,tarde
0,5,0,tarde
0,5,0,tarde
0,21,1,tarde
0,15,0,tarde
0,11,0,tarde
0,9,0,tarde
0,2,0,tarde
0,10,0,tarde
0,13,0,tarde
0,4,0,tarde
0,6,0,tarde
0,11,0,tarde
0,7,0,tarde
0,10,0,tarde
0,8,0,tarde
0,17,1,tarde
0,9,0,tarde
0,7,0,tarde
0,1,0,tarde
0,21,1,tarde
0,0,0,tarde
0,14,0,tarde
0,5,0,tarde
0,7,0,tarde
0,6,0,tarde
0,1,0,tarde
0,10,0,tarde
0,6,0,tarde
0,3,0,tarde
0,0,0,noche
0,0,0,noche
0,6,0,noche
0,6,0,noche
0,28,1,noche
0,-2,0,noche
0,12,0,noche
0,-1,0,noche
0,6,0,noche
0,2,0,noche
0,-1,0,noche
0,6,0,noche
0,22,1,noche
0,4,0,noche
0,6,0,noche
0,7,0,noche
0,3,0,mañana
0,3,0,mañana
0,5,0,mañana
0,13,0,mañana
0,11,0,mañana
0,1,0,mañana
0,41,1,mañana
0,2,0,mañana
0,39,1,mañana
0,14,0,mañana
0,3,0,mañana
0,16,1,mañana
0,25,1,mañana
0,17,1,mañana
0,3,0,mañana
0,8,0,mañana
0,8,0,mañana
0,4,0,mañana
0,14,0,mañana
0,9,0,mañana
0,8,0,mañana
0,10,0,mañana
0,13,0,mañana
0,3,0,mañana
0,10,0,mañana
0,2,0,tarde
0,-1,0,noche
0,3,0,mañana
0,6,0,noche
0,2,0,noche
0,5,0,mañana
0,8,0,noche
0,38,1,noche
0,-1,0,noche
0,8,0,noche
0,-1,0,noche
0,6,0,noche
0,5,0,mañana
0,2,0,noche
0,-5,0,noche
0,3,0,tarde
0,17,1,tarde
0,5,0,tarde
0,0,0,tarde
0,0,0,tarde
0,10,0,tarde
0,10,0,tarde
0,16,1,tarde
0,13,0,tarde
0,4,0,tarde
0,26,1,tarde
0,39,1,tarde
0,31,1,tarde
0,6,0,tarde
0,16,1,tarde
0,0,0,mañana
0,-1,0,mañana
0,4,0,mañana
0,10,0,mañana
0,1,0,mañana
0,8,0,mañana
0,-2,0,mañana
0,72,1,mañana
0,-4,0,mañana
0,2,0,mañana
0,15,0,mañana
0,6,0,mañana
0,2,0,mañana
0,-1,0,mañana
0,-3,0,mañana
0,-2,0,mañana
0,-2,0,mañana
0,0,0,mañana
0,2,0,mañana
0,12,0,mañana
0,-3,0,mañana
0,-2,0,mañana
0,7,0,mañana
0,-3,0,mañana
0,2,0,mañana
0,52,1,mañana
0,27,1,mañana
0,1,0,mañana
0,13,0,mañana
0,0,0,mañana
0,-1,0,tarde
0,18,1,mañana
0,0,0,tarde
0,9,0,tarde
0,6,0,mañana
0,10,0,tarde
0,0,0,mañana
0,55,1,tarde
0,25,1,mañana
0,-2,0,tarde
0,-2,0,mañana
0,4,0,tarde
0,9,0,tarde
0,-3,0,mañana
0,12,0,tarde
0,0,0,tarde
0,20,1,mañana
0,-1,0,tarde
0,17,1,tarde
0,1,0,tarde
0,1,0,mañana
0,2,0,tarde
0,4,0,tarde
0,2,0,tarde
0,0,0,tarde
0,-1,0,mañana
0,5,0,tarde
0,2,0,tarde
0,-2,0,mañana
0,25,1,tarde
0,8,0,tarde
0,-2,0,tarde
0,5,0,tarde
0,14,0,tarde
0,10,0,tarde
0,11,0,tarde
0,23,1,tarde
0,13,0,tarde
0,20,1,tarde
0,44,1,tarde
0,19,1,tarde
0,-2,0,tarde
0,14,0,tarde
0,10,0,tarde
0,-4,0,tarde
0,10,0,tarde
0,17,1,tarde
0,-4,0,tarde
0,14,0,tarde
0,0,0,tarde
0,2,0,tarde
0,4,0,tarde
0,0,0,tarde
0,10,0,noche
0,-2,0,noche
0,6,0,noche
0,12,0,noche
0,6,0,noche
0,6,0,noche
0,26,1,noche
0,-2,0,noche
0,15,0,noche
0,29,1,noche
0,10,0,noche
0,12,0,noche
0,33,1,noche
0,6,0,noche
0,7,0,noche
0,2,0,noche
0,9,0,noche
0,8,0,noche
0,12,0,noche
0,5,0,noche
0,0,0,noche
0,2,0,noche
0,10,0,noche
0,6,0,noche
0,5,0,noche
0,7,0,noche
0,0,0,mañana
0,3,0,mañana
0,-2,0,mañana
0,4,0,mañana
0,54,1,tarde
0,-2,0,tarde
0,7,0,tarde
0,3,0,tarde
0,0,0,tarde
0,8,0,tarde
0,8,0,tarde
0,-1,0,tarde
0,12,0,tarde
0,6,0,tarde
0,-3,0,tarde
0,0,0,tarde
0,5,0,tarde
0,1,0,tarde
0,3,0,tarde
0,12,0,tarde
0,1,0,tarde
0,-3,0,tarde
0,-4,0,tarde
0,11,0,tarde
0,16,1,tarde
0,27,1,tarde
0,3,0,tarde
0,5,0,tarde
0,28,1,tarde
0,56,1,tarde
0,-2,0,tarde
0,31,1,tarde
0,-4,0,tarde
0,1,0,tarde
0,96,1,tarde
0,45,1,tarde
0,35,1,tarde
0,38,1,noche
0,8,0,tarde
0,64,1,tarde
0,13,0,tarde
0,-3,0,noche
0,15,0,noche
0,-2,0,noche
0,2,0,noche
0,8,0,tarde
0,21,1,noche
0,58,1,noche
0,10,0,tarde
0,-5,0,noche
0,0,0,noche
0,-3,0,tarde
0,-3,0,noche
0,-1,0,noche
0,25,1,noche
0,-4,0,noche
0,-2,0,tarde
0,35,1,noche
0,14,0,noche
0,-1,0,noche
0,12,0,noche
0,23,1,tarde
0,3,0,noche
0,41,1,noche
0,7,0,noche
0,2,0,noche
0,1,0,noche
0,-2,0,tarde
0,3,0,noche
0,15,0,noche
0,25,1,noche
0,12,0,noche
0,7,0,noche
0,45,1,tarde
0,12,0,noche
0,25,1,noche
0,4,0,noche
0,6,0,noche
0,-7,0,noche
0,8,0,tarde
0,4,0,tarde
0,-3,0,tarde
0,12,0,noche
0,17,1,tarde
0,-1,0,tarde
0,3,0,tarde
0,49,1,tarde
0,7,0,noche
0,1,0,tarde
0,-2,0,tarde
0,1,0,tarde
0,11,0,tarde
0,8,0,noche
0,-5,0,tarde
0,5,0,tarde
0,-4,0,tarde
0,4,0,tarde
0,77,1,noche
0,1,0,tarde
0,0,0,tarde
0,5,0,tarde
0,-6,0,noche
0,27,1,noche
0,12,0,noche
0,26,1,noche
0,11,0,noche
0,1,0,noche
0,10,0,noche
0,9,0,noche
0,0,0,noche
0,-7,0,noche
0,27,1,noche
0,-2,0,noche
0,20,1,noche
0,5,0,noche
0,23,1,noche
0,16,1,noche
0,11,0,noche
0,4,0,noche
0,20,1,noche
0,9,0,noche
0,7,0,noche
0,33,1,noche
0,32,1,noche
0,-4,0,noche
0,-3,0,noche
0,8,0,noche
0,-4,0,mañana
0,4,0,mañana
0,9,0,mañana
0,4,0,mañana
0,18,1,mañana
0,-3,0,mañana
0,49,1,mañana
0,3,0,mañana
0,-4,0,mañana
0,-1,0,mañana
0,0,0,mañana
0,14,0,tarde
0,17,1,mañana
0,15,0,tarde
0,0,0,mañana
0,-5,0,mañana
0,5,0,tarde
0,-6,0,mañana
0,8,0,mañana
0,10,0,tarde
0,12,0,mañana
0,1,0,mañana
0,13,0,noche
0,-5,0,noche
0,0,0,noche
0,8,0,noche
0,-3,0,noche
0,15,0,noche
0,9,0,noche
0,3,0,noche
0,11,0,noche
0,0,0,noche
0,22,1,noche
0,22,1,noche
0,-4,0,noche
0,4,0,noche
0,10,0,tarde
0,10,0,mañana
0,1,0,tarde
0,7,0,mañana
0,3,0,mañana
0,0,0,tarde
0,-3,0,tarde
0,24,1,tarde
0,21,1,mañana
0,12,0,tarde
0,3,0,mañana
0,2,0,mañana
0,15,0,mañana
0,0,0,tarde
0,3,0,mañana
0,12,0,tarde
0,5,0,mañana
0,0,0,mañana
0,6,0,tarde
0,-1,0,tarde
0,21,1,tarde
0,2,0,tarde
0,20,1,tarde
0,1,0,mañana
0,12,0,mañana
0,-1,0,tarde
0,6,0,tarde
0,-10,0,tarde
0,111,1,mañana
0,-4,0,mañana
0,-5,0,mañana
0,2,0,mañana
0,5,0,mañana
0,1,0,mañana
0,0,0,mañana
0,2,0,mañana
0,-4,0,mañana
0,26,1,mañana
0,-2,0,mañana
0,-7,0,mañana
0,-1,0,mañana
0,9,0,mañana
0,2,0,mañana
0,3,0,mañana
0,0,0,tarde
0,22,1,tarde
0,4,0,tarde
0,25,1,noche
0,19,1,noche
0,3,0,tarde
0,-1,0,tarde
0,4,0,tarde
0,-1,0,noche
0,13,0,noche
0,-1,0,tarde
0,4,0,tarde
0,4,0,tarde
0,13,0,tarde
0,-4,0,tarde
0,5,0,noche
0,0,0,noche
0,39,1,tarde
0,-1,0,tarde
0,19,1,noche
0,4,0,noche
0,-2,0,noche
0,6,0,tarde
0,63,1,tarde
0,-1,0,tarde
0,-3,0,tarde
0,4,0,tarde
0,6,0,tarde
0,7,0,tarde
0,0,0,tarde
0,0,0,tarde
0,4,0,tarde
0,20,1,tarde
0,6,0,tarde
0,6,0,tarde
0,-1,0,tarde
0,5,0,tarde
0,9,0,tarde
0,6,0,tarde
0,16,1,tarde
0,0,0,tarde
0,-1,0,tarde
0,7,0,tarde
0,30,1,tarde
0,3,0,tarde
0,-1,0,tarde
0,4,0,tarde
0,0,0,tarde
0,1,0,tarde
0,3,0,tarde
0,-2,0,tarde
0,0,0,tarde
0,7,0,tarde
0,2,0,tarde
0,21,1,tarde
0,12,0,tarde
0,-1,0,tarde
0,10,0,tarde
0,1,0,tarde
0,-1,0,tarde
0,-1,0,noche
0,4,0,tarde
0,3,0,tarde
0,-1,0,noche
0,0,0,noche
0,-1,0,noche
0,69,1,noche
0,6,0,noche
0,6,0,noche
0,5,0,noche
0,-3,0,noche
0,7,0,tarde
0,3,0,tarde
0,4,0,noche
0,5,0,noche
0,5,0,noche
0,3,0,tarde
0,-2,0,tarde
0,0,0,noche
0,0,0,noche
0,-3,0,noche
0,9,0,noche
0,1,0,noche
0,-2,0,noche
0,20,1,noche
0,36,1,noche
0,2,0,noche
0,28,1,noche
0,10,0,noche
0,6,0,noche
0,-2,0,noche
0,-4,0,noche
0,-2,0,noche
0,1,0,noche
0,4,0,noche
0,31,1,noche
0,2,0,noche
0,8,0,noche
0,43,1,noche
0,41,1,noche
0,-5,0,noche
0,1,0,noche
0,2,0,noche
0,19,1,noche
0,46,1,noche
0,0,0,noche
0,-3,0,noche
0,9,0,noche
0,-6,0,noche
0,0,0,noche
0,9,0,noche
0,8,0,noche
0,1,0,noche
0,7,0,noche
0,-4,0,noche
0,13,0,noche
0,8,0,noche
0,45,1,noche
0,-1,0,noche
0,9,0,noche
0,13,0,noche
0,1,0,noche
0,5,0,noche
0,74,1,noche
0,0,0,noche
0,-2,0,noche
0,16,1,noche
0,0,0,noche
0,0,0,mañana
0,-1,0,mañana
0,18,1,noche
0,0,0,noche
0,0,0,noche
0,1,0,mañana
0,0,0,mañana
0,1,0,mañana
0,12,0,noche
0,3,0,noche
0,4,0,noche
0,14,0,mañana
0,5,0,noche
0,-3,0,noche
0,1,0,noche
0,3,0,mañana
0,1,0,mañana
0,4,0,noche
0,-2,0,noche
0,7,0,noche
0,1,0,mañana
0,1,0,mañana
0,-4,0,mañana
0,-1,0,mañana
0,4,0,mañana
0,4,0,mañana
0,0,0,mañana
0,0,0,mañana
0,1,0,mañana
0,-1,0,mañana
0,10,0,mañana
0,-2,0,mañana
0,2,0,mañana
0,0,0,noche
0,0,0,mañana
0,-4,0,mañana
0,-2,0,mañana
0,1,0,mañana
0,0,0,mañana
0,-1,0,mañana
0,0,0,mañana
0,9,0,noche
0,9,0,noche
0,2,0,noche
0,6,0,tarde
0,29,1,noche
0,0,0,tarde
0,16,1,noche
0,4,0,noche
0,24,1,noche
0,14,0,tarde
0,0,0,noche
0,5,0,tarde
0,1,0,noche
0,34,1,noche
0,8,0,noche
0,3,0,noche
0,6,0,tarde
0,4,0,tarde
0,4,0,noche
0,3,0,noche
0,37,1,noche
0,11,0,noche
0,6,0,tarde
0,12,0,noche
0,3,0,tarde
0,4,0,noche
0,19,1,noche
0,32,1,noche
0,8,0,noche
0,-2,0,noche
0,5,0,noche
0,7,0,noche
0,8,0,noche
0,5,0,noche
0,1,0,noche
0,26,1,noche
0,30,1,noche
0,9,0,mañana
0,6,0,mañana
0,13,0,mañana
0,19,1,mañana
0,21,1,mañana
0,1,0,mañana
0,0,0,mañana
0,39,1,mañana
0,-3,0,mañana
0,-2,0,mañana
0,17,1,mañana
0,2,0,mañana
0,1,0,mañana
0,-3,0,mañana
0,26,1,mañana
0,1,0,mañana
0,52,1,mañana
0,16,1,mañana
0,8,0,mañana
0,6,0,mañana
0,6,0,mañana
0,5,0,mañana
0,0,0,mañana
0,11,0,mañana
0,90,1,mañana
0,0,0,mañana
0,-1,0,tarde
0,13,0,mañana
0,33,1,mañana
0,23,1,tarde
0,27,1,tarde
0,12,0,tarde
0,-3,0,tarde
0,3,0,tarde
0,17,1,tarde
0,16,1,tarde
0,11,0,tarde
0,11,0,tarde
0,23,1,tarde
0,50,1,tarde
0,4,0,tarde
0,43,1,tarde
0,8,0,tarde
0,0,0,tarde
0,15,0,tarde
0,19,1,tarde
0,11,0,tarde
0,7,0,tarde
0,20,1,tarde
0,57,1,tarde
0,11,0,tarde
0,21,1,tarde
0,0,0,tarde
0,-2,0,tarde
0,6,0,tarde
0,9,0,tarde
0,8,0,tarde
0,5,0,mañana
0,-5,0,mañana
0,2,0,mañana
0,9,0,mañana
0,67,1,mañana
0,6,0,mañana
0,-3,0,mañana
0,4,0,mañana
0,1,0,mañana
0,4,0,mañana
0,5,0,mañana
0,3,0,mañana
0,-1,0,mañana
0,0,0,mañana
0,-1,0,mañana
0,3,0,mañana
0,-1,0,mañana
0,4,0,mañana
0,8,0,mañana
0,13,0,mañana
0,0,0,mañana
0,0,0,mañana
0,4,0,mañana
0,18,1,mañana
0,13,0,mañana
0,10,0,mañana
0,4,0,mañana
0,2,0,mañana
0,12,0,mañana
0,-2,0,mañana
0,13,0,mañana
0,11,0,mañana
0,13,0,mañana
0,3,0,mañana
0,7,0,mañana
0,-3,0,tarde
0,9,0,tarde
0,36,1,tarde
0,5,0,tarde
0,2,0,tarde
0,-1,0,tarde
0,10,0,tarde
0,14,0,tarde
0,28,1,tarde
0,11,0,tarde
0,27,1,tarde
0,-3,0,tarde
0,5,0,tarde
0,11,0,tarde
0,0,0,tarde
0,10,0,tarde
0,5,0,tarde
0,3,0,tarde
0,16,1,tarde
0,13,0,tarde
0,2,0,tarde
0,4,0,tarde
0,2,0,tarde
0,6,0,tarde
0,0,0,tarde
0,156,1,tarde
0,19,1,tarde
0,2,0,tarde
0,14,0,tarde
0,11,0,tarde
0,-2,0,mañana
0,-4,0,mañana
0,17,1,mañana
0,70,1,mañana
0,-1,0,mañana
0,50,1,mañana
0,0,0,mañana
0,14,0,mañana
0,32,1,mañana
0,17,1,mañana
0,4,0,mañana
0,16,1,mañana
0,62,1,mañana
0,2,0,mañana
0,7,0,mañana
0,23,1,mañana
0,9,0,mañana
0,-1,0,mañana
0,14,0,mañana
0,16,1,mañana
0,-1,0,mañana
0,10,0,mañana
0,41,1,mañana
0,8,0,mañana
0,-3,0,mañana
0,9,0,mañana
0,21,1,mañana
0,57,1,mañana
0,2,0,mañana
0,12,0,mañana
0,5,0,mañana
0,-1,0,mañana
0,5,0,mañana
0,20,1,mañana
0,7,0,mañana
0,14,0,mañana
0,9,0,mañana
0,10,0,mañana
0,2,0,mañana
0,2,0,mañana
0,5,0,mañana
0,11,0,mañana
0,22,1,mañana
0,1,0,mañana
0,0,0,mañana
0,-1,0,mañana
0,5,0,mañana
0,5,0,mañana
0,39,1,mañana
0,12,0,mañana
0,6,0,mañana
0,9,0,mañana
0,1,0,mañana
0,10,0,mañana
0,46,1,mañana
0,89,1,mañana
0,20,1,mañana
0,17,1,mañana
0,24,1,mañana
0,2,0,mañana
0,-2,0,tarde
0,12,0,tarde
0,20,1,tarde
0,-1,0,tarde
0,-12,0,tarde
0,-1,0,tarde
0,-2,0,tarde
0,7,0,tarde
0,6,0,tarde
0,11,0,tarde
0,18,1,tarde
0,-1,0,tarde
0,5,0,tarde
0,9,0,tarde
0,14,0,tarde
0,9,0,tarde
0,2,0,tarde
0,7,0,tarde
0,3,0,tarde
0,16,1,tarde
0,-4,0,tarde
0,3,0,tarde
0,1,0,tarde
0,-1,0,tarde
0,-2,0,tarde
0,10,0,tarde
0,0,0,tarde
0,-1,0,tarde
0,14,0,tarde
0,3,0,tarde
0,-6,0,tarde
0,-3,0,tarde
0,3,0,tarde
0,72,1,tarde
0,6,0,tarde
0,2,0,tarde
0,7,0,tarde
0,5,0,tarde
0,-2,0,tarde
0,-1,0,tarde
0,3,0,tarde
0,-2,0,tarde
0,2,0,tarde
0,7,0,tarde
0,4,0,tarde
0,4,0,tarde
0,16,1,tarde
0,7,0,tarde
0,13,0,tarde
0,41,1,tarde
0,0,0,tarde
0,2,0,tarde
0,-4,0,tarde
0,11,0,tarde
0,4,0,tarde
0,-3,0,tarde
0,-5,0,tarde
0,2,0,tarde
0,6,0,tarde
0,112,1,tarde
0,-3,0,mañana
0,-3,0,mañana
0,11,0,mañana
0,2,0,mañana
0,-2,0,mañana
0,8,0,mañana
0,9,0,mañana
0,17,1,mañana
0,9,0,mañana
0,0,0,mañana
0,-2,0,mañana
0,9,0,mañana
0,-4,0,mañana
0,21,1,mañana
0,-4,0,mañana
0,3,0,mañana
0,10,0,mañana
0,5,0,mañana
0,15,0,mañana
0,0,0,mañana
0,-5,0,mañana
0,6,0,mañana
0,3,0,mañana
0,9,0,mañana
0,8,0,mañana
0,15,0,mañana
0,35,1,mañana
0,3,0,mañana
0,13,0,mañana
0,-1,0,mañana
0,76,1,mañana
0,7,0,mañana
0,7,0,mañana
0,3,0,mañana
0,2,0,mañana
0,100,1,mañana
0,10,0,mañana
0,2,0,mañana
0,2,0,mañana
0,6,0,mañana
0,17,1,mañana
0,-3,0,mañana
0,0,0,mañana
0,9,0,mañana
0,-2,0,mañana
0,1,0,mañana
0,35,1,mañana
0,8,0,mañana
0,16,1,mañana
0,7,0,mañana
0,4,0,mañana
0,3,0,mañana
0,6,0,mañana
0,25,1,mañana
0,28,1,mañana
0,8,0,mañana
0,9,0,mañana
0,49,1,mañana
0,1,0,tarde
0,8,0,tarde
0,23,1,tarde
0,2,0,tarde
0,12,0,tarde
0,9,0,tarde
0,12,0,tarde
0,3,0,tarde
0,6,0,tarde
0,81,1,tarde
0,8,0,tarde
0,10,0,tarde
0,38,1,tarde
0,7,0,tarde
0,18,1,tarde
0,8,0,tarde
0,17,1,tarde
0,14,0,tarde
0,7,0,tarde
0,18,1,tarde
0,1,0,tarde
0,4,0,tarde
0,12,0,tarde
0,22,1,tarde
0,25,1,tarde
0,21,1,tarde
0,15,0,tarde
0,16,1,tarde
0,9,0,tarde
0,27,1,tarde
0,23,1,noche
0,-3,0,noche
0,-11,0,noche
0,-9,0,noche
0,-5,0,noche
0,11,0,noche
0,9,0,noche
0,0,0,noche
0,-5,0,noche
0,1,0,noche
0,2,0,noche
0,0,0,noche
0,15,0,noche
0,0,0,noche
0,0,0,noche
0,12,0,noche
0,1,0,noche
0,22,1,noche
0,1,0,noche
0,9,0,noche
0,11,0,noche
0,13,0,noche
0,0,0,noche
0,8,0,noche
0,9,0,noche
0,18,1,noche
0,7,0,noche
0,55,1,noche
0,43,1,noche
0,-3,0,noche
0,3,0,tarde
0,2,0,tarde
0,0,0,tarde
0,-5,0,tarde
0,14,0,tarde
0,94,1,tarde
0,7,0,tarde
0,2,0,tarde
0,5,0,tarde
0,1,0,tarde
0,9,0,tarde
0,12,0,tarde
0,4,0,tarde
0,9,0,tarde
0,10,0,tarde
0,9,0,tarde
0,4,0,tarde
0,3,0,tarde
0,-3,0,tarde
0,14,0,tarde
0,13,0,tarde
0,0,0,tarde
0,7,0,tarde
0,17,1,tarde
0,5,0,tarde
0,-3,0,mañana
0,1,0,mañana
0,4,0,mañana
0,49,1,mañana
0,4,0,mañana
0,0,0,mañana
0,12,0,mañana
0,7,0,mañana
0,13,0,mañana
0,0,0,mañana
0,2,0,mañana
0,11,0,mañana
0,15,0,mañana
0,2,0,mañana
0,3,0,mañana
0,10,0,mañana
0,20,1,mañana
0,5,0,mañana
0,50,1,mañana
0,11,0,mañana
0,8,0,mañana
0,5,0,mañana
0,4,0,mañana
0,3,0,mañana
0,1,0,mañana
0,12,0,mañana
0,12,0,mañana
0,13,0,mañana
0,31,1,mañana
0,1,0,mañana
0,-4,0,noche
0,-5,0,noche
0,5,0,noche
0,1,0,noche
0,0,0,noche
0,22,1,noche
0,-3,0,noche
0,42,1,noche
0,5,0,noche
0,31,1,noche
0,3,0,noche
0,19,1,noche
0,4,0,noche
0,10,0,noche
0,27,1,noche
0,100,1,noche
0,32,1,noche
0,30,1,noche
0,21,1,noche
0,13,0,noche
0,8,0,noche
0,34,1,noche
0,6,0,noche
0,10,0,noche
0,19,1,noche
0,6,0,noche
0,13,0,noche
0,6,0,noche
0,-2,0,noche
0,-5,0,noche
0,5,0,noche
0,3,0,noche
0,-2,0,noche
0,-5,0,noche
0,22,1,noche
0,118,1,noche
0,1,0,noche
0,0,0,noche
0,-1,0,noche
0,-2,0,noche
0,7,0,noche
0,-2,0,noche
0,29,1,noche
0,13,0,noche
0,5,0,noche
0,5,0,noche
0,8,0,noche
0,2,0,noche
0,-5,0,noche
0,8,0,noche
0,1,0,mañana
0,3,0,noche
0,0,0,noche
0,4,0,noche
0,1,0,noche
0,14,0,noche
0,-5,0,noche
0,-6,0,noche
0,27,1,noche
0,8,0,noche
0,28,1,noche
0,-5,0,noche
0,-3,0,noche
0,-1,0,noche
0,9,0,noche
0,8,0,noche
0,12,0,noche
0,5,0,noche
0,-2,0,noche
0,3,0,noche
0,4,0,noche
0,-3,0,noche
0,-6,0,noche
0,-1,0,noche
0,21,1,noche
0,-5,0,noche
0,13,0,noche
0,2,0,noche
0,1,0,noche
0,16,1,noche
0,10,0,noche
0,7,0,noche
0,3,0,noche
0,4,0,noche
0,1,0,noche
0,32,1,noche
0,1,0,noche
0,-3,0,noche
0,7,0,noche
0,6,0,noche
0,4,0,noche
0,1,0,noche
0,-5,0,noche
0,23,1,noche
0,6,0,noche
0,3,0,noche
0,1,0,noche
0,4,0,noche
0,18,1,noche
0,16,1,noche
0,4,0,noche
0,3,0,noche
0,30,1,noche
0,9,0,noche
0,22,1,noche
0,6,0,noche
0,-4,0,noche
0,11,0,noche
0,10,0,noche
0,26,1,noche
0,-1,0,mañana
0,6,0,mañana
0,-3,0,mañana
0,-2,0,mañana
0,52,1,mañana
0,-3,0,mañana
0,4,0,mañana
0,-5,0,mañana
0,11,0,mañana
0,6,0,mañana
0,4,0,mañana
0,31,1,tarde
0,10,0,noche
0,1,0,noche
0,0,0,noche
0,1,0,noche
0,-5,0,noche
0,-6,0,noche
0,0,0,noche
0,-6,0,noche
0,3,0,noche
0,0,0,noche
0,-1,0,noche
0,7,0,noche
0,1,0,noche
0,53,1,noche
0,3,0,noche
0,16,1,noche
0,7,0,noche
0,1,0,noche
0,2,0,noche
0,1,0,noche
0,-3,0,noche
0,10,0,noche
0,2,0,noche
0,30,1,noche
0,3,0,noche
0,2,0,noche
0,0,0,noche
0,3,0,noche
0,-7,0,noche
0,-2,0,noche
0,7,0,mañana
0,-2,0,mañana
0,8,0,mañana
0,3,0,mañana
0,0,0,mañana
0,60,1,mañana
0,7,0,mañana
0,3,0,mañana
0,8,0,mañana
0,8,0,tarde
0,16,1,tarde
0,7,0,tarde
0,0,0,tarde
0,8,0,tarde
0,-1,0,tarde
0,10,0,tarde
0,3,0,tarde
0,-1,0,tarde
0,-3,0,tarde
0,49,1,tarde
0,19,1,tarde
0,7,0,tarde
0,6,0,tarde
0,4,0,tarde
0,-2,0,tarde
0,4,0,tarde
0,0,0,tarde
0,3,0,tarde
0,29,1,tarde
0,8,0,tarde
0,0,0,mañana
0,1,0,mañana
0,-4,0,mañana
0,7,0,mañana
0,3,0,mañana
0,2,0,mañana
0,1,0,mañana
0,0,0,mañana
0,1,0,mañana
0,-6,0,mañana
0,-2,0,mañana
0,5,0,mañana
0,0,0,mañana
0,0,0,mañana
0,-5,0,mañana
0,9,0,mañana
0,-6,0,mañana
0,21,1,mañana
0,16,1,mañana
0,-2,0,mañana
0,8,0,mañana
0,-2,0,mañana
0,14,0,mañana
0,-2,0,mañana
0,28,1,mañana
0,1,0,mañana
0,6,0,mañana
0,-6,0,mañana
0,4,0,mañana
0,19,1,noche
0,9,0,noche
0,8,0,noche
0,3,0,noche
0,6,0,noche
0,6,0,noche
0,4,0,noche
0,12,0,noche
0,10,0,noche
0,3,0,noche
0,11,0,noche
0,9,0,noche
0,13,0,noche
0,5,0,noche
0,59,1,noche
0,-6,0,noche
0,12,0,noche
0,5,0,noche
0,11,0,noche
0,12,0,noche
0,14,0,noche
0,22,1,noche
0,23,1,noche
0,13,0,noche
0,6,0,noche
0,17,1,noche
0,20,1,noche
0,57,1,noche
0,5,0,noche
0,3,0,noche
0,2,0,noche
0,5,0,noche
0,7,0,noche
0,-4,0,tarde
0,8,0,tarde
0,6,0,tarde
0,9,0,tarde
0,14,0,tarde
0,-3,0,tarde
0,3,0,tarde
0,1,0,tarde
0,22,1,tarde
0,14,0,tarde
0,51,1,tarde
0,-1,0,tarde
0,19,1,tarde
0,-1,0,tarde
0,5,0,tarde
0,7,0,tarde
0,14,0,tarde
0,-2,0,tarde
0,9,0,tarde
0,-3,0,tarde
0,7,0,tarde
0,21,1,tarde
0,86,1,tarde
0,6,0,tarde
0,13,0,tarde
0,-2,0,noche
0,46,1,noche
0,66,1,noche
0,11,0,noche
0,8,0,noche
0,1,0,noche
0,8,0,noche
0,3,0,noche
0,8,0,noche
0,5,0,noche
0,1,0,noche
0,7,0,noche
0,24,1,noche
0,6,0,noche
0,2,0,noche
0,3,0,noche
0,2,0,noche
0,0,0,noche
0,20,1,noche
0,7,0,noche
0,5,0,noche
0,0,0,noche
0,19,1,noche
0,51,1,noche
0,3,0,noche
0,22,1,noche
0,-5,0,noche
0,20,1,noche
0,7,0,noche
0,24,1,noche
0,4,0,tarde
0,8,0,tarde
0,10,0,tarde
0,14,0,tarde
0,0,0,tarde
0,9,0,tarde
0,13,0,tarde
0,15,0,tarde
0,10,0,tarde
0,28,1,tarde
0,13,0,tarde
0,19,1,tarde
0,16,1,tarde
0,4,0,tarde
0,60,1,tarde
0,11,0,tarde
0,46,1,tarde
0,14,0,tarde
0,17,1,tarde
0,37,1,tarde
0,9,0,tarde
0,10,0,tarde
0,18,1,tarde
0,5,0,tarde
0,9,0,tarde
0,21,1,tarde
0,11,0,tarde
0,6,0,tarde
0,4,0,tarde
0,34,1,tarde
0,-1,0,tarde
0,23,1,tarde
0,19,1,tarde
0,11,0,tarde
0,12,0,tarde
0,6,0,tarde
0,0,0,tarde
0,4,0,tarde
0,13,0,tarde
0,7,0,tarde
0,12,0,tarde
0,16,1,tarde
0,15,0,tarde
0,44,1,tarde
0,19,1,tarde
0,34,1,tarde
0,-1,0,tarde
0,5,0,tarde
0,1,0,tarde
0,31,1,tarde
0,8,0,tarde
0,9,0,tarde
0,22,1,tarde
0,2,0,tarde
0,7,0,tarde
0,37,1,tarde
0,-2,0,tarde
0,5,0,tarde
0,17,1,tarde
0,2,0,noche
0,27,1,noche
0,2,0,noche
0,26,1,noche
0,6,0,noche
0,16,1,noche
0,1,0,noche
0,4,0,noche
0,24,1,noche
0,2,0,noche
0,6,0,noche
0,14,0,noche
0,21,1,noche
0,1,0,noche
0,26,1,noche
0,3,0,noche
0,-8,0,noche
0,-4,0,noche
0,5,0,noche
0,1,0,noche
0,2,0,noche
0,8,0,noche
0,10,0,noche
0,7,0,noche
0,1,0,noche
0,1,0,noche
0,3,0,noche
0,-2,0,noche
0,12,0,noche
0,-5,0,noche
0,28,1,tarde
0,2,0,tarde
0,2,0,tarde
0,48,1,tarde
0,0,0,tarde
0,118,1,tarde
0,6,0,tarde
0,0,0,tarde
0,18,1,tarde
0,-2,0,mañana
0,-6,0,mañana
0,-6,0,mañana
0,10,0,mañana
0,153,1,mañana
0,6,0,mañana
0,-2,0,mañana
0,10,0,mañana
0,-2,0,mañana
0,0,0,mañana
0,11,0,mañana
0,2,0,mañana
0,4,0,mañana
0,2,0,mañana
0,1,0,mañana
0,-3,0,mañana
0,-7,0,mañana
0,5,0,mañana
0,-1,0,mañana
0,16,1,mañana
0,-5,0,mañana
0,-1,0,mañana
0,34,1,mañana
0,-1,0,mañana
0,10,0,mañana
0,3,0,mañana
0,16,1,mañana
0,-2,0,mañana
0,2,0,mañana
0,-6,0,mañana
0,8,0,tarde
0,13,0,tarde
0,31,1,tarde
0,13,0,tarde
0,3,0,tarde
0,9,0,tarde
0,1,0,tarde
0,29,1,tarde
0,0,0,tarde
0,25,1,tarde
0,3,0,tarde
0,2,0,tarde
0,16,1,tarde
0,5,0,tarde
0,150,1,tarde
0,1,0,tarde
0,6,0,tarde
0,1,0,tarde
0,5,0,tarde
0,5,0,tarde
0,5,0,tarde
0,28,1,tarde
0,10,0,tarde
0,16,1,tarde
0,17,1,tarde
0,19,1,tarde
0,15,0,tarde
0,11,0,tarde
0,18,1,tarde
0,15,0,tarde
0,-3,0,noche
0,-1,0,noche
0,4,0,noche
0,11,0,noche
0,2,0,noche
0,3,0,noche
0,6,0,noche
0,4,0,noche
0,6,0,noche
0,9,0,noche
0,49,1,noche
0,10,0,noche
0,6,0,noche
0,1,0,noche
0,2,0,noche
0,88,1,noche
0,14,0,noche
0,21,1,noche
0,24,1,noche
0,21,1,noche
0,35,1,noche
0,0,0,noche
0,1,0,noche
0,46,1,noche
0,16,1,noche
0,52,1,noche
0,12,0,noche
0,18,1,noche
0,4,0,noche
0,17,1,noche
0,17,1,tarde
0,34,1,tarde
0,12,0,tarde
0,5,0,tarde
0,30,1,tarde
0,9,0,tarde
0,21,1,tarde
0,5,0,tarde
0,22,1,tarde
0,15,0,tarde
0,40,1,tarde
0,17,1,tarde
0,26,1,tarde
0,11,0,tarde
0,6,0,tarde
0,4,0,tarde
0,4,0,tarde
0,-2,0,mañana
0,7,0,mañana
0,7,0,mañana
0,11,0,mañana
0,8,0,mañana
0,-6,0,mañana
0,-1,0,mañana
0,6,0,mañana
0,14,0,mañana
0,3,0,mañana
0,3,0,mañana
0,5,0,mañana
0,-1,0,mañana
0,-1,0,mañana
0,-2,0,mañana
0,7,0,mañana
0,45,1,mañana
0,11,0,mañana
0,0,0,mañana
0,1,0,mañana
0,5,0,mañana
0,34,1,mañana
0,0,0,mañana
0,16,1,mañana
0,5,0,mañana
0,2,0,mañana
0,4,0,mañana
0,-1,0,mañana
0,14,0,mañana
0,2,0,mañana
0,5,0,mañana
0,14,0,mañana
0,6,0,mañana
0,0,0,mañana
0,30,1,mañana
0,5,0,mañana
0,-1,0,mañana
0,3,0,mañana
0,5,0,mañana
0,-3,0,mañana
0,0,0,noche
0,0,0,noche
0,6,0,noche
0,12,0,noche
0,22,1,noche
0,-1,0,noche
0,3,0,noche
0,-1,0,noche
0,11,0,noche
0,3,0,noche
0,161,1,noche
0,10,0,noche
0,4,0,noche
0,36,1,tarde
0,13,0,tarde
0,16,1,tarde
0,5,0,tarde
0,-3,0,mañana
0,2,0,tarde
0,6,0,mañana
0,20,1,tarde
0,7,0,mañana
0,-1,0,tarde
0,1,0,mañana
0,18,1,tarde
0,8,0,noche
0,0,0,noche
0,24,1,noche
0,2,0,noche
0,-2,0,noche
0,-2,0,noche
0,15,0,noche
0,14,0,noche
0,-2,0,noche
0,6,0,noche
0,5,0,noche
0,-2,0,noche
0,0,0,noche
0,3,0,noche
0,6,0,noche
0,-3,0,noche
0,-2,0,noche
0,6,0,mañana
0,9,0,mañana
0,36,1,mañana
0,11,0,mañana
0,25,1,mañana
0,-2,0,noche
0,5,0,noche
0,40,1,noche
0,59,1,noche
0,8,0,noche
0,-1,0,tarde
0,1,0,tarde
0,3,0,tarde
0,0,0,tarde
0,18,1,tarde
0,37,1,tarde
0,14,0,tarde
0,3,0,tarde
0,19,1,tarde
0,5,0,tarde
0,-3,0,tarde
0,2,0,tarde
0,3,0,tarde
0,-4,0,tarde
0,1,0,tarde
0,-3,0,tarde
0,16,1,tarde
0,-2,0,tarde
0,1,0,mañana
0,2,0,tarde
0,-5,0,mañana
0,1,0,mañana
0,-1,0,mañana
0,0,0,mañana
0,56,1,mañana
0,-1,0,noche
0,4,0,mañana
0,29,1,tarde
0,29,1,tarde
0,40,1,tarde
0,4,0,tarde
0,27,1,tarde
0,19,1,tarde
0,-5,0,tarde
0,12,0,tarde
0,26,1,tarde
0,11,0,tarde
0,-1,0,tarde
0,8,0,tarde
0,1,0,tarde
0,-5,0,tarde
0,0,0,tarde
0,-1,0,tarde
0,-1,0,mañana
0,-2,0,mañana
0,3,0,mañana
0,-1,0,mañana
0,0,0,mañana
0,22,1,mañana
0,0,0,mañana
0,-2,0,mañana
0,1,0,mañana
0,2,0,mañana
0,2,0,mañana
0,7,0,mañana
0,-5,0,mañana
0,-4,0,mañana
0,3,0,mañana
0,15,0,mañana
0,38,1,tarde
0,-6,0,noche
0,1,0,noche
0,5,0,noche
0,32,1,noche
0,2,0,noche
0,9,0,mañana
0,21,1,tarde
0,6,0,tarde
0,-5,0,noche
0,2,0,noche
0,6,0,noche
0,17,1,noche
0,16,1,tarde
0,1,0,tarde
0,4,0,tarde
0,6,0,tarde
0,12,0,tarde
0,-3,0,tarde
0,3,0,tarde
0,-2,0,tarde
0,-4,0,tarde
0,-5,0,tarde
0,-1,0,tarde
0,12,0,mañana
0,3,0,tarde
0,-4,0,mañana
0,7,0,tarde
0,7,0,mañana
0,13,0,tarde
0,3,0,mañana
0,6,0,tarde
0,-1,0,mañana
0,10,0,mañana
0,-1,0,mañana
0,42,1,mañana
0,2,0,tarde
0,12,0,mañana
0,-1,0,tarde
0,0,0,mañana
0,13,0,mañana
0,9,0,tarde
0,0,0,mañana
0,-7,0,mañana
0,4,0,mañana
0,8,0,mañana
0,8,0,mañana
0,8,0,tarde
0,50,1,mañana
0,10,0,mañana
0,4,0,mañana
0,8,0,mañana
0,37,1,mañana
0,32,1,mañana
0,22,1,mañana
0,19,1,noche
0,1,0,noche
0,-2,0,noche
0,7,0,noche
0,27,1,noche
0,-3,0,noche
0,10,0,noche
0,7,0,noche
0,-1,0,noche
0,25,1,noche
0,20,1,noche
0,7,0,noche
0,15,0,noche
0,37,1,noche
0,15,0,noche
0,10,0,noche
0,-1,0,noche
0,4,0,noche
0,13,0,noche
0,-3,0,noche
0,43,1,noche
0,58,1,noche
0,19,1,noche
0,33,1,noche
0,13,0,noche
0,2,0,noche
0,-1,0,noche
0,12,0,noche
0,-4,0,mañana
0,3,0,mañana
0,6,0,mañana
0,19,1,mañana
0,62,1,mañana
0,35,1,mañana
0,19,1,mañana
0,3,0,mañana
0,2,0,mañana
0,11,0,mañana
0,22,1,mañana
0,10,0,mañana
0,32,1,mañana
0,25,1,mañana
0,60,1,mañana
0,106,1,mañana
0,43,1,mañana
0,28,1,mañana
0,17,1,mañana
0,12,0,mañana
0,20,1,mañana
0,23,1,mañana
0,24,1,mañana
0,106,1,mañana
0,7,0,mañana
0,-9,0,mañana
0,-3,0,mañana
0,-9,0,mañana
0,0,0,mañana
0,14,0,mañana
0,23,1,mañana
0,63,1,mañana
0,29,1,mañana
0,1,0,mañana
0,8,0,mañana
0,-5,0,mañana
0,1,0,mañana
0,-2,0,mañana
0,12,0,mañana
0,6,0,mañana
0,0,0,noche
0,-1,0,noche
0,7,0,noche
0,5,0,noche
0,19,1,noche
0,-1,0,noche
0,-1,0,noche
0,10,0,noche
0,19,1,noche
0,6,0,noche
0,0,0,noche
0,3,0,noche
0,11,0,noche
0,3,0,noche
0,61,1,noche
0,5,0,noche
0,14,0,noche
0,4,0,noche
0,8,0,noche
0,4,0,noche
0,2,0,noche
0,2,0,noche
0,2,0,noche
0,27,1,noche
0,-1,0,noche
0,1,0,noche
0,3,0,noche
0,51,1,noche
0,0,0,noche
0,21,1,noche
0,2,0,noche
0,-6,0,noche
0,-1,0,noche
0,-2,0,noche
0,1,0,noche
0,6,0,noche
0,0,0,noche
0,-5,0,noche
0,15,0,noche
0,-2,0,noche
0,18,1,noche
0,4,0,noche
0,5,0,noche
0,-2,0,noche
0,20,1,noche
0,6,0,noche
0,11,0,noche
0,-2,0,noche
0,4,0,noche
0,4,0,noche
0,3,0,noche
0,9,0,noche
0,14,0,noche
0,5,0,noche
0,1,0,noche
0,12,0,noche
0,2,0,noche
0,5,0,noche
0,2,0,noche
0,-1,0,mañana
0,28,1,mañana
0,26,1,mañana
0,2,0,mañana
0,0,0,mañana
0,13,0,mañana
0,17,1,mañana
0,63,1,mañana
0,3,0,mañana
0,3,0,mañana
0,13,0,mañana
0,47,1,mañana
0,7,0,mañana
0,2,0,mañana
0,5,0,mañana
0,19,1,mañana
0,12,0,mañana
0,141,1,mañana
0,1,0,mañana
0,14,0,mañana
0,13,0,mañana
0,14,0,mañana
0,11,0,mañana
0,33,1,mañana
0,1,0,mañana
0,-9,0,noche
0,-6,0,noche
0,8,0,noche
0,8,0,noche
0,29,1,noche
0,-1,0,tarde
0,105,1,noche
0,13,0,noche
0,39,1,noche
0,11,0,noche
0,9,0,noche
0,106,1,noche
0,15,0,tarde
0,49,1,noche
0,25,1,noche
0,-2,0,noche
0,33,1,noche
0,-5,0,noche
0,15,0,noche
0,14,0,tarde
0,105,1,noche
0,17,1,noche
0,6,0,noche
0,5,0,noche
0,5,0,noche
0,1,0,tarde
0,11,0,noche
0,116,1,noche
0,1,0,noche
0,-6,0,mañana
0,6,0,mañana
0,1,0,mañana
0,0,0,mañana
0,-1,0,mañana
0,8,0,mañana
0,0,0,mañana
0,12,0,mañana
0,6,0,mañana
0,0,0,mañana
0,17,1,mañana
0,5,0,mañana
0,9,0,mañana
0,6,0,mañana
0,-5,0,mañana
0,3,0,mañana
0,-8,0,mañana
0,6,0,mañana
0,-9,0,mañana
0,8,0,mañana
0,2,0,mañana
0,-2,0,mañana
0,-7,0,mañana
0,10,0,mañana
0,11,0,mañana
0,112,1,tarde
0,22,1,tarde
0,16,1,tarde
0,-1,0,noche
0,-4,0,tarde
0,7,0,mañana
0,2,0,mañana
0,5,0,mañana
0,16,1,mañana
0,12,0,mañana
0,51,1,mañana
0,17,1,mañana
0,-5,0,mañana
0,35,1,mañana
0,62,1,mañana
0,8,0,mañana
0,49,1,mañana
0,8,0,mañana
0,34,1,tarde
0,2,0,tarde
0,17,1,tarde
0,61,1,tarde
0,65,1,tarde
0,62,1,tarde
0,13,0,tarde
0,3,0,tarde
0,-4,0,tarde
0,86,1,tarde
0,13,0,tarde
0,-7,0,tarde
0,7,0,tarde
0,-13,0,tarde
0,-4,0,tarde
0,-5,0,tarde
0,15,0,mañana
0,7,0,mañana
0,13,0,mañana
0,121,1,mañana
0,-1,0,mañana
0,4,0,mañana
0,11,0,mañana
0,16,1,mañana
0,93,1,mañana
0,-2,0,mañana
0,97,1,mañana
0,3,0,mañana
0,24,1,mañana
0,152,1,mañana
0,51,1,mañana
0,-3,0,mañana
0,53,1,mañana
0,11,0,mañana
0,144,1,mañana
0,21,1,mañana
0,10,0,mañana
0,34,1,mañana
0,0,0,tarde
0,4,0,tarde
0,14,0,tarde
0,-3,0,tarde
0,8,0,tarde
0,8,0,tarde
0,-1,0,tarde
0,7,0,tarde
0,7,0,tarde
0,4,0,tarde
0,0,0,tarde
0,88,1,tarde
0,58,1,tarde
0,3,0,tarde
0,18,1,tarde
0,0,0,tarde
0,4,0,tarde
0,6,0,tarde
0,40,1,tarde
0,51,1,tarde
0,7,0,tarde
0,-11,0,tarde
0,4,0,tarde
0,8,0,tarde
0,39,1,tarde
0,69,1,tarde
0,35,1,tarde
0,45,1,tarde
0,6,0,tarde
0,65,1,tarde
0,0,0,tarde
0,41,1,tarde
0,25,1,tarde
0,46,1,tarde
0,-6,0,tarde
0,5,0,tarde
0,15,0,tarde
0,25,1,tarde
0,44,1,tarde
0,3,0,tarde
0,-6,0,tarde
0,27,1,tarde
0,15,0,noche
0,-14,0,noche
0,4,0,noche
0,23,1,tarde
0,20,1,noche
0,6,0,noche
0,28,1,tarde
0,131,1,noche
0,45,1,tarde
0,117,1,noche
0,151,1,noche
0,140,1,noche
0,50,1,tarde
0,17,1,noche
0,77,1,noche
0,119,1,noche
0,11,0,noche
0,18,1,noche
0,107,1,noche
0,-10,0,noche
0,2,0,noche
0,2,0,noche
0,10,0,noche
0,-4,0,noche
0,32,1,noche
0,11,0,noche
0,28,1,noche
0,18,1,noche
0,35,1,noche
0,9,0,noche
0,86,1,noche
0,125,1,noche
0,22,1,noche
0,7,0,mañana
0,-7,0,mañana
0,-5,0,mañana
0,16,1,mañana
0,17,1,mañana
0,0,0,mañana
0,-4,0,mañana
0,-13,0,mañana
0,-13,0,mañana
0,13,0,mañana
0,-5,0,mañana
0,25,1,mañana
0,15,0,mañana
0,36,1,noche
0,24,1,noche
0,6,0,noche
0,11,0,noche
0,-1,0,noche
0,-1,0,noche
0,-8,0,noche
0,-11,0,noche
0,2,0,noche
0,-10,0,noche
0,57,1,noche
0,-11,0,noche
0,37,1,noche
0,2,0,noche
0,-1,0,noche
0,2,0,noche
0,23,1,noche
0,10,0,noche
0,7,0,noche
0,17,1,noche
0,107,1,noche
0,14,0,noche
0,-5,0,noche
0,3,0,noche
0,40,1,mañana
0,10,0,mañana
0,90,1,mañana
0,0,0,mañana
0,-4,0,mañana
0,1,0,mañana
0,-6,0,mañana
0,4,0,mañana
0,3,0,mañana
0,-2,0,mañana
0,-2,0,mañana
0,-7,0,mañana
0,-4,0,mañana
0,2,0,mañana
0,5,0,mañana
0,-9,0,mañana
0,0,0,mañana
0,-2,0,mañana
0,5,0,tarde
0,15,0,tarde
0,6,0,tarde
0,10,0,tarde
0,27,1,tarde
0,-4,0,tarde
0,21,1,tarde
0,-5,0,tarde
0,17,1,tarde
0,-2,0,tarde
0,76,1,tarde
0,10,0,tarde
0,2,0,tarde
0,-1,0,tarde
0,0,0,tarde
0,-3,0,tarde
0,10,0,tarde
0,2,0,tarde
0,21,1,tarde
0,-1,0,tarde
0,-5,0,tarde
0,-5,0,tarde
0,15,0,tarde
0,-2,0,tarde
0,22,1,tarde
0,1,0,tarde
0,11,0,mañana
0,-2,0,tarde
0,5,0,tarde
0,-4,0,mañana
0,31,1,tarde
0,10,0,tarde
0,-2,0,mañana
0,25,1,tarde
0,-3,0,mañana
0,8,0,mañana
0,-5,0,mañana
0,-6,0,mañana
0,-1,0,mañana
0,2,0,mañana
0,3,0,mañana
0,-1,0,mañana
0,-9,0,mañana
0,-7,0,mañana
0,2,0,mañana
0,19,1,mañana
0,11,0,mañana
0,3,0,mañana
0,1,0,mañana
0,1,0,mañana
0,8,0,mañana
0,8,0,mañana
0,18,1,mañana
0,1,0,mañana
0,-6,0,mañana
0,-3,0,mañana
0,-3,0,mañana
0,16,1,mañana
0,14,0,mañana
0,5,0,mañana
0,5,0,mañana
0,0,0,tarde
0,-6,0,tarde
0,-4,0,tarde
0,-1,0,tarde
0,22,1,noche
0,3,0,tarde
0,10,0,tarde
0,9,0,tarde
0,24,1,tarde
0,9,0,tarde
0,14,0,noche
0,11,0,tarde
0,-5,0,tarde
0,11,0,tarde
0,-2,0,tarde
0,1,0,noche
0,8,0,tarde
0,-6,0,tarde
0,5,0,tarde
0,6,0,tarde
0,17,1,tarde
0,140,1,noche
0,0,0,tarde
0,-1,0,tarde
0,17,1,tarde
0,-2,0,mañana
0,-6,0,mañana
0,-5,0,mañana
0,-8,0,tarde
0,11,0,tarde
0,53,1,tarde
0,-5,0,tarde
0,0,0,tarde
0,-2,0,mañana
0,-1,0,mañana
0,-1,0,tarde
0,-3,0,tarde
0,22,1,tarde
0,0,0,tarde
0,4,0,mañana
0,-3,0,tarde
0,0,0,tarde
0,0,0,tarde
0,-6,0,tarde
0,17,1,tarde
0,1,0,mañana
0,-2,0,mañana
0,104,1,tarde
0,5,0,tarde
0,-5,0,tarde
0,-5,0,tarde
0,0,0,mañana
0,-2,0,mañana
0,3,0,mañana
0,-2,0,mañana
0,1,0,mañana
0,51,1,mañana
0,10,0,mañana
0,-1,0,mañana
0,39,1,mañana
0,5,0,mañana
0,-3,0,mañana
0,8,0,mañana
0,11,0,mañana
0,-6,0,mañana
0,18,1,tarde
0,-2,0,tarde
0,2,0,tarde
0,-4,0,tarde
0,1,0,tarde
0,-1,0,tarde
0,4,0,tarde
0,0,0,tarde
0,65,1,tarde
0,2,0,tarde
0,13,0,tarde
0,1,0,tarde
0,11,0,tarde
0,-4,0,tarde
0,-2,0,tarde
0,13,0,tarde
0,-1,0,tarde
0,13,0,tarde
0,6,0,tarde
0,1,0,tarde
0,-4,0,tarde
0,17,1,tarde
0,48,1,tarde
0,0,0,tarde
0,42,1,tarde
0,18,1,tarde
0,112,1,tarde
0,3,0,tarde
0,3,0,tarde
0,16,1,tarde
0,-3,0,tarde
0,97,1,tarde
0,38,1,tarde
0,-8,0,tarde
0,-2,0,tarde
0,0,0,tarde
0,0,0,tarde
0,3,0,tarde
0,3,0,tarde
0,14,0,tarde
0,98,1,tarde
0,-4,0,tarde
0,7,0,tarde
0,3,0,tarde
0,-6,0,tarde
0,85,1,mañana
0,-1,0,mañana
0,10,0,mañana
0,12,0,mañana
0,-3,0,mañana
0,-8,0,mañana
0,5,0,mañana
0,-2,0,mañana
0,8,0,tarde
0,0,0,tarde
0,-3,0,tarde
0,3,0,mañana
0,5,0,mañana
0,-7,0,mañana
0,-1,0,mañana
0,19,1,mañana
0,-2,0,mañana
0,27,1,mañana
0,-2,0,mañana
0,-2,0,mañana
0,15,0,mañana
0,-5,0,mañana
0,1,0,mañana
0,-6,0,tarde
0,-4,0,tarde
0,3,0,mañana
0,25,1,tarde
0,64,1,tarde
0,3,0,tarde
0,-1,0,mañana
0,2,0,tarde
0,-1,0,tarde
0,-4,0,tarde
0,-2,0,mañana
0,9,0,tarde
0,-1,0,tarde
0,9,0,tarde
0,5,0,mañana
0,49,1,tarde
0,5,0,tarde
0,1,0,mañana
0,8,0,tarde
0,-3,0,mañana
0,2,0,tarde
0,-7,0,tarde
0,13,0,mañana
0,27,1,tarde
0,42,1,mañana
0,7,0,tarde
0,1,0,tarde
0,7,0,mañana
0,0,0,mañana
0,-7,0,tarde
0,-2,0,tarde
0,27,1,mañana
0,10,0,tarde
0,6,0,mañana
0,-7,0,tarde
0,-5,0,tarde
0,4,0,mañana
0,12,0,tarde
0,0,0,mañana
0,-1,0,mañana
0,-7,0,mañana
0,-4,0,mañana
0,65,1,tarde
1,-2,0,noche
1,-4,0,noche
1,3,0,noche
1,51,1,noche
1,0,0,noche
1,3,0,noche
1,-6,0,noche
1,1,0,noche
1,-7,0,noche
1,-7,0,noche
1,3,0,noche
1,-6,0,noche
1,-3,0,noche
1,-2,0,noche
0,12,0,noche
0,13,0,noche
0,-1,0,noche
0,-6,0,noche
0,0,0,noche
0,0,0,noche
0,-3,0,noche
0,3,0,noche
0,-8,0,noche
0,-5,0,noche
0,3,0,noche
0,-5,0,noche
0,-9,0,noche
0,-5,0,noche
1,-6,0,noche
1,6,0,noche
1,-10,0,noche
1,-2,0,noche
1,0,0,noche
1,5,0,noche
1,-2,0,noche
1,18,1,noche
1,2,0,noche
1,-7,0,noche
1,-3,0,noche
1,-3,0,noche
1,2,0,noche
1,-1,0,noche
1,-2,0,noche
1,17,1,noche
1,2,0,noche
0,-8,0,noche
0,4,0,noche
0,-2,0,noche
0,-11,0,noche
0,0,0,noche
0,9,0,noche
0,-7,0,noche
0,-5,0,noche
0,-2,0,noche
0,-4,0,noche
0,-5,0,noche
0,-9,0,noche
0,-1,0,noche
1,-7,0,noche
1,2,0,noche
1,-2,0,noche
1,-5,0,noche
1,1,0,noche
1,0,0,noche
1,-2,0,noche
1,2,0,noche
1,11,0,noche
1,24,1,noche
1,-5,0,noche
1,-5,0,noche
1,-2,0,noche
1,-4,0,noche
1,-7,0,noche
1,-5,0,noche
1,-10,0,noche
0,14,0,tarde
0,14,0,tarde
0,-6,0,tarde
0,50,1,tarde
0,16,1,tarde
0,54,1,tarde
0,101,1,tarde
0,48,1,tarde
0,95,1,tarde
0,58,1,tarde
1,92,1,tarde
1,107,1,tarde
1,29,1,tarde
1,75,1,tarde
1,64,1,tarde
1,131,1,tarde
1,86,1,tarde
1,152,1,tarde
1,77,1,tarde
1,134,1,tarde
1,118,1,tarde
1,134,1,tarde
0,-2,0,noche
0,6,0,noche
0,4,0,noche
0,15,0,noche
0,38,1,noche
0,17,1,noche
0,31,1,noche
0,41,1,noche
0,123,1,noche
0,24,1,noche
1,98,1,noche
1,31,1,noche
1,7,0,noche
1,94,1,noche
1,83,1,noche
1,51,1,noche
1,89,1,noche
1,79,1,noche
1,114,1,noche
1,97,1,noche
1,134,1,noche
0,12,0,tarde
0,-1,0,tarde
0,-12,0,tarde
0,-6,0,tarde
0,9,0,tarde
0,5,0,tarde
0,-2,0,tarde
0,-5,0,tarde
0,4,0,tarde
0,8,0,tarde
0,29,1,tarde
0,6,0,tarde
0,9,0,tarde
0,-7,0,tarde
1,28,1,tarde
1,-3,0,tarde
1,4,0,tarde
1,20,1,tarde
1,13,0,tarde
1,15,0,tarde
1,55,1,tarde
1,38,1,tarde
1,16,1,tarde
1,-9,0,tarde
1,21,1,tarde
1,-3,0,tarde
1,2,0,tarde
1,17,1,tarde
1,21,1,tarde
1,-2,0,tarde
1,15,0,tarde
0,-6,0,noche
0,-2,0,noche
0,1,0,noche
0,0,0,noche
0,-10,0,noche
0,-9,0,noche
0,-9,0,noche
0,-3,0,noche
0,-3,0,noche
0,-6,0,noche
0,10,0,noche
0,-4,0,noche
0,-6,0,noche
1,9,0,noche
1,-10,0,noche
1,-5,0,noche
1,0,0,noche
1,-3,0,noche
1,7,0,noche
1,-5,0,noche
1,-9,0,noche
1,-5,0,noche
1,1,0,noche
1,-5,0,noche
1,-2,0,noche
1,4,0,noche
1,3,0,noche
1,-4,0,noche
1,-3,0,noche
0,-9,0,mañana
0,-8,0,mañana
0,11,0,mañana
0,-9,0,mañana
0,8,0,mañana
0,-6,0,mañana
0,7,0,mañana
0,10,0,mañana
0,-7,0,mañana
0,-6,0,mañana
0,0,0,mañana
0,1,0,mañana
1,4,0,mañana
1,10,0,mañana
1,12,0,mañana
1,10,0,mañana
1,-9,0,mañana
1,0,0,mañana
1,-8,0,mañana
1,20,1,mañana
1,-2,0,mañana
1,-11,0,mañana
1,-1,0,mañana
1,-2,0,mañana
1,-14,0,mañana
0,-10,0,mañana
0,-4,0,mañana
0,-1,0,mañana
0,4,0,mañana
0,-8,0,mañana
0,3,0,mañana
0,26,1,mañana
0,-13,0,mañana
0,4,0,mañana
0,-2,0,mañana
0,-5,0,mañana
1,-12,0,mañana
1,8,0,mañana
1,92,1,mañana
1,-4,0,mañana
1,32,1,mañana
1,-1,0,mañana
1,-5,0,mañana
1,1,0,mañana
1,10,0,mañana
1,-9,0,mañana
1,-3,0,mañana
1,-10,0,mañana
0,-3,0,tarde
0,-11,0,tarde
0,1,0,tarde
0,4,0,tarde
0,2,0,tarde
0,-5,0,tarde
0,-8,0,tarde
0,-3,0,tarde
0,-10,0,tarde
0,15,0,tarde
0,-5,0,tarde
0,16,1,tarde
0,24,1,tarde
0,31,1,tarde
1,65,1,tarde
1,2,0,tarde
1,7,0,tarde
1,117,1,tarde
1,1,0,tarde
1,102,1,tarde
1,-4,0,tarde
0,3,0,noche
0,-12,0,noche
0,15,0,noche
0,6,0,noche
0,-11,0,noche
0,3,0,noche
0,-7,0,noche
0,-11,0,noche
0,36,1,noche
0,-6,0,noche
0,1,0,noche
0,75,1,noche
0,-3,0,noche
1,20,1,noche
1,27,1,noche
1,101,1,noche
1,89,1,noche
1,101,1,noche
1,-7,0,noche
1,22,1,noche
1,-5,0,noche
1,-4,0,noche
1,-11,0,noche
0,-3,0,mañana
0,-13,0,mañana
0,-2,0,mañana
0,3,0,mañana
0,17,1,mañana
0,2,0,mañana
0,0,0,mañana
0,0,0,mañana
0,-2,0,mañana
0,12,0,mañana
0,-2,0,mañana
0,49,1,mañana
0,1,0,mañana
0,-5,0,mañana
1,0,0,mañana
1,-9,0,mañana
1,27,1,mañana
1,34,1,mañana
1,25,1,tarde
1,3,0,mañana
1,57,1,mañana
1,15,0,mañana
1,7,0,mañana
1,2,0,mañana
1,-3,0,mañana
1,-3,0,mañana
1,10,0,mañana
1,0,0,mañana
1,-9,0,mañana
1,67,1,mañana
0,11,0,noche
0,8,0,noche
0,76,1,noche
0,47,1,noche
0,2,0,noche
0,64,1,noche
0,5,0,noche
0,14,0,noche
0,32,1,noche
0,57,1,noche
0,13,0,noche
0,33,1,noche
0,-6,0,noche
0,19,1,noche
1,77,1,noche
1,5,0,noche
1,74,1,noche
1,104,1,noche
1,56,1,noche
1,36,1,noche
1,3,0,noche
1,8,0,noche
1,12,0,noche
1,14,0,noche
1,9,0,noche
1,9,0,noche
1,52,1,noche
1,125,1,noche
0,9,0,tarde
0,-3,0,tarde
0,29,1,tarde
0,10,0,tarde
0,2,0,tarde
0,9,0,tarde
1,28,1,tarde
1,47,1,tarde
1,-8,0,tarde
1,4,0,tarde
1,6,0,tarde
1,3,0,tarde
0,100,1,mañana
0,106,1,mañana
0,12,0,mañana
0,48,1,mañana
0,20,1,mañana
0,-4,0,mañana
0,29,1,mañana
0,15,0,mañana
0,5,0,mañana
0,9,0,mañana
0,0,0,mañana
1,8,0,mañana
1,22,1,mañana
1,87,1,mañana
1,35,1,mañana
1,7,0,mañana
1,51,1,mañana
1,92,1,mañana
1,41,1,mañana
1,25,1,mañana
1,30,1,mañana
1,4,0,mañana
1,-9,0,mañana
1,-11,0,mañana
1,-11,0,mañana
1,0,0,mañana
1,-7,0,mañana
1,-2,0,mañana
0,5,0,tarde
0,29,1,tarde
0,26,1,tarde
0,2,0,tarde
0,5,0,tarde
0,84,1,tarde
0,20,1,tarde
0,24,1,tarde
0,18,1,tarde
0,3,0,tarde
0,16,1,tarde
0,20,1,tarde
0,21,1,tarde
0,12,0,tarde
1,11,0,tarde
1,19,1,tarde
1,16,1,tarde
1,5,0,tarde
1,42,1,tarde
1,63,1,tarde
1,35,1,tarde
1,-1,0,tarde
1,50,1,tarde
1,1,0,tarde
1,-7,0,tarde
1,0,0,tarde
1,31,1,tarde
1,14,0,tarde
1,11,0,tarde
1,33,1,tarde
1,42,1,tarde
0,5,0,noche
0,6,0,noche
0,-6,0,noche
0,-12,0,noche
0,-6,0,noche
1,-2,0,noche
1,17,1,noche
1,0,0,noche
1,3,0,noche
1,-6,0,noche
1,-13,0,noche
1,-4,0,noche
0,-1,0,tarde
0,-14,0,tarde
0,-7,0,tarde
0,0,0,tarde
0,5,0,tarde
0,0,0,tarde
0,-3,0,tarde
0,10,0,tarde
0,14,0,tarde
0,13,0,tarde
1,84,1,tarde
1,11,0,tarde
1,29,1,tarde
1,0,0,tarde
1,21,1,tarde
1,-1,0,tarde
1,7,0,tarde
1,20,1,tarde
1,10,0,tarde
1,11,0,tarde
1,-1,0,tarde
1,1,0,tarde
0,12,0,tarde
0,-2,0,tarde
0,13,0,tarde
0,0,0,tarde
0,1,0,tarde
0,41,1,tarde
0,21,1,tarde
0,6,0,tarde
1,42,1,tarde
1,7,0,tarde
1,8,0,tarde
1,9,0,tarde
1,32,1,tarde
1,-2,0,tarde
1,5,0,tarde
1,7,0,tarde
1,10,0,tarde
1,1,0,tarde
0,-9,0,mañana
0,-5,0,mañana
0,-4,0,mañana
0,-4,0,mañana
0,-3,0,mañana
0,-1,0,mañana
0,5,0,mañana
0,-5,0,mañana
0,-11,0,mañana
0,-4,0,mañana
0,-3,0,mañana
0,-7,0,mañana
0,-3,0,mañana
1,-5,0,mañana
1,-7,0,mañana
1,-1,0,mañana
1,8,0,mañana
1,1,0,mañana
1,-3,0,mañana
1,-3,0,mañana
1,-6,0,mañana
1,-1,0,mañana
1,-8,0,mañana
1,0,0,mañana
1,-2,0,mañana
1,-3,0,mañana
1,3,0,mañana
1,-11,0,mañana
1,-6,0,mañana
1,-11,0,mañana
0,4,0,tarde
0,-3,0,tarde
0,-5,0,tarde
0,-6,0,tarde
0,0,0,tarde
0,-4,0,tarde
0,-8,0,tarde
0,-3,0,tarde
0,1,0,tarde
0,-7,0,tarde
0,0,0,tarde
1,-2,0,tarde
1,-2,0,tarde
1,11,0,tarde
1,-1,0,tarde
1,151,1,tarde
1,23,1,tarde
1,5,0,tarde
1,-4,0,tarde
1,-5,0,tarde
1,-6,0,tarde
1,2,0,tarde
1,1,0,tarde
1,-5,0,tarde
1,-7,0,tarde
1,1,0,tarde
1,-2,0,tarde
0,-4,0,noche
0,-2,0,noche
0,1,0,noche
0,-8,0,noche
0,-12,0,noche
0,-1,0,noche
0,-2,0,noche
0,-7,0,noche
0,-13,0,noche
0,5,0,noche
0,11,0,noche
0,-8,0,noche
0,-8,0,noche
0,-4,0,noche
1,2,0,noche
1,-9,0,noche
1,-5,0,noche
1,4,0,noche
1,14,0,noche
1,0,0,noche
1,0,0,noche
1,-3,0,noche
1,3,0,noche
1,-8,0,noche
1,3,0,noche
1,-5,0,noche
1,-5,0,noche
1,-5,0,noche
1,1,0,noche
1,-10,0,noche
0,-1,0,noche
0,-12,0,noche
0,-10,0,noche
0,0,0,noche
0,-10,0,noche
0,9,0,noche
0,-1,0,noche
0,4,0,noche
0,8,0,noche
0,-9,0,noche
0,16,1,noche
1,14,0,noche
1,-2,0,noche
1,-5,0,noche
1,-11,0,noche
1,3,0,noche
1,-4,0,noche
1,3,0,noche
1,-9,0,noche
1,2,0,noche
1,-12,0,noche
1,-10,0,noche
1,0,0,noche
1,-4,0,noche
1,-8,0,noche
1,-8,0,noche
0,6,0,noche
0,-14,0,noche
0,10,0,noche
0,2,0,noche
0,0,0,noche
0,0,0,noche
0,-3,0,noche
0,8,0,noche
0,-2,0,noche
0,24,1,noche
0,-5,0,noche
0,-11,0,noche
0,3,0,noche
1,-4,0,noche
1,-5,0,noche
1,1,0,noche
1,1,0,noche
1,-2,0,noche
1,8,0,noche
1,2,0,noche
1,-5,0,noche
1,1,0,noche
1,3,0,noche
1,-8,0,noche
1,-6,0,noche
1,-7,0,noche
1,-1,0,noche
1,4,0,noche
1,-4,0,noche
1,-2,0,noche
1,17,1,mañana
0,-9,0,noche
0,-6,0,noche
0,-6,0,noche
0,-2,0,noche
0,0,0,noche
0,7,0,noche
0,-12,0,noche
0,-8,0,noche
0,1,0,noche
0,-3,0,noche
0,-7,0,noche
0,-2,0,noche
0,-1,0,noche
0,1,0,noche
1,4,0,noche
1,-4,0,noche
1,-6,0,noche
1,5,0,noche
1,0,0,noche
1,1,0,noche
1,-1,0,noche
1,5,0,noche
1,-2,0,noche
1,0,0,noche
1,8,0,noche
1,2,0,noche
1,-4,0,noche
1,-7,0,noche
1,-3,0,noche
1,-7,0,noche
0,-11,0,mañana
0,-7,0,mañana
0,-3,0,mañana
0,-12,0,mañana
0,-12,0,mañana
0,0,0,mañana
0,-9,0,mañana
0,-13,0,mañana
0,-7,0,mañana
0,-9,0,mañana
0,-10,0,mañana
0,-4,0,mañana
0,-7,0,mañana
1,-4,0,mañana
1,-6,0,mañana
1,8,0,mañana
1,-10,0,mañana
1,9,0,mañana
1,0,0,mañana
1,0,0,mañana
1,-9,0,mañana
1,4,0,mañana
1,-13,0,mañana
1,-5,0,mañana
1,-1,0,mañana
0,14,0,tarde
0,13,0,tarde
0,2,0,tarde
0,7,0,tarde
0,14,0,tarde
0,-4,0,tarde
0,38,1,tarde
0,4,0,tarde
0,20,1,tarde
0,10,0,tarde
0,-7,0,tarde
0,14,0,tarde
0,-1,0,tarde
0,11,0,tarde
1,1,0,tarde
1,46,1,tarde
1,21,1,tarde
1,0,0,tarde
1,32,1,tarde
1,7,0,tarde
1,55,1,tarde
1,116,1,tarde
1,19,1,tarde
1,-4,0,tarde
1,-2,0,tarde
1,30,1,tarde
1,-2,0,tarde
1,-5,0,tarde
1,23,1,tarde
1,46,1,tarde
1,-6,0,tarde
0,27,1,tarde
0,15,0,tarde
0,5,0,tarde
0,7,0,tarde
0,15,0,tarde
0,3,0,tarde
0,22,1,tarde
0,15,0,tarde
1,40,1,tarde
1,3,0,tarde
1,9,0,tarde
1,34,1,tarde
1,5,0,tarde
1,-2,0,tarde
1,6,0,tarde
1,9,0,tarde
1,34,1,tarde
1,9,0,tarde
1,19,1,noche
1,14,0,noche
1,73,1,noche
1,-3,0,noche
1,4,0,noche
1,8,0,noche
1,20,1,noche
0,26,1,tarde
0,-6,0,tarde
0,11,0,tarde
0,-4,0,tarde
0,-10,0,tarde
0,13,0,tarde
0,2,0,tarde
0,-5,0,tarde
0,13,0,tarde
0,21,1,tarde
0,0,0,tarde
0,1,0,tarde
0,8,0,tarde
0,8,0,tarde
1,6,0,tarde
1,4,0,tarde
1,-1,0,tarde
1,-4,0,tarde
1,3,0,tarde
1,15,0,tarde
1,24,1,tarde
1,20,1,tarde
1,64,1,tarde
1,-4,0,tarde
1,5,0,tarde
1,12,0,tarde
1,12,0,tarde
1,-3,0,tarde
1,-5,0,tarde
1,-6,0,tarde
1,15,0,tarde
0,-3,0,tarde
0,6,0,tarde
0,0,0,tarde
0,1,0,tarde
0,-7,0,tarde
0,-3,0,tarde
0,66,1,tarde
0,12,0,tarde
0,82,1,tarde
0,59,1,tarde
0,6,0,tarde
0,8,0,tarde
1,13,0,tarde
1,1,0,tarde
1,14,0,tarde
1,40,1,tarde
1,19,1,tarde
1,26,1,tarde
1,-4,0,tarde
1,-5,0,tarde
1,0,0,tarde
1,-1,0,tarde
1,-9,0,tarde
1,0,0,tarde
1,-4,0,tarde
1,46,1,noche
1,33,1,noche
1,64,1,noche
1,59,1,noche
1,3,0,noche
0,-7,0,mañana
0,0,0,mañana
0,-12,0,mañana
0,0,0,mañana
0,1,0,mañana
0,8,0,mañana
0,5,0,mañana
0,7,0,mañana
0,12,0,mañana
0,5,0,mañana
0,1,0,mañana
0,1,0,mañana
0,7,0,mañana
0,1,0,mañana
1,12,0,mañana
1,12,0,mañana
1,11,0,mañana
1,17,1,mañana
1,0,0,mañana
1,72,1,mañana
1,27,1,mañana
1,16,1,mañana
1,-2,0,mañana
1,19,1,mañana
1,1,0,mañana
1,0,0,mañana
1,-12,0,mañana
1,33,1,mañana
1,-3,0,mañana
1,-5,0,mañana
1,-8,0,mañana
0,54,1,tarde
0,24,1,tarde
0,29,1,tarde
0,25,1,tarde
0,5,0,tarde
0,33,1,tarde
0,21,1,tarde
1,60,1,tarde
1,102,1,tarde
1,151,1,tarde
1,47,1,tarde
1,21,1,tarde
1,4,0,tarde
1,45,1,tarde
1,14,0,tarde
1,46,1,tarde
1,39,1,tarde
1,19,1,tarde
1,24,1,tarde
1,-1,0,tarde
0,9,0,tarde
0,6,0,tarde
0,-3,0,tarde
0,6,0,tarde
0,-5,0,tarde
0,-9,0,tarde
0,-6,0,tarde
0,-3,0,tarde
0,-5,0,tarde
0,3,0,tarde
0,0,0,tarde
0,3,0,tarde
0,-12,0,tarde
0,3,0,tarde
1,10,0,tarde
1,-4,0,tarde
1,7,0,tarde
1,-6,0,tarde
1,1,0,tarde
1,22,1,tarde
1,18,1,tarde
1,8,0,tarde
1,-6,0,tarde
1,-8,0,tarde
1,-8,0,tarde
1,-2,0,tarde
1,0,0,tarde
1,0,0,tarde
1,3,0,tarde
1,-2,0,tarde
1,22,1,tarde
0,4,0,noche
0,-9,0,noche
0,51,1,noche
0,1,0,noche
0,-6,0,noche
0,0,0,noche
0,8,0,noche
0,-10,0,noche
0,54,1,noche
0,43,1,noche
0,-10,0,noche
0,10,0,noche
0,0,0,noche
0,6,0,noche
1,-9,0,noche
1,-3,0,noche
1,-5,0,noche
1,-10,0,noche
1,22,1,noche
1,62,1,noche
1,48,1,noche
1,6,0,noche
1,-6,0,noche
1,-5,0,noche
1,-13,0,noche
1,0,0,noche
1,-9,0,noche
1,42,1,noche
0,-6,0,noche
0,-1,0,noche
0,-11,0,noche
0,-11,0,noche
0,-3,0,noche
0,-10,0,noche
0,-6,0,noche
0,-11,0,noche
0,-10,0,noche
0,-5,0,noche
0,-3,0,noche
0,-7,0,noche
0,-8,0,noche
1,-6,0,noche
1,-5,0,noche
1,-6,0,noche
1,8,0,noche
1,1,0,noche
1,0,0,noche
1,36,1,noche
1,-5,0,noche
1,-9,0,noche
1,-11,0,noche
1,-2,0,noche
1,5,0,noche
1,-4,0,noche
1,-3,0,noche
1,9,0,noche
1,-5,0,noche
1,-8,0,noche
0,16,1,tarde
0,5,0,tarde
0,12,0,tarde
0,16,1,tarde
0,14,0,tarde
0,16,1,tarde
0,8,0,tarde
0,33,1,tarde
0,12,0,tarde
0,5,0,tarde
1,14,0,tarde
1,3,0,tarde
1,25,1,tarde
1,14,0,tarde
1,18,1,tarde
1,26,1,tarde
1,-3,0,tarde
1,22,1,tarde
1,3,0,tarde
1,22,1,tarde
1,18,1,tarde
0,8,0,tarde
0,-2,0,tarde
0,-1,0,tarde
0,-1,0,tarde
0,30,1,tarde
0,6,0,tarde
0,16,1,tarde
1,1,0,tarde
1,3,0,tarde
1,13,0,tarde
1,87,1,tarde
1,12,0,tarde
1,11,0,tarde
1,2,0,tarde
1,5,0,tarde
0,17,1,tarde
0,7,0,tarde
0,40,1,tarde
0,4,0,tarde
0,7,0,tarde
0,-2,0,tarde
0,35,1,tarde
0,25,1,tarde
0,17,1,tarde
0,10,0,tarde
0,6,0,tarde
0,4,0,tarde
0,12,0,tarde
0,15,0,tarde
1,115,1,tarde
1,0,0,tarde
1,3,0,tarde
1,17,1,tarde
1,0,0,tarde
1,26,1,tarde
1,76,1,tarde
1,9,0,tarde
1,4,0,tarde
1,14,0,tarde
1,-6,0,tarde
1,18,1,tarde
1,-4,0,tarde
1,9,0,tarde
1,9,0,tarde
1,10,0,tarde
1,-9,0,tarde
0,8,0,noche
0,3,0,noche
0,5,0,noche
0,-2,0,noche
0,-2,0,noche
0,0,0,noche
0,4,0,noche
0,17,1,noche
0,23,1,noche
0,2,0,noche
0,1,0,noche
0,9,0,noche
0,1,0,noche
0,-3,0,noche
1,-2,0,noche
1,14,0,noche
1,7,0,noche
1,16,1,noche
1,10,0,noche
1,1,0,noche
1,25,1,noche
1,28,1,noche
1,3,0,noche
1,12,0,noche
1,23,1,noche
1,8,0,noche
1,12,0,noche
1,5,0,noche
1,16,1,noche
1,8,0,noche
1,-1,0,noche
0,68,1,tarde
0,4,0,tarde
0,13,0,tarde
0,-1,0,tarde
0,5,0,tarde
0,-1,0,tarde
0,8,0,tarde
0,7,0,tarde
1,25,1,tarde
1,7,0,tarde
1,5,0,tarde
1,-5,0,tarde
1,1,0,tarde
1,71,1,tarde
1,-3,0,tarde
1,3,0,tarde
0,-2,0,tarde
0,-1,0,tarde
0,7,0,tarde
0,1,0,tarde
0,0,0,tarde
0,12,0,tarde
0,16,1,tarde
0,4,0,tarde
0,3,0,tarde
0,-6,0,tarde
0,6,0,tarde
0,15,0,tarde
0,2,0,tarde
0,1,0,tarde
1,10,0,tarde
1,-3,0,tarde
1,3,0,tarde
1,7,0,tarde
1,0,0,tarde
1,9,0,tarde
1,36,1,tarde
1,5,0,tarde
1,9,0,tarde
1,1,0,tarde
1,-2,0,tarde
1,6,0,tarde
1,79,1,tarde
1,0,0,tarde
1,17,1,tarde
1,0,0,tarde
1,-1,0,tarde
0,11,0,noche
0,29,1,noche
0,0,0,noche
0,-5,0,noche
0,15,0,noche
0,3,0,noche
1,12,0,noche
1,82,1,noche
1,19,1,noche
1,10,0,noche
1,5,0,noche
1,6,0,noche
1,25,1,noche
1,0,0,noche
0,21,1,mañana
0,3,0,mañana
0,10,0,mañana
0,1,0,mañana
0,14,0,mañana
0,4,0,mañana
0,15,0,mañana
0,-7,0,mañana
0,56,1,mañana
0,21,1,mañana
0,5,0,mañana
0,-3,0,mañana
0,23,1,mañana
0,-3,0,mañana
1,6,0,mañana
1,24,1,mañana
1,0,0,mañana
1,2,0,mañana
1,-1,0,mañana
1,9,0,mañana
1,0,0,mañana
1,14,0,mañana
1,3,0,mañana
1,5,0,mañana
1,14,0,mañana
1,3,0,mañana
1,17,1,mañana
1,7,0,mañana
1,19,1,mañana
1,18,1,mañana
1,4,0,mañana
0,23,1,tarde
0,17,1,tarde
0,15,0,tarde
0,26,1,tarde
0,16,1,tarde
0,66,1,tarde
0,16,1,tarde
0,15,0,tarde
1,13,0,tarde
1,55,1,tarde
1,3,0,tarde
1,18,1,tarde
1,14,0,tarde
1,10,0,tarde
1,16,1,tarde
1,52,1,tarde
1,11,0,tarde
0,25,1,tarde
0,13,0,tarde
0,50,1,tarde
0,10,0,tarde
0,14,0,tarde
0,6,0,tarde
0,15,0,tarde
0,2,0,tarde
0,-4,0,tarde
0,-1,0,tarde
0,12,0,tarde
0,49,1,tarde
0,20,1,tarde
0,7,0,tarde
1,2,0,tarde
1,59,1,tarde
1,2,0,tarde
1,1,0,tarde
1,22,1,tarde
1,10,0,tarde
1,30,1,tarde
1,10,0,tarde
1,2,0,tarde
1,39,1,tarde
1,-1,0,tarde
1,9,0,tarde
1,4,0,tarde
1,-1,0,tarde
1,28,1,tarde
1,12,0,tarde
1,12,0,tarde
0,7,0,mañana
0,15,0,mañana
0,6,0,mañana
0,25,1,mañana
0,5,0,mañana
0,18,1,mañana
0,0,0,mañana
0,-4,0,mañana
0,-6,0,mañana
0,-1,0,mañana
0,5,0,mañana
0,-4,0,mañana
0,2,0,mañana
0,0,0,mañana
1,9,0,mañana
1,-1,0,mañana
1,-2,0,mañana
1,5,0,mañana
1,2,0,mañana
1,8,0,mañana
1,3,0,mañana
1,4,0,mañana
1,1,0,mañana
1,0,0,mañana
1,-12,0,mañana
1,-9,0,mañana
1,135,1,mañana
1,30,1,mañana
1,5,0,mañana
1,5,0,mañana
1,17,1,mañana
0,23,1,noche
0,11,0,noche
0,10,0,noche
0,1,0,noche
0,35,1,noche
0,-2,0,noche
0,43,1,noche
0,2,0,noche
1,41,1,noche
1,10,0,noche
1,30,1,noche
1,14,0,noche
1,132,1,noche
1,25,1,noche
1,-6,0,noche
1,10,0,noche
1,23,1,noche
1,11,0,noche
0,4,0,mañana
0,1,0,mañana
0,-4,0,mañana
0,6,0,mañana
0,11,0,mañana
0,36,1,mañana
0,4,0,mañana
0,5,0,mañana
0,10,0,mañana
0,-2,0,mañana
0,28,1,mañana
0,15,0,mañana
0,15,0,mañana
0,3,0,mañana
1,-1,0,mañana
1,4,0,mañana
1,1,0,mañana
1,19,1,mañana
1,0,0,mañana
1,51,1,mañana
1,6,0,mañana
1,33,1,mañana
1,21,1,mañana
1,-1,0,mañana
1,6,0,mañana
1,24,1,mañana
1,8,0,mañana
1,7,0,mañana
1,27,1,mañana
1,6,0,mañana
1,0,0,mañana
0,26,1,noche
0,32,1,tarde
1,22,1,tarde
1,19,1,tarde
1,10,0,tarde
1,32,1,noche
1,34,1,tarde
1,32,1,tarde
1,21,1,tarde
1,4,0,tarde
1,63,1,noche
1,11,0,tarde
1,16,1,tarde
1,8,0,tarde
1,4,0,tarde
0,42,1,tarde
0,43,1,tarde
0,16,1,tarde
0,17,1,tarde
0,64,1,tarde
0,13,0,tarde
0,42,1,tarde
0,-6,0,tarde
0,1,0,tarde
0,43,1,tarde
0,18,1,tarde
0,124,1,tarde
1,38,1,tarde
1,33,1,tarde
1,6,0,tarde
1,14,0,tarde
0,18,1,mañana
0,0,0,mañana
0,10,0,mañana
0,-1,0,mañana
0,19,1,mañana
0,31,1,mañana
0,18,1,mañana
0,10,0,mañana
0,-1,0,mañana
0,34,1,mañana
0,7,0,mañana
0,3,0,mañana
0,15,0,mañana
0,-3,0,mañana
1,12,0,mañana
1,9,0,mañana
1,-5,0,mañana
1,5,0,mañana
1,5,0,mañana
1,1,0,mañana
1,6,0,mañana
1,6,0,mañana
1,-10,0,mañana
1,-5,0,mañana
1,-2,0,mañana
1,5,0,mañana
1,12,0,mañana
1,20,1,mañana
1,3,0,mañana
1,-3,0,mañana
1,76,1,mañana
0,38,1,tarde
0,47,1,tarde
1,59,1,tarde
1,24,1,tarde
1,28,1,tarde
1,39,1,tarde
1,71,1,tarde
1,12,0,tarde
1,0,0,tarde
1,9,0,tarde
1,25,1,tarde
1,-1,0,tarde
1,46,1,tarde
1,-8,0,tarde
1,1,0,tarde
0,-3,0,mañana
0,8,0,mañana
0,-1,0,mañana
0,-1,0,mañana
0,6,0,tarde
0,-5,0,tarde
0,5,0,tarde
0,3,0,tarde
0,4,0,tarde
0,30,1,tarde
0,6,0,tarde
0,5,0,tarde
0,-1,0,tarde
0,11,0,tarde
0,32,1,mañana
0,-3,0,mañana
0,-1,0,mañana
0,35,1,mañana
0,39,1,mañana
0,1,0,mañana
0,5,0,tarde
0,0,0,tarde
0,27,1,tarde
1,7,0,tarde
1,14,0,tarde
1,2,0,tarde
1,0,0,tarde
1,10,0,tarde
1,0,0,tarde
1,6,0,tarde
1,-3,0,tarde
1,14,0,tarde
1,28,1,tarde
1,5,0,tarde
1,0,0,tarde
0,30,1,mañana
0,7,0,mañana
0,22,1,mañana
0,-4,0,mañana
1,24,1,mañana
1,16,1,mañana
1,9,0,mañana
1,4,0,mañana
1,0,0,mañana
1,25,1,mañana
1,27,1,mañana
1,22,1,mañana
1,10,0,mañana
1,-1,0,mañana
1,-8,0,mañana
1,36,1,mañana
1,9,0,mañana
1,16,1,mañana
1,41,1,mañana
1,-2,0,mañana
1,2,0,mañana
0,-1,0,mañana
0,-2,0,mañana
0,24,1,tarde
0,30,1,tarde
1,21,1,tarde
1,10,0,tarde
1,58,1,tarde
1,-5,0,tarde
0,45,1,noche
0,-4,0,noche
0,-6,0,tarde
0,6,0,noche
0,6,0,noche
0,5,0,noche
0,22,1,noche
0,6,0,noche
0,-4,0,noche
0,0,0,tarde
0,52,1,tarde
0,36,1,tarde
0,36,1,noche
0,27,1,noche
1,23,1,noche
1,40,1,tarde
1,-1,0,tarde
1,34,1,tarde
1,34,1,tarde
1,91,1,noche
1,25,1,noche
1,18,1,noche
1,53,1,tarde
1,-2,0,tarde
1,19,1,tarde
1,78,1,tarde
1,21,1,noche
1,10,0,noche
1,19,1,noche
1,38,1,tarde
1,-6,0,tarde
0,13,0,mañana
0,4,0,mañana
0,-5,0,mañana
0,1,0,mañana
0,13,0,mañana
0,-6,0,mañana
0,10,0,mañana
0,1,0,mañana
1,-2,0,mañana
1,1,0,mañana
1,3,0,mañana
1,19,1,mañana
1,-6,0,mañana
1,1,0,mañana
1,7,0,mañana
1,20,1,mañana
1,3,0,mañana
1,5,0,mañana
1,9,0,mañana
1,8,0,mañana
1,2,0,mañana
1,4,0,mañana
1,25,1,mañana
1,-5,0,mañana
1,13,0,mañana
0,52,1,tarde
0,72,1,tarde
0,0,0,tarde
0,4,0,tarde
0,-1,0,tarde
0,4,0,tarde
0,3,0,tarde
0,-1,0,tarde
0,7,0,tarde
0,-2,0,tarde
0,2,0,tarde
0,11,0,tarde
1,36,1,tarde
1,29,1,tarde
1,4,0,tarde
1,56,1,tarde
1,2,0,tarde
1,50,1,tarde
1,5,0,tarde
1,23,1,tarde
1,9,0,tarde
1,-8,0,tarde
1,2,0,tarde
1,-4,0,tarde
1,22,1,tarde
1,25,1,tarde
1,143,1,tarde
1,10,0,tarde
1,0,0,tarde
0,1,0,mañana
0,3,0,mañana
0,24,1,tarde
0,28,1,mañana
0,2,0,mañana
0,6,0,mañana
0,24,1,mañana
0,8,0,mañana
1,12,0,mañana
1,44,1,mañana
1,37,1,mañana
1,33,1,mañana
1,36,1,mañana
1,1,0,mañana
1,37,1,mañana
1,40,1,mañana
1,8,0,mañana
0,10,0,mañana
0,0,0,mañana
0,-3,0,mañana
0,4,0,mañana
0,-2,0,mañana
0,16,1,mañana
0,9,0,mañana
0,5,0,mañana
0,-4,0,mañana
0,17,1,mañana
0,8,0,mañana
0,-2,0,mañana
0,3,0,mañana
0,5,0,mañana
1,3,0,mañana
1,-2,0,mañana
1,2,0,mañana
1,6,0,mañana
1,0,0,mañana
1,2,0,mañana
1,3,0,mañana
1,-1,0,mañana
1,27,1,mañana
1,-1,0,mañana
1,-8,0,mañana
1,-3,0,mañana
1,2,0,mañana
1,3,0,mañana
1,3,0,mañana
1,-7,0,mañana
1,5,0,mañana
0,-1,0,mañana
0,6,0,tarde
0,5,0,mañana
0,-2,0,mañana
0,13,0,tarde
0,45,1,mañana
0,14,0,tarde
1,8,0,mañana
1,44,1,mañana
1,48,1,tarde
1,19,1,mañana
1,-6,0,mañana
1,10,0,tarde
1,10,0,mañana
0,10,0,mañana
0,-3,0,mañana
0,32,1,tarde
1,11,0,mañana
1,0,0,mañana
1,-6,0,tarde
1,38,1,tarde
1,21,1,mañana
1,6,0,mañana
1,-2,0,tarde
1,-4,0,tarde
1,9,0,mañana
1,0,0,mañana
1,7,0,tarde
0,1,0,tarde
0,25,1,tarde
0,2,0,tarde
0,5,0,tarde
0,41,1,tarde
0,49,1,tarde
0,8,0,tarde
0,-3,0,tarde
0,45,1,tarde
0,16,1,tarde
0,29,1,tarde
0,31,1,tarde
1,55,1,tarde
1,48,1,tarde
1,10,0,tarde
1,24,1,tarde
1,31,1,tarde
1,45,1,tarde
1,11,0,tarde
1,12,0,tarde
1,20,1,tarde
1,14,0,tarde
1,16,1,tarde
1,13,0,tarde
1,22,1,tarde
1,28,1,tarde
1,31,1,tarde
1,10,0,tarde
1,13,0,tarde
1,29,1,tarde
1,-2,0,tarde
0,3,0,mañana
0,2,0,mañana
0,3,0,mañana
0,-1,0,mañana
0,7,0,mañana
0,0,0,mañana
0,1,0,mañana
0,-4,0,mañana
0,4,0,mañana
0,-2,0,mañana
1,1,0,mañana
1,1,0,mañana
1,7,0,mañana
1,2,0,mañana
1,-6,0,mañana
1,-1,0,mañana
1,1,0,mañana
1,6,0,mañana
0,2,0,tarde
0,3,0,tarde
0,35,1,tarde
0,10,0,tarde
1,-5,0,mañana
1,33,1,tarde
1,11,0,tarde
1,3,0,mañana
1,16,1,tarde
1,29,1,tarde
1,-5,0,mañana
0,4,0,tarde
0,-1,0,mañana
0,0,0,tarde
1,9,0,tarde
1,0,0,tarde
1,31,1,tarde
1,-4,0,tarde
1,6,0,tarde
1,-1,0,tarde
0,60,1,tarde
0,-2,0,tarde
0,4,0,noche
0,-3,0,noche
0,0,0,noche
0,8,0,noche
0,-1,0,noche
0,26,1,noche
0,6,0,noche
0,-5,0,noche
0,16,1,tarde
1,10,0,tarde
1,13,0,tarde
0,12,0,noche
0,-4,0,noche
1,20,1,noche
1,9,0,noche
1,47,1,noche
1,16,1,noche
1,33,1,noche
0,-1,0,mañana
1,0,0,mañana
1,0,0,mañana
1,24,1,mañana
1,4,0,mañana
0,9,0,tarde
0,4,0,tarde
0,27,1,tarde
0,6,0,tarde
0,8,0,mañana
0,8,0,mañana
0,8,0,mañana
0,6,0,mañana
0,13,0,mañana
0,1,0,mañana
0,5,0,mañana
0,-2,0,mañana
0,34,1,mañana
0,3,0,mañana
0,11,0,mañana
0,0,0,mañana
1,20,1,mañana
1,1,0,tarde
1,11,0,mañana
1,32,1,mañana
1,7,0,mañana
1,9,0,mañana
1,23,1,mañana
1,-4,0,mañana
1,4,0,tarde
1,-6,0,mañana
1,2,0,mañana
1,2,0,mañana
1,10,0,mañana
1,8,0,mañana
1,4,0,mañana
1,0,0,tarde
1,-4,0,mañana
0,9,0,tarde
0,-2,0,tarde
0,-4,0,tarde
0,23,1,tarde
0,26,1,tarde
0,12,0,tarde
1,-2,0,tarde
1,104,1,tarde
1,-1,0,tarde
1,82,1,tarde
1,41,1,tarde
1,24,1,tarde
1,9,0,tarde
1,-3,0,tarde
1,46,1,tarde
1,25,1,tarde
1,7,0,tarde
1,18,1,tarde
0,4,0,tarde
0,5,0,tarde
0,8,0,tarde
0,11,0,tarde
0,0,0,tarde
0,5,0,tarde
0,32,1,tarde
0,1,0,tarde
0,-2,0,tarde
0,27,1,noche
1,22,1,noche
1,121,1,tarde
1,48,1,tarde
1,18,1,tarde
1,15,0,tarde
1,10,0,noche
1,50,1,noche
1,-5,0,tarde
1,0,0,tarde
1,6,0,tarde
1,63,1,tarde
1,22,1,noche
1,-2,0,tarde
0,1,0,mañana
0,-2,0,mañana
0,14,0,mañana
0,20,1,mañana
0,16,1,mañana
0,6,0,mañana
0,4,0,mañana
0,10,0,mañana
0,-2,0,mañana
0,-5,0,mañana
0,0,0,mañana
0,0,0,mañana
1,9,0,mañana
1,7,0,mañana
1,5,0,mañana
1,0,0,mañana
1,0,0,mañana
1,5,0,mañana
1,2,0,mañana
1,4,0,mañana
1,2,0,mañana
1,5,0,mañana
1,-2,0,mañana
1,-7,0,mañana
1,11,0,mañana
0,2,0,tarde
0,31,1,tarde
1,-1,0,mañana
1,8,0,mañana
0,10,0,noche
0,4,0,tarde
0,13,0,noche
0,-2,0,tarde
0,-3,0,tarde
0,5,0,tarde
0,50,1,noche
0,11,0,noche
0,9,0,tarde
0,49,1,tarde
0,26,1,tarde
0,31,1,tarde
0,12,0,tarde
1,13,0,tarde
1,46,1,tarde
1,21,1,tarde
1,23,1,tarde
1,11,0,tarde
1,7,0,tarde
1,1,0,tarde
1,16,1,tarde
1,14,0,tarde
1,-2,0,tarde
1,4,0,tarde
1,11,0,tarde
0,-5,0,mañana
0,3,0,mañana
1,-4,0,mañana
1,-9,0,mañana
0,2,0,mañana
0,-7,0,mañana
0,1,0,mañana
0,3,0,mañana
0,-2,0,mañana
0,3,0,mañana
0,14,0,mañana
0,9,0,mañana
0,-6,0,mañana
0,-1,0,mañana
0,-3,0,mañana
0,6,0,mañana
0,4,0,mañana
0,11,0,mañana
1,-3,0,mañana
1,-1,0,mañana
1,-6,0,mañana
1,8,0,mañana
1,0,0,mañana
1,0,0,mañana
1,2,0,mañana
1,2,0,mañana
1,-8,0,mañana
1,-1,0,mañana
1,13,0,mañana
1,22,1,mañana
1,-4,0,mañana
1,24,1,mañana
1,4,0,mañana
1,-2,0,mañana
1,0,0,mañana
0,12,0,mañana
0,1,0,mañana
0,-1,0,mañana
0,1,0,tarde
0,9,0,mañana
0,6,0,mañana
0,7,0,mañana
0,29,1,mañana
0,22,1,mañana
0,2,0,mañana
0,-6,0,tarde
1,-5,0,mañana
1,1,0,mañana
1,26,1,mañana
1,2,0,mañana
1,11,0,tarde
1,3,0,mañana
1,0,0,mañana
1,0,0,mañana
1,2,0,mañana
1,-1,0,mañana
1,-5,0,tarde
1,-4,0,mañana
1,25,1,mañana
1,-7,0,mañana
0,5,0,tarde
0,9,0,tarde
1,10,0,tarde
1,-1,0,tarde
0,25,1,tarde
0,1,0,mañana
0,-2,0,mañana
0,-6,0,tarde
0,16,1,mañana
0,3,0,tarde
0,21,1,tarde
1,2,0,tarde
1,11,0,tarde
1,20,1,mañana
1,15,0,tarde
1,20,1,tarde
1,29,1,tarde
1,30,1,tarde
1,2,0,mañana
1,4,0,tarde
1,35,1,tarde
1,41,1,tarde
1,6,0,tarde
0,-7,0,tarde
0,7,0,tarde
0,7,0,tarde
0,3,0,tarde
0,5,0,tarde
0,54,1,tarde
0,16,1,tarde
0,5,0,tarde
0,1,0,tarde
0,-7,0,tarde
1,4,0,tarde
1,15,0,tarde
1,24,1,tarde
1,4,0,tarde
1,7,0,tarde
1,2,0,tarde
1,2,0,tarde
1,2,0,tarde
0,33,1,tarde
0,-2,0,tarde
0,2,0,tarde
0,27,1,tarde
0,3,0,tarde
0,33,1,tarde
0,19,1,tarde
0,15,0,tarde
0,-5,0,tarde
0,13,0,tarde
0,25,1,tarde
0,34,1,tarde
0,22,1,tarde
1,11,0,tarde
1,29,1,tarde
1,48,1,tarde
1,39,1,tarde
1,55,1,tarde
1,13,0,tarde
1,59,1,tarde
0,5,0,tarde
0,-9,0,tarde
0,7,0,tarde
0,57,1,tarde
0,24,1,tarde
0,32,1,tarde
0,14,0,noche
1,0,0,tarde
1,21,1,tarde
1,7,0,tarde
1,119,1,tarde
1,0,0,tarde
1,14,0,tarde
1,25,1,noche
1,53,1,tarde
1,36,1,tarde
1,-2,0,tarde
1,32,1,tarde
1,32,1,tarde
1,-1,0,tarde
1,14,0,noche
1,26,1,tarde
1,9,0,tarde
0,20,1,tarde
0,8,0,noche
0,64,1,tarde
0,-1,0,mañana
0,-3,0,mañana
1,0,0,mañana
1,23,1,mañana
1,-1,0,mañana
1,-3,0,mañana
0,23,1,mañana
0,-3,0,mañana
0,-5,0,mañana
0,2,0,mañana
0,19,1,mañana
0,7,0,mañana
0,1,0,mañana
0,14,0,mañana
0,-4,0,mañana
0,3,0,mañana
0,9,0,mañana
0,8,0,mañana
0,12,0,mañana
1,8,0,mañana
1,-2,0,mañana
1,2,0,mañana
1,15,0,mañana
1,12,0,mañana
1,4,0,mañana
1,7,0,mañana
1,-2,0,mañana
1,-4,0,mañana
1,17,1,mañana
1,3,0,mañana
1,8,0,mañana
1,0,0,mañana
1,0,0,mañana
0,8,0,mañana
0,-5,0,mañana
0,10,0,mañana
1,1,0,mañana
1,5,0,mañana
1,0,0,mañana
1,17,1,mañana
1,13,0,mañana
1,1,0,mañana
1,9,0,mañana
1,15,0,mañana
1,-3,0,mañana
1,-2,0,mañana
0,14,0,mañana
1,0,0,mañana
1,9,0,mañana
0,0,0,mañana
0,11,0,mañana
0,3,0,mañana
0,28,1,mañana
0,11,0,mañana
0,-2,0,mañana
0,-5,0,mañana
0,12,0,mañana
0,21,1,mañana
0,20,1,mañana
0,-5,0,mañana
0,23,1,mañana
1,19,1,mañana
1,14,0,mañana
1,35,1,mañana
1,21,1,mañana
1,19,1,mañana
1,7,0,mañana
1,38,1,mañana
1,4,0,mañana
1,69,1,mañana
1,-2,0,mañana
1,-1,0,mañana
1,4,0,mañana
1,24,1,mañana
1,1,0,mañana
1,2,0,mañana
1,-4,0,mañana
1,-2,0,mañana
0,2,0,tarde
0,79,1,tarde
1,8,0,tarde
1,14,0,tarde
1,25,1,tarde
0,14,0,mañana
0,2,0,tarde
0,-5,0,tarde
0,-4,0,tarde
0,9,0,tarde
0,5,0,tarde
0,3,0,mañana
0,84,1,mañana
0,26,1,tarde
0,3,0,tarde
0,58,1,tarde
0,18,1,tarde
1,31,1,tarde
1,21,1,tarde
1,23,1,tarde
1,18,1,tarde
1,1,0,tarde
1,8,0,tarde
1,18,1,tarde
1,0,0,tarde
0,11,0,tarde
0,-2,0,tarde
0,8,0,tarde
0,0,0,tarde
0,3,0,tarde
0,15,0,tarde
0,-1,0,tarde
0,-5,0,tarde
1,67,1,tarde
1,5,0,tarde
1,28,1,tarde
1,-7,0,tarde
0,-2,0,tarde
0,68,1,tarde
0,1,0,noche
0,11,0,tarde
0,-11,0,tarde
0,21,1,tarde
0,39,1,tarde
0,19,1,tarde
0,44,1,tarde
0,31,1,noche
1,32,1,noche
1,34,1,noche
1,9,0,noche
1,100,1,tarde
1,9,0,tarde
1,104,1,tarde
1,91,1,noche
1,39,1,noche
1,12,0,noche
1,8,0,tarde
1,22,1,tarde
1,30,1,tarde
1,38,1,noche
1,5,0,noche
1,-13,0,noche
0,3,0,noche
0,-9,0,noche
0,46,1,noche
0,10,0,tarde
0,41,1,noche
1,36,1,noche
1,87,1,noche
1,27,1,tarde
1,11,0,noche
1,-4,0,noche
1,20,1,noche
1,9,0,tarde
1,29,1,noche
0,3,0,mañana
0,-5,0,mañana
0,-1,0,noche
0,4,0,mañana
0,3,0,mañana
0,3,0,noche
0,-1,0,mañana
0,-1,0,mañana
0,-1,0,noche
0,9,0,noche
0,7,0,noche
0,13,0,mañana
1,7,0,noche
1,4,0,noche
1,4,0,mañana
1,2,0,noche
1,34,1,noche
1,18,1,noche
1,12,0,mañana
1,-1,0,noche
1,8,0,noche
1,-6,0,mañana
1,-10,0,noche
1,3,0,noche
1,15,0,noche
1,-5,0,mañana
1,-1,0,noche
1,8,0,noche
1,13,0,mañana
0,31,1,mañana
0,0,0,mañana
0,8,0,mañana
0,-1,0,mañana
0,35,1,mañana
0,9,0,mañana
0,10,0,mañana
0,8,0,mañana
1,-1,0,mañana
1,-1,0,mañana
1,-1,0,mañana
1,10,0,mañana
1,15,0,mañana
1,37,1,mañana
1,3,0,mañana
1,12,0,mañana
1,10,0,mañana
1,-5,0,mañana
1,-3,0,mañana
1,1,0,mañana
1,15,0,mañana
1,2,0,mañana
1,8,0,mañana
1,-8,0,mañana
1,-1,0,mañana
0,44,1,tarde
0,15,0,mañana
0,7,0,mañana
0,30,1,mañana
0,26,1,mañana
0,24,1,tarde
0,6,0,mañana
0,-2,0,mañana
0,-1,0,mañana
1,1,0,mañana
1,45,1,mañana
1,6,0,mañana
1,16,1,mañana
1,-1,0,mañana
1,9,0,mañana
1,-3,0,mañana
1,-2,0,mañana
1,9,0,mañana
0,3,0,tarde
0,-3,0,tarde
0,10,0,tarde
0,17,1,tarde
0,23,1,tarde
0,6,0,tarde
0,4,0,tarde
0,15,0,tarde
0,40,1,tarde
0,7,0,tarde
0,21,1,tarde
0,11,0,tarde
0,45,1,tarde
0,35,1,tarde
0,23,1,tarde
0,41,1,tarde
1,2,0,tarde
1,8,0,tarde
1,65,1,tarde
1,34,1,tarde
1,72,1,tarde
1,18,1,tarde
1,5,0,tarde
1,22,1,tarde
1,19,1,tarde
1,28,1,tarde
1,19,1,tarde
1,157,1,tarde
1,-5,0,tarde
1,119,1,tarde
1,52,1,noche
1,31,1,tarde
1,-11,0,noche
1,7,0,tarde
1,2,0,noche
0,6,0,noche
0,13,0,noche
0,5,0,noche
0,63,1,noche
0,14,0,noche
0,49,1,noche
0,6,0,noche
0,62,1,noche
0,19,1,noche
0,17,1,noche
0,41,1,tarde
1,53,1,noche
1,20,1,noche
1,21,1,noche
1,69,1,noche
1,93,1,tarde
1,19,1,noche
1,17,1,noche
1,19,1,noche
1,67,1,noche
1,56,1,tarde
1,8,0,noche
0,-1,0,mañana
0,-1,0,mañana
0,1,0,mañana
0,2,0,noche
0,0,0,noche
0,3,0,mañana
0,1,0,mañana
0,-8,0,mañana
0,-6,0,mañana
0,-4,0,mañana
0,4,0,mañana
0,2,0,noche
0,5,0,noche
0,7,0,noche
1,5,0,mañana
1,1,0,mañana
1,-6,0,mañana
1,28,1,noche
1,2,0,noche
1,36,1,noche
1,5,0,mañana
1,9,0,mañana
1,-2,0,mañana
1,-2,0,mañana
1,5,0,noche
1,6,0,noche
1,10,0,noche
1,1,0,mañana
1,-4,0,mañana
1,-2,0,mañana
0,-1,0,mañana
0,3,0,tarde
0,-3,0,mañana
0,-2,0,mañana
0,-7,0,mañana
0,2,0,mañana
0,-3,0,mañana
0,10,0,mañana
0,7,0,tarde
0,24,1,mañana
0,9,0,mañana
0,14,0,mañana
0,11,0,mañana
1,-2,0,mañana
1,21,1,tarde
1,17,1,mañana
1,25,1,mañana
1,118,1,mañana
1,14,0,mañana
1,13,0,tarde
1,-4,0,mañana
1,13,0,mañana
1,2,0,mañana
1,16,1,mañana
1,4,0,mañana
1,9,0,tarde
0,8,0,tarde
0,-3,0,noche
0,14,0,tarde
0,-3,0,noche
0,32,1,tarde
0,19,1,tarde
0,16,1,tarde
0,13,0,tarde
1,15,0,tarde
1,34,1,tarde
1,22,1,tarde
1,41,1,tarde
1,22,1,tarde
1,3,0,tarde
1,68,1,tarde
1,8,0,tarde
1,18,1,tarde
1,10,0,tarde
1,3,0,tarde
1,12,0,tarde
1,13,0,tarde
1,5,0,tarde
0,13,0,noche
0,-5,0,noche
0,41,1,noche
0,79,1,noche
0,22,1,noche
0,39,1,noche
1,142,1,noche
1,56,1,noche
1,80,1,noche
1,41,1,noche
1,0,0,noche
1,12,0,noche
1,30,1,noche
1,43,1,noche
1,-6,0,noche
0,9,0,noche
0,0,0,noche
0,6,0,noche
1,14,0,noche
1,28,1,noche
1,30,1,noche
1,21,1,noche
1,29,1,noche
0,7,0,mañana
0,-9,0,mañana
0,-10,0,mañana
0,1,0,mañana
0,-1,0,mañana
0,17,1,mañana
0,2,0,mañana
0,-4,0,mañana
0,14,0,mañana
0,-4,0,mañana
0,-2,0,mañana
0,0,0,mañana
0,18,1,mañana
0,8,0,mañana
1,-3,0,mañana
1,6,0,mañana
1,-1,0,mañana
1,76,1,mañana
1,22,1,mañana
1,13,0,mañana
1,11,0,mañana
1,2,0,mañana
1,38,1,mañana
1,4,0,mañana
1,-1,0,mañana
1,1,0,mañana
1,5,0,mañana
1,15,0,mañana
1,-1,0,mañana
1,-6,0,mañana
0,38,1,noche
0,16,1,noche
0,45,1,noche
0,3,0,noche
0,44,1,noche
0,10,0,noche
0,4,0,noche
0,42,1,noche
0,62,1,noche
0,16,1,noche
0,42,1,noche
1,56,1,noche
1,29,1,noche
1,45,1,noche
1,40,1,noche
1,53,1,noche
1,49,1,noche
1,3,0,noche
1,-3,0,noche
1,0,0,noche
1,106,1,noche
1,15,0,noche
1,2,0,noche
1,37,1,noche
1,118,1,noche
1,3,0,noche
0,13,0,tarde
0,-2,0,tarde
0,-1,0,tarde
0,13,0,tarde
0,11,0,tarde
0,22,1,tarde
0,7,0,tarde
0,7,0,tarde
0,20,1,tarde
0,0,0,tarde
0,16,1,tarde
0,13,0,tarde
0,19,1,tarde
0,11,0,tarde
1,17,1,tarde
1,13,0,tarde
1,35,1,tarde
1,0,0,tarde
1,46,1,tarde
1,108,1,tarde
1,44,1,tarde
1,12,0,tarde
1,-2,0,tarde
1,1,0,tarde
1,6,0,tarde
1,22,1,tarde
1,32,1,tarde
1,5,0,tarde
1,0,0,tarde
0,40,1,tarde
0,6,0,tarde
0,-2,0,tarde
0,-1,0,tarde
0,46,1,tarde
0,12,0,tarde
0,4,0,tarde
0,35,1,tarde
0,1,0,tarde
0,-3,0,tarde
0,40,1,tarde
0,4,0,tarde
0,17,1,tarde
0,12,0,tarde
1,40,1,tarde
1,12,0,tarde
1,3,0,tarde
1,97,1,tarde
1,34,1,tarde
1,41,1,tarde
1,25,1,tarde
1,-5,0,tarde
1,-2,0,tarde
1,-5,0,tarde
1,30,1,tarde
1,-2,0,tarde
1,7,0,tarde
1,38,1,tarde
1,84,1,tarde
1,-2,0,tarde
0,12,0,tarde
0,5,0,tarde
0,1,0,tarde
0,18,1,tarde
0,0,0,tarde
0,5,0,tarde
0,-5,0,tarde
0,8,0,tarde
0,-5,0,tarde
0,24,1,tarde
0,29,1,tarde
0,48,1,tarde
0,44,1,tarde
1,35,1,tarde
1,99,1,tarde
1,40,1,tarde
1,17,1,tarde
1,82,1,tarde
1,37,1,tarde
1,1,0,tarde
1,7,0,tarde
1,23,1,tarde
1,44,1,tarde
1,48,1,tarde
1,92,1,tarde
1,12,0,tarde
1,-1,0,tarde
0,29,1,tarde
0,2,0,tarde
0,2,0,tarde
0,3,0,tarde
0,1,0,mañana
0,9,0,tarde
1,106,1,tarde
1,2,0,mañana
1,25,1,tarde
1,-5,0,tarde
1,17,1,mañana
1,10,0,tarde
1,-1,0,tarde
0,4,0,mañana
0,19,1,mañana
1,12,0,mañana
1,23,1,mañana
1,29,1,mañana
1,0,0,mañana
1,0,0,mañana
0,11,0,noche
0,-1,0,noche
0,6,0,noche
0,3,0,noche
1,12,0,noche
1,9,0,noche
1,21,1,noche
0,15,0,mañana
1,39,1,noche
1,0,0,mañana
1,-6,0,noche
1,0,0,mañana
1,3,0,noche
0,18,1,noche
1,29,1,noche
1,18,1,noche
1,4,0,noche
1,25,1,noche
1,10,0,noche
0,46,1,mañana
1,38,1,mañana
1,39,1,mañana
1,8,0,mañana
1,43,1,mañana
1,10,0,mañana
1,11,0,mañana
1,23,1,mañana
1,5,0,mañana
0,14,0,tarde
0,3,0,tarde
0,4,0,tarde
0,12,0,tarde
0,53,1,tarde
0,6,0,tarde
0,2,0,tarde
0,6,0,tarde
0,1,0,tarde
0,8,0,tarde
0,6,0,tarde
0,149,1,tarde
0,105,1,tarde
1,31,1,tarde
1,66,1,tarde
1,22,1,tarde
1,58,1,tarde
1,43,1,tarde
1,147,1,tarde
1,59,1,tarde
1,105,1,tarde
1,20,1,tarde
1,47,1,tarde
1,5,0,tarde
1,56,1,tarde
1,25,1,tarde
1,19,1,tarde
1,21,1,tarde
1,24,1,tarde
1,19,1,tarde
0,6,0,mañana
0,0,0,mañana
0,0,0,mañana
0,0,0,mañana
0,13,0,mañana
0,10,0,mañana
0,2,0,mañana
0,3,0,mañana
0,8,0,mañana
0,30,1,mañana
0,16,1,mañana
0,27,1,mañana
0,28,1,mañana
0,114,1,mañana
1,12,0,mañana
1,52,1,mañana
1,15,0,mañana
1,14,0,mañana
1,30,1,mañana
1,54,1,mañana
1,16,1,mañana
1,14,0,mañana
1,12,0,mañana
1,9,0,mañana
1,9,0,mañana
1,5,0,mañana
1,10,0,mañana
1,12,0,mañana
1,0,0,mañana
1,-5,0,mañana
1,19,1,mañana
0,-1,0,noche
0,7,0,noche
0,-1,0,noche
0,7,0,noche
0,21,1,noche
0,5,0,noche
0,20,1,noche
0,2,0,noche
0,18,1,noche
0,98,1,noche
0,21,1,noche
1,45,1,noche
1,60,1,noche
1,19,1,noche
1,26,1,noche
1,34,1,noche
1,20,1,noche
1,32,1,noche
1,54,1,noche
1,15,0,noche
1,7,0,noche
1,2,0,noche
1,40,1,noche
1,9,0,noche
1,58,1,noche
1,24,1,noche
1,37,1,noche
1,12,0,noche
1,5,0,tarde
1,62,1,noche
1,53,1,mañana
0,3,0,mañana
0,7,0,mañana
0,10,0,mañana
0,14,0,mañana
1,34,1,mañana
1,5,0,mañana
1,1,0,mañana
1,0,0,mañana
1,5,0,mañana
0,7,0,mañana
0,5,0,noche
0,12,0,mañana
0,34,1,noche
1,1,0,mañana
1,1,0,noche
1,6,0,mañana
1,-2,0,noche
1,15,0,mañana
0,-1,0,mañana
0,-6,0,mañana
1,0,0,mañana
0,-4,0,tarde
0,44,1,tarde
0,1,0,tarde
0,42,1,tarde
0,0,0,tarde
0,10,0,tarde
1,0,0,tarde
1,10,0,tarde
1,6,0,tarde
1,-3,0,tarde
1,3,0,tarde
0,8,0,tarde
0,7,0,tarde
1,15,0,tarde
0,14,0,tarde
0,0,0,tarde
0,-2,0,tarde
0,0,0,tarde
1,19,1,tarde
1,11,0,tarde
1,25,1,tarde
1,11,0,tarde
1,5,0,tarde
0,16,1,tarde
0,13,0,mañana
0,1,0,tarde
0,0,0,tarde
1,6,0,tarde
1,7,0,tarde
1,21,1,tarde
1,1,0,tarde
1,7,0,tarde
0,2,0,noche
1,4,0,noche
0,-2,0,noche
0,37,1,noche
0,2,0,noche
1,4,0,noche
1,10,0,noche
1,26,1,noche
1,26,1,noche
1,17,1,noche
0,13,0,noche
0,6,0,noche
1,49,1,noche
1,38,1,noche
1,1,0,noche
0,7,0,noche
0,3,0,noche
0,29,1,noche
0,3,0,mañana
0,57,1,noche
0,13,0,noche
1,-6,0,noche
1,5,0,noche
1,7,0,mañana
1,6,0,noche
1,2,0,noche
1,8,0,mañana
0,56,1,noche
0,4,0,noche
0,46,1,noche
0,5,0,noche
0,9,0,noche
0,26,1,noche
0,3,0,noche
0,8,0,noche
1,9,0,noche
1,6,0,noche
1,47,1,noche
1,5,0,noche
1,7,0,noche
1,-1,0,noche
0,0,0,mañana
0,-2,0,mañana
0,0,0,mañana
0,1,0,mañana
0,4,0,mañana
0,6,0,mañana
0,2,0,mañana
0,9,0,mañana
0,-1,0,mañana
0,12,0,mañana
1,-2,0,mañana
1,9,0,mañana
1,-4,0,mañana
1,2,0,mañana
1,2,0,mañana
1,-1,0,mañana
1,8,0,mañana
1,-3,0,mañana
1,2,0,mañana
1,2,0,mañana
1,2,0,mañana
1,1,0,mañana
1,0,0,mañana
0,3,0,tarde
0,-3,0,tarde
1,18,1,tarde
1,33,1,tarde
0,0,0,mañana
0,6,0,mañana
1,23,1,mañana
1,12,0,mañana
0,5,0,tarde
0,1,0,tarde
0,5,0,tarde
0,3,0,tarde
0,14,0,noche
1,11,0,tarde
1,8,0,tarde
1,4,0,tarde
1,18,1,noche
1,22,1,tarde
1,10,0,tarde
1,7,0,tarde
1,11,0,noche
1,10,0,tarde
1,-3,0,mañana
0,-1,0,noche
0,6,0,noche
0,0,0,noche
0,8,0,noche
0,20,1,noche
0,10,0,noche
0,7,0,noche
0,3,0,noche
0,5,0,noche
1,-2,0,noche
1,12,0,noche
1,3,0,noche
1,34,1,noche
1,12,0,noche
1,-1,0,noche
1,-3,0,noche
1,3,0,noche
0,8,0,noche
0,1,0,noche
0,-1,0,noche
0,8,0,noche
1,23,1,noche
1,2,0,noche
1,0,0,noche
0,1,0,noche
0,5,0,noche
0,1,0,noche
0,0,0,noche
0,0,0,noche
0,-3,0,noche
0,9,0,noche
0,10,0,noche
0,3,0,noche
1,27,1,noche
1,-2,0,noche
1,0,0,noche
1,4,0,noche
1,2,0,noche
1,-2,0,noche
1,4,0,noche
1,109,1,noche
1,6,0,noche
1,-5,0,noche
1,0,0,noche
0,0,0,tarde
0,4,0,tarde
1,34,1,tarde
1,10,0,tarde
0,3,0,mañana
0,12,0,mañana
0,7,0,mañana
0,4,0,mañana
0,5,0,mañana
0,5,0,mañana
0,4,0,mañana
0,8,0,mañana
0,-1,0,mañana
0,1,0,mañana
0,11,0,mañana
0,0,0,mañana
0,1,0,mañana
0,-1,0,mañana
1,7,0,mañana
1,11,0,mañana
1,5,0,mañana
1,8,0,mañana
1,1,0,mañana
1,2,0,mañana
1,4,0,mañana
1,40,1,mañana
1,15,0,mañana
1,-2,0,mañana
1,-2,0,mañana
1,2,0,mañana
1,1,0,mañana
1,0,0,mañana
1,1,0,mañana
1,1,0,mañana
1,1,0,mañana
0,3,0,mañana
0,-7,0,mañana
0,-2,0,mañana
0,22,1,mañana
0,-1,0,mañana
0,5,0,mañana
0,9,0,mañana
0,-1,0,mañana
0,6,0,mañana
0,11,0,mañana
1,17,1,mañana
1,1,0,mañana
1,6,0,mañana
1,2,0,mañana
1,2,0,mañana
1,2,0,mañana
1,1,0,mañana
1,-2,0,mañana
1,4,0,mañana
1,1,0,mañana
0,3,0,mañana
0,2,0,mañana
0,7,0,mañana
0,6,0,mañana
1,29,1,mañana
1,28,1,mañana
1,-1,0,mañana
1,7,0,mañana
0,3,0,mañana
0,5,0,mañana
0,0,0,mañana
0,-8,0,mañana
0,0,0,mañana
0,3,0,mañana
1,1,0,mañana
1,15,0,mañana
1,3,0,mañana
1,9,0,mañana
1,4,0,mañana
1,3,0,mañana
1,-1,0,mañana
1,2,0,mañana
0,6,0,mañana
0,1,0,mañana
0,29,1,mañana
0,-1,0,mañana
0,-1,0,mañana
0,-2,0,mañana
0,0,0,mañana
0,0,0,mañana
0,1,0,mañana
0,6,0,mañana
0,1,0,mañana
1,9,0,mañana
1,3,0,mañana
1,3,0,mañana
1,12,0,mañana
1,5,0,mañana
1,7,0,mañana
1,2,0,mañana
1,-1,0,mañana
1,-3,0,mañana
1,2,0,mañana
1,1,0,mañana
1,22,1,mañana
1,22,1,mañana
0,-6,0,noche
0,-4,0,noche
1,-2,0,noche
1,7,0,noche
0,11,0,tarde
0,2,0,mañana
0,5,0,tarde
0,-3,0,mañana
1,2,0,tarde
1,2,0,mañana
1,0,0,tarde
1,-8,0,mañana
1,-4,0,tarde
0,0,0,tarde
0,1,0,tarde
0,2,0,tarde
0,17,1,tarde
0,4,0,tarde
0,-2,0,tarde
0,10,0,tarde
0,18,1,tarde
0,-4,0,tarde
1,7,0,tarde
1,6,0,tarde
1,3,0,tarde
1,14,0,tarde
1,13,0,tarde
1,42,1,tarde
1,3,0,tarde
1,4,0,tarde
1,13,0,tarde
1,5,0,tarde
1,3,0,tarde
1,7,0,tarde
0,7,0,tarde
0,1,0,tarde
0,2,0,tarde
0,-3,0,tarde
0,4,0,tarde
0,-3,0,tarde
0,8,0,tarde
0,-2,0,tarde
0,3,0,tarde
0,2,0,tarde
1,6,0,tarde
1,9,0,tarde
1,6,0,tarde
1,10,0,tarde
1,18,1,tarde
1,-1,0,tarde
1,3,0,tarde
1,-2,0,tarde
1,0,0,tarde
1,11,0,tarde
1,0,0,tarde
0,-2,0,tarde
0,0,0,tarde
0,12,0,tarde
0,9,0,tarde
0,24,1,tarde
0,1,0,tarde
0,68,1,tarde
0,-4,0,tarde
0,1,0,tarde
0,-4,0,tarde
0,19,1,tarde
0,7,0,tarde
0,-3,0,tarde
0,17,1,tarde
1,7,0,tarde
1,4,0,tarde
1,0,0,tarde
1,17,1,tarde
1,0,0,tarde
1,11,0,tarde
1,28,1,tarde
1,6,0,tarde
1,11,0,tarde
1,1,0,tarde
1,-4,0,tarde
1,4,0,tarde
1,9,0,tarde
1,-1,0,tarde
1,3,0,tarde
1,1,0,tarde
0,0,0,noche
0,-4,0,noche
0,0,0,noche
0,4,0,noche
0,16,1,noche
0,-5,0,noche
1,8,0,noche
1,11,0,noche
1,9,0,noche
1,0,0,noche
1,5,0,noche
0,0,0,mañana
0,1,0,mañana
1,-2,0,mañana
1,-2,0,mañana
0,-1,0,mañana
0,-8,0,mañana
0,-2,0,mañana
0,2,0,mañana
0,0,0,mañana
0,-3,0,mañana
0,17,1,mañana
0,-2,0,mañana
0,-1,0,mañana
0,6,0,mañana
0,8,0,mañana
0,4,0,mañana
1,8,0,mañana
1,-1,0,mañana
1,-3,0,mañana
1,4,0,mañana
1,-3,0,mañana
1,-1,0,mañana
1,-3,0,mañana
1,8,0,mañana
1,2,0,mañana
1,6,0,mañana
1,-2,0,mañana
1,3,0,mañana
1,-7,0,mañana
0,-1,0,mañana
0,-8,0,mañana
0,8,0,mañana
0,1,0,mañana
0,3,0,mañana
1,3,0,mañana
1,1,0,mañana
0,3,0,mañana
0,10,0,mañana
0,-3,0,mañana
0,4,0,mañana
0,7,0,mañana
0,-4,0,mañana
1,0,0,mañana
1,0,0,mañana
1,17,1,mañana
1,-6,0,mañana
1,0,0,mañana
1,-6,0,mañana
0,7,0,mañana
0,0,0,mañana
0,14,0,mañana
0,11,0,mañana
0,2,0,mañana
0,12,0,mañana
0,11,0,mañana
0,8,0,mañana
0,4,0,mañana
1,7,0,mañana
1,4,0,mañana
1,5,0,mañana
1,1,0,mañana
1,7,0,mañana
1,10,0,mañana
1,1,0,mañana
1,17,1,mañana
1,2,0,mañana
1,4,0,mañana
1,0,0,mañana
1,1,0,mañana
1,10,0,mañana
1,-1,0,mañana
0,1,0,mañana
0,7,0,mañana
0,2,0,mañana
0,2,0,mañana
1,30,1,mañana
1,2,0,mañana
1,-11,0,mañana
1,2,0,mañana
0,12,0,tarde
0,4,0,tarde
0,2,0,tarde
0,0,0,tarde
1,25,1,tarde
1,14,0,tarde
1,28,1,tarde
1,21,1,tarde
1,5,0,tarde
0,13,0,tarde
0,2,0,tarde
0,0,0,tarde
0,35,1,tarde
0,2,0,tarde
0,5,0,tarde
0,15,0,tarde
0,3,0,tarde
1,25,1,tarde
1,7,0,tarde
1,8,0,tarde
1,9,0,tarde
1,-1,0,tarde
1,17,1,tarde
1,6,0,tarde
1,8,0,tarde
0,5,0,tarde
0,19,1,tarde
0,3,0,tarde
0,0,0,tarde
0,20,1,tarde
0,0,0,tarde
0,4,0,tarde
0,6,0,tarde
0,1,0,tarde
0,13,0,tarde
0,40,1,tarde
0,6,0,tarde
0,-2,0,tarde
0,2,0,tarde
1,9,0,tarde
1,3,0,tarde
1,6,0,tarde
1,6,0,tarde
1,3,0,tarde
1,3,0,tarde
1,4,0,tarde
1,18,1,tarde
1,6,0,tarde
1,0,0,tarde
1,-1,0,tarde
1,2,0,tarde
1,15,0,tarde
1,4,0,tarde
1,-5,0,tarde
1,9,0,tarde
1,2,0,tarde
0,2,0,tarde
0,14,0,tarde
0,6,0,tarde
0,7,0,tarde
0,4,0,tarde
0,8,0,mañana
0,5,0,tarde
0,13,0,tarde
0,7,0,tarde
0,4,0,tarde
1,16,1,tarde
1,11,0,tarde
1,16,1,tarde
1,2,0,tarde
1,14,0,tarde
1,13,0,tarde
1,-3,0,tarde
1,2,0,tarde
1,9,0,tarde
1,11,0,tarde
1,1,0,tarde
1,-5,0,tarde
0,7,0,mañana
0,-1,0,mañana
0,-2,0,mañana
0,3,0,mañana
0,0,0,mañana
0,2,0,mañana
0,0,0,mañana
0,3,0,mañana
0,9,0,mañana
1,9,0,mañana
1,10,0,mañana
1,-6,0,mañana
1,1,0,mañana
1,0,0,mañana
1,-2,0,mañana
1,15,0,mañana
1,-12,0,mañana
1,10,0,mañana
1,10,0,mañana
1,9,0,mañana
1,2,0,mañana
0,0,0,mañana
0,7,0,mañana
0,5,0,mañana
0,7,0,mañana
0,8,0,mañana
0,51,1,mañana
0,5,0,mañana
0,8,0,mañana
0,6,0,mañana
0,30,1,mañana
0,1,0,mañana
0,-1,0,mañana
0,4,0,mañana
0,14,0,mañana
1,3,0,mañana
1,1,0,mañana
1,7,0,mañana
1,4,0,mañana
1,11,0,mañana
1,-1,0,mañana
1,5,0,mañana
1,6,0,mañana
1,15,0,mañana
1,-2,0,mañana
1,-6,0,mañana
1,17,1,mañana
1,6,0,mañana
1,3,0,mañana
1,4,0,mañana
1,7,0,mañana
1,0,0,mañana
0,7,0,mañana
0,3,0,mañana
0,7,0,mañana
0,14,0,tarde
0,5,0,mañana
0,6,0,tarde
0,13,0,mañana
0,-3,0,tarde
0,14,0,mañana
0,0,0,mañana
0,104,1,noche
0,21,1,mañana
0,10,0,noche
0,18,1,mañana
1,37,1,noche
1,19,1,mañana
1,-4,0,mañana
1,30,1,mañana
1,6,0,mañana
1,36,1,noche
1,16,1,mañana
1,6,0,noche
1,6,0,mañana
1,-1,0,mañana
1,4,0,mañana
1,19,1,mañana
1,9,0,tarde
1,7,0,mañana
1,16,1,mañana
1,0,0,mañana
0,25,1,tarde
0,24,1,tarde
0,-2,0,tarde
0,32,1,tarde
1,12,0,tarde
1,35,1,tarde
1,-3,0,tarde
0,16,1,tarde
0,-4,0,tarde
0,7,0,tarde
0,7,0,tarde
0,9,0,tarde
0,5,0,tarde
0,1,0,tarde
0,10,0,tarde
0,18,1,tarde
0,1,0,tarde
0,2,0,tarde
0,35,1,tarde
0,1,0,tarde
1,-1,0,tarde
1,32,1,tarde
1,1,0,tarde
1,12,0,tarde
1,0,0,tarde
1,7,0,tarde
1,22,1,tarde
1,4,0,tarde
1,16,1,tarde
1,2,0,tarde
1,12,0,tarde
1,-1,0,tarde
1,33,1,tarde
1,2,0,tarde
1,12,0,tarde
1,-1,0,tarde
1,0,0,tarde
0,23,1,noche
0,3,0,tarde
0,1,0,tarde
0,-2,0,noche
0,33,1,tarde
0,2,0,tarde
1,4,0,noche
1,14,0,tarde
1,5,0,tarde
1,29,1,noche
1,2,0,tarde
1,12,0,tarde
1,10,0,noche
1,-2,0,tarde
0,-4,0,noche
0,18,1,noche
0,2,0,noche
0,1,0,noche
1,2,0,noche
1,13,0,noche
1,0,0,noche
0,42,1,noche
0,-1,0,noche
0,33,1,noche
0,24,1,noche
0,4,0,noche
0,60,1,noche
0,46,1,noche
0,2,0,noche
0,11,0,noche
0,12,0,noche
1,1,0,noche
1,37,1,noche
1,27,1,noche
1,0,0,noche
1,-5,0,noche
1,12,0,noche
1,41,1,noche
1,-1,0,noche
1,-4,0,noche
0,1,0,noche
1,18,1,noche
1,-1,0,noche
0,4,0,noche
0,3,0,noche
0,2,0,tarde
0,53,1,noche
0,4,0,noche
0,1,0,noche
0,5,0,tarde
0,12,0,noche
1,2,0,noche
1,6,0,noche
1,54,1,tarde
1,9,0,noche
1,38,1,noche
1,4,0,tarde
1,-6,0,tarde
1,2,0,noche
1,1,0,tarde
0,10,0,mañana
0,-2,0,mañana
0,10,0,mañana
0,1,0,mañana
0,2,0,mañana
0,31,1,mañana
0,14,0,mañana
0,0,0,mañana
1,18,1,mañana
1,10,0,mañana
1,7,0,mañana
1,4,0,mañana
1,5,0,mañana
1,3,0,mañana
1,-2,0,mañana
0,22,1,mañana
0,2,0,mañana
0,1,0,mañana
0,-2,0,mañana
0,4,0,mañana
0,-2,0,mañana
0,2,0,mañana
0,1,0,mañana
0,-4,0,mañana
0,12,0,mañana
0,16,1,mañana
0,-3,0,mañana
0,12,0,mañana
1,-1,0,mañana
1,4,0,mañana
1,12,0,mañana
1,17,1,mañana
1,0,0,mañana
1,8,0,mañana
1,4,0,mañana
1,5,0,mañana
1,-3,0,mañana
1,2,0,mañana
1,-4,0,mañana
1,0,0,mañana
1,-1,0,mañana
1,-1,0,mañana
1,0,0,mañana
0,-2,0,mañana
0,4,0,mañana
0,1,0,mañana
0,14,0,mañana
0,3,0,mañana
0,12,0,mañana
0,1,0,mañana
1,-2,0,mañana
1,4,0,mañana
1,11,0,mañana
1,2,0,mañana
1,9,0,mañana
1,0,0,mañana
1,-1,0,mañana
1,-7,0,mañana
1,2,0,mañana
0,9,0,mañana
0,11,0,tarde
0,2,0,mañana
0,0,0,tarde
0,-3,0,mañana
0,1,0,tarde
0,14,0,mañana
0,6,0,tarde
0,7,0,mañana
1,5,0,mañana
1,9,0,tarde
1,15,0,mañana
1,0,0,tarde
1,0,0,tarde
1,3,0,mañana
1,11,0,tarde
1,0,0,tarde
0,14,0,tarde
0,-1,0,tarde
0,6,0,tarde
0,0,0,tarde
0,-3,0,tarde
0,-4,0,tarde
0,9,0,tarde
0,2,0,tarde
0,0,0,tarde
1,7,0,tarde
1,3,0,tarde
1,3,0,tarde
1,28,1,tarde
1,0,0,tarde
1,28,1,tarde
1,2,0,tarde
1,7,0,tarde
1,8,0,tarde
1,2,0,tarde
1,11,0,tarde
1,-3,0,tarde
0,1,0,tarde
0,4,0,tarde
0,7,0,tarde
0,-2,0,tarde
0,1,0,tarde
0,3,0,tarde
0,9,0,mañana
0,-2,0,tarde
0,24,1,tarde
0,6,0,tarde
0,2,0,tarde
0,1,0,tarde
0,3,0,tarde
0,2,0,mañana
1,5,0,tarde
1,8,0,tarde
1,36,1,tarde
1,0,0,tarde
1,5,0,tarde
1,4,0,mañana
1,38,1,tarde
1,-1,0,tarde
1,7,0,tarde
1,-3,0,tarde
1,1,0,tarde
1,7,0,tarde
1,5,0,tarde
0,18,1,tarde
0,-1,0,tarde
0,9,0,tarde
0,8,0,tarde
0,16,1,tarde
0,46,1,tarde
1,12,0,tarde
1,1,0,tarde
1,16,1,tarde
1,5,0,tarde
1,3,0,tarde
1,9,0,tarde
1,12,0,tarde
1,-4,0,tarde
0,11,0,tarde
0,25,1,tarde
1,8,0,tarde
1,25,1,tarde
1,15,0,tarde
0,8,0,noche
0,2,0,tarde
0,1,0,tarde
0,11,0,tarde
0,2,0,tarde
0,0,0,tarde
0,1,0,tarde
0,26,1,tarde
1,6,0,noche
1,9,0,tarde
1,-2,0,tarde
1,11,0,tarde
1,1,0,tarde
1,1,0,noche
1,4,0,tarde
1,16,1,tarde
1,-3,0,noche
0,4,0,tarde
0,28,1,noche
0,14,0,noche
0,9,0,noche
0,-2,0,noche
0,17,1,noche
1,9,0,noche
1,-3,0,noche
1,0,0,noche
1,18,1,noche
1,8,0,noche
1,9,0,noche
1,28,1,noche
0,5,0,noche
0,113,1,noche
0,51,1,noche
0,3,0,noche
0,3,0,noche
0,4,0,noche
0,25,1,noche
0,9,0,noche
0,0,0,noche
0,27,1,noche
1,22,1,noche
1,0,0,noche
1,3,0,noche
1,10,0,noche
1,4,0,noche
1,8,0,noche
1,6,0,noche
1,-4,0,noche
1,12,0,noche
1,5,0,noche
1,1,0,noche
1,0,0,noche
0,7,0,mañana
0,8,0,mañana
0,-1,0,mañana
0,9,0,mañana
0,0,0,mañana
0,9,0,mañana
0,11,0,mañana
0,8,0,mañana
0,0,0,mañana
0,4,0,mañana
0,9,0,mañana
0,-2,0,mañana
0,11,0,mañana
0,7,0,mañana
1,3,0,mañana
1,3,0,mañana
1,6,0,mañana
1,13,0,mañana
1,4,0,mañana
1,7,0,mañana
1,78,1,mañana
1,7,0,mañana
1,8,0,mañana
1,-1,0,mañana
1,2,0,mañana
1,1,0,mañana
1,4,0,mañana
1,2,0,mañana
1,4,0,mañana
1,1,0,mañana
1,16,1,mañana
1,-4,0,tarde
1,12,0,tarde
0,8,0,mañana
0,-1,0,tarde
0,3,0,mañana
0,23,1,tarde
0,13,0,mañana
0,1,0,mañana
0,16,1,mañana
0,19,1,mañana
0,13,0,tarde
0,16,1,tarde
0,12,0,mañana
0,-3,0,mañana
1,-1,0,mañana
1,2,0,tarde
1,28,1,mañana
1,9,0,mañana
1,9,0,mañana
1,10,0,mañana
1,1,0,mañana
1,2,0,mañana
1,0,0,mañana
1,-5,0,tarde
1,13,0,mañana
1,5,0,mañana
1,3,0,mañana
1,0,0,mañana
1,21,1,mañana
0,10,0,tarde
0,15,0,tarde
0,12,0,tarde
0,5,0,tarde
0,3,0,tarde
0,21,1,tarde
0,0,0,tarde
0,12,0,tarde
0,8,0,tarde
0,22,1,tarde
1,2,0,tarde
1,16,1,tarde
1,-2,0,tarde
1,6,0,tarde
1,-5,0,tarde
1,15,0,tarde
1,7,0,tarde
1,1,0,tarde
1,4,0,tarde
1,0,0,tarde
1,0,0,tarde
0,3,0,tarde
0,8,0,tarde
0,6,0,tarde
0,0,0,tarde
0,1,0,tarde
0,12,0,tarde
0,13,0,tarde
0,15,0,tarde
0,1,0,tarde
0,-4,0,tarde
0,45,1,tarde
0,0,0,tarde
0,8,0,tarde
0,3,0,tarde
1,3,0,tarde
1,4,0,tarde
1,4,0,tarde
1,2,0,tarde
1,21,1,tarde
1,4,0,tarde
1,1,0,tarde
1,86,1,tarde
1,14,0,tarde
1,19,1,tarde
1,4,0,tarde
1,8,0,tarde
1,2,0,tarde
1,6,0,tarde
1,20,1,tarde
0,1,0,tarde
0,4,0,tarde
0,13,0,tarde
0,7,0,tarde
0,7,0,tarde
0,7,0,tarde
0,-5,0,tarde
0,0,0,tarde
0,8,0,tarde
0,8,0,tarde
0,19,1,tarde
1,5,0,tarde
1,4,0,tarde
1,-1,0,tarde
1,9,0,tarde
1,3,0,tarde
1,7,0,tarde
1,20,1,tarde
1,1,0,tarde
1,0,0,tarde
1,6,0,tarde
1,115,1,tarde
1,6,0,tarde
1,0,0,tarde
0,45,1,tarde
0,10,0,mañana
0,4,0,tarde
0,4,0,tarde
0,18,1,mañana
0,5,0,tarde
1,10,0,tarde
1,-3,0,mañana
1,3,0,tarde
1,50,1,tarde
1,2,0,mañana
1,3,0,tarde
1,20,1,tarde
1,1,0,mañana
0,17,1,mañana
0,13,0,mañana
0,-4,0,mañana
0,10,0,mañana
1,21,1,mañana
1,3,0,mañana
1,11,0,mañana
0,6,0,mañana
0,7,0,mañana
0,8,0,mañana
0,0,0,mañana
0,5,0,mañana
0,2,0,mañana
0,-1,0,mañana
0,8,0,mañana
0,-1,0,mañana
0,0,0,mañana
1,-5,0,mañana
1,-5,0,mañana
1,13,0,mañana
1,5,0,mañana
1,12,0,mañana
1,8,0,mañana
1,8,0,mañana
1,1,0,mañana
1,1,0,mañana
1,23,1,mañana
1,13,0,mañana
0,10,0,mañana
0,8,0,mañana
0,35,1,noche
0,41,1,mañana
0,13,0,mañana
1,9,0,mañana
1,6,0,mañana
1,1,0,noche
1,8,0,mañana
1,11,0,mañana
1,13,0,mañana
1,0,0,mañana
0,3,0,mañana
0,0,0,mañana
0,3,0,tarde
0,7,0,mañana
0,5,0,mañana
0,3,0,mañana
0,87,1,mañana
0,8,0,mañana
1,1,0,mañana
1,3,0,mañana
1,1,0,mañana
1,35,1,mañana
1,21,1,mañana
1,4,0,mañana
1,2,0,mañana
1,1,0,mañana
1,11,0,mañana
0,0,0,tarde
0,0,0,tarde
0,0,0,tarde
0,6,0,tarde
0,2,0,tarde
1,8,0,tarde
1,8,0,tarde
1,-1,0,tarde
1,5,0,tarde
1,11,0,tarde
0,0,0,tarde
0,19,1,tarde
0,3,0,tarde
0,2,0,tarde
0,16,1,tarde
0,2,0,tarde
0,0,0,tarde
0,28,1,tarde
0,2,0,tarde
0,20,1,tarde
1,1,0,tarde
1,3,0,tarde
1,9,0,tarde
1,25,1,tarde
1,11,0,tarde
1,13,0,tarde
1,15,0,tarde
1,2,0,tarde
1,12,0,tarde
0,14,0,tarde
0,4,0,noche
0,11,0,noche
0,14,0,noche
0,7,0,noche
0,5,0,noche
0,4,0,noche
1,10,0,tarde
1,79,1,noche
1,32,1,noche
1,12,0,noche
1,9,0,tarde
1,10,0,tarde
1,26,1,noche
1,8,0,noche
1,0,0,tarde
1,28,1,tarde
0,7,0,mañana
0,1,0,mañana
0,-1,0,mañana
0,20,1,mañana
0,28,1,mañana
0,9,0,mañana
0,5,0,mañana
0,11,0,mañana
0,4,0,mañana
0,11,0,mañana
0,28,1,mañana
0,3,0,mañana
0,10,0,mañana
1,3,0,mañana
1,9,0,mañana
1,11,0,mañana
1,6,0,mañana
1,6,0,mañana
1,7,0,mañana
1,11,0,mañana
1,-3,0,mañana
1,2,0,mañana
1,15,0,mañana
1,1,0,mañana
1,22,1,mañana
1,0,0,mañana
1,0,0,mañana
0,19,1,tarde
0,22,1,tarde
0,32,1,tarde
0,3,0,tarde
0,14,0,tarde
0,6,0,tarde
0,12,0,tarde
0,9,0,tarde
0,5,0,tarde
0,3,0,tarde
0,8,0,tarde
0,12,0,tarde
0,6,0,tarde
0,3,0,tarde
1,4,0,tarde
1,12,0,tarde
1,21,1,tarde
1,13,0,tarde
1,8,0,tarde
1,4,0,tarde
1,8,0,tarde
1,29,1,tarde
1,7,0,tarde
1,8,0,tarde
1,19,1,tarde
1,9,0,tarde
1,5,0,tarde
1,13,0,tarde
1,11,0,tarde
1,7,0,tarde
1,11,0,tarde
0,14,0,mañana
0,3,0,mañana
0,6,0,mañana
0,9,0,mañana
0,10,0,mañana
0,21,1,mañana
0,6,0,mañana
0,15,0,mañana
0,14,0,mañana
0,-1,0,mañana
0,1,0,mañana
0,1,0,mañana
1,3,0,mañana
1,9,0,mañana
1,3,0,mañana
1,53,1,mañana
1,38,1,mañana
1,15,0,mañana
1,-2,0,mañana
0,7,0,mañana
0,11,0,mañana
1,1,0,mañana
1,7,0,mañana
1,4,0,mañana
0,-3,0,tarde
0,14,0,mañana
0,7,0,tarde
0,2,0,tarde
0,-1,0,tarde
0,36,1,mañana
0,15,0,tarde
0,4,0,tarde
1,5,0,tarde
1,2,0,mañana
1,5,0,tarde
1,11,0,tarde
1,33,1,tarde
1,1,0,tarde
1,0,0,tarde
1,0,0,tarde
1,14,0,tarde
1,-2,0,tarde
0,15,0,mañana
0,2,0,mañana
0,-2,0,mañana
0,6,0,mañana
0,13,0,mañana
0,2,0,mañana
0,49,1,mañana
0,12,0,mañana
0,6,0,mañana
0,9,0,mañana
0,3,0,mañana
0,6,0,mañana
0,7,0,mañana
0,52,1,mañana
1,11,0,mañana
1,0,0,mañana
1,14,0,mañana
1,6,0,mañana
1,5,0,mañana
1,14,0,mañana
1,0,0,mañana
1,8,0,mañana
1,5,0,mañana
1,10,0,mañana
1,-4,0,mañana
1,3,0,mañana
1,10,0,mañana
1,7,0,mañana
1,1,0,mañana
1,-3,0,mañana
1,1,0,mañana
0,17,1,noche
0,12,0,tarde
0,38,1,noche
0,24,1,noche
0,11,0,tarde
0,41,1,noche
1,2,0,noche
1,4,0,tarde
1,16,1,noche
1,0,0,tarde
1,7,0,noche
0,6,0,tarde
0,7,0,tarde
0,37,1,tarde
0,10,0,tarde
0,22,1,tarde
0,9,0,tarde
0,8,0,tarde
0,-2,0,tarde
0,8,0,tarde
0,4,0,tarde
0,6,0,tarde
0,11,0,tarde
0,5,0,tarde
0,1,0,tarde
1,1,0,tarde
1,11,0,tarde
1,9,0,tarde
1,11,0,tarde
1,15,0,tarde
1,12,0,tarde
1,19,1,tarde
1,15,0,tarde
1,5,0,tarde
1,9,0,tarde
1,5,0,tarde
1,14,0,tarde
1,5,0,tarde
1,0,0,tarde
1,3,0,tarde
1,3,0,tarde
1,3,0,tarde
0,28,1,noche
0,2,0,noche
0,27,1,noche
0,3,0,noche
0,2,0,noche
0,7,0,noche
1,7,0,noche
1,10,0,noche
1,6,0,noche
1,5,0,noche
1,21,1,noche
0,15,0,noche
0,9,0,noche
1,0,0,noche
1,10,0,noche
0,0,0,mañana
0,3,0,mañana
1,27,1,mañana
0,9,0,mañana
0,-4,0,mañana
0,0,0,mañana
0,5,0,mañana
0,3,0,mañana
0,13,0,mañana
0,7,0,mañana
0,15,0,mañana
0,2,0,mañana
0,15,0,mañana
1,9,0,mañana
1,5,0,mañana
1,34,1,mañana
1,16,1,mañana
1,4,0,mañana
1,17,1,mañana
1,1,0,mañana
1,4,0,mañana
1,15,0,mañana
1,14,0,mañana
1,20,1,mañana
1,2,0,mañana
0,4,0,noche
0,3,0,mañana
0,3,0,noche
0,8,0,noche
0,1,0,mañana
0,5,0,noche
0,5,0,noche
1,7,0,mañana
1,-2,0,noche
1,6,0,noche
1,14,0,noche
1,0,0,noche
1,7,0,tarde
0,7,0,tarde
0,12,0,tarde
0,0,0,tarde
0,4,0,tarde
0,1,0,tarde
0,19,1,tarde
0,7,0,tarde
0,5,0,tarde
1,8,0,tarde
1,4,0,tarde
1,14,0,tarde
1,16,1,tarde
1,2,0,tarde
1,0,0,tarde
1,0,0,tarde
1,13,0,tarde
1,2,0,tarde
0,9,0,mañana
0,2,0,mañana
0,11,0,mañana
0,2,0,mañana
0,1,0,mañana
0,-1,0,mañana
0,23,1,mañana
0,0,0,mañana
0,1,0,mañana
0,2,0,mañana
0,24,1,mañana
0,0,0,mañana
0,9,0,mañana
0,-4,0,mañana
1,23,1,mañana
1,22,1,mañana
1,9,0,mañana
1,35,1,mañana
1,1,0,mañana
1,2,0,mañana
1,-1,0,mañana
1,2,0,mañana
1,4,0,mañana
1,0,0,mañana
1,-5,0,mañana
1,2,0,mañana
1,0,0,mañana
1,5,0,mañana
1,7,0,mañana
1,6,0,mañana
1,-3,0,mañana
0,4,0,mañana
0,5,0,tarde
0,48,1,tarde
0,7,0,mañana
0,6,0,tarde
0,14,0,tarde
0,15,0,tarde
0,6,0,mañana
0,11,0,tarde
1,15,0,mañana
1,22,1,tarde
1,97,1,tarde
1,1,0,mañana
1,-3,0,tarde
1,8,0,mañana
1,-2,0,tarde
1,-1,0,tarde
1,12,0,mañana
1,15,0,tarde
1,10,0,mañana
1,-2,0,tarde
0,6,0,tarde
0,2,0,tarde
0,-4,0,mañana
0,0,0,tarde
0,27,1,mañana
1,4,0,tarde
1,5,0,tarde
1,8,0,mañana
1,34,1,tarde
1,10,0,tarde
0,7,0,tarde
0,-1,0,tarde
0,-1,0,tarde
0,-5,0,tarde
0,-2,0,tarde
0,3,0,tarde
0,2,0,tarde
0,16,1,tarde
0,7,0,tarde
0,6,0,tarde
0,9,0,tarde
1,0,0,tarde
1,14,0,tarde
1,-2,0,tarde
1,0,0,tarde
1,8,0,tarde
1,24,1,tarde
1,-2,0,tarde
1,3,0,tarde
1,6,0,tarde
0,-3,0,noche
0,24,1,noche
0,23,1,noche
0,14,0,noche
0,19,1,noche
0,45,1,noche
0,-2,0,noche
0,-4,0,noche
0,1,0,noche
0,4,0,noche
0,14,0,noche
0,6,0,noche
1,4,0,noche
1,13,0,noche
1,20,1,noche
1,17,1,noche
1,35,1,noche
1,28,1,noche
1,85,1,noche
1,4,0,noche
1,14,0,noche
1,13,0,noche
1,1,0,noche
1,38,1,noche
0,1,0,mañana
0,28,1,mañana
1,-2,0,mañana
1,0,0,mañana
0,9,0,tarde
0,-1,0,tarde
0,4,0,tarde
0,0,0,tarde
0,13,0,tarde
0,-1,0,tarde
0,4,0,tarde
0,32,1,tarde
0,100,1,tarde
1,11,0,tarde
1,10,0,tarde
1,-7,0,tarde
1,0,0,tarde
1,32,1,tarde
1,16,1,tarde
1,1,0,tarde
1,-1,0,tarde
1,1,0,tarde
1,14,0,tarde
1,12,0,tarde
1,-6,0,tarde
0,-4,0,tarde
0,2,0,tarde
0,6,0,tarde
0,12,0,tarde
0,6,0,tarde
0,3,0,tarde
0,18,1,tarde
1,-2,0,tarde
1,-1,0,tarde
1,5,0,tarde
1,20,1,tarde
1,6,0,tarde
1,-1,0,tarde
1,-4,0,tarde
0,6,0,tarde
0,12,0,noche
0,37,1,noche
0,1,0,tarde
0,0,0,noche
0,109,1,noche
1,-1,0,tarde
1,6,0,noche
1,25,1,noche
1,1,0,tarde
1,8,0,noche
1,1,0,noche
0,17,1,noche
0,18,1,noche
0,10,0,noche
0,3,0,noche
0,-2,0,tarde
0,1,0,noche
0,9,0,noche
0,14,0,noche
0,145,1,noche
1,58,1,noche
1,0,0,noche
1,26,1,noche
1,16,1,noche
1,74,1,tarde
1,15,0,noche
1,29,1,noche
1,3,0,tarde
0,1,0,tarde
0,27,1,noche
0,0,0,tarde
0,0,0,tarde
0,13,0,tarde
0,23,1,noche
0,24,1,tarde
0,10,0,tarde
1,9,0,tarde
1,4,0,tarde
1,0,0,tarde
1,30,1,tarde
1,24,1,tarde
1,14,0,tarde
1,10,0,tarde
1,31,1,tarde
0,23,1,noche
0,11,0,noche
1,4,0,noche
0,56,1,noche
0,25,1,noche
0,2,0,noche
0,15,0,noche
0,48,1,noche
0,15,0,noche
0,0,0,noche
0,11,0,noche
0,11,0,noche
0,130,1,noche
1,48,1,noche
1,10,0,noche
1,12,0,noche
1,44,1,noche
1,14,0,noche
1,0,0,noche
1,-3,0,noche
1,15,0,noche
1,8,0,noche
0,1,0,mañana
0,4,0,mañana
0,36,1,mañana
0,9,0,mañana
1,26,1,mañana
1,20,1,mañana
1,19,1,mañana
1,15,0,mañana
0,20,1,tarde
0,5,0,mañana
0,14,0,mañana
0,11,0,tarde
0,17,1,tarde
0,5,0,mañana
1,0,0,tarde
1,1,0,tarde
1,8,0,tarde
1,-3,0,mañana
1,-3,0,tarde
0,1,0,noche
0,5,0,noche
0,-7,0,noche
0,-1,0,noche
0,15,0,noche
0,0,0,noche
1,9,0,noche
1,-1,0,noche
1,2,0,noche
0,2,0,tarde
0,-3,0,mañana
0,2,0,mañana
0,6,0,tarde
0,15,0,tarde
0,18,1,tarde
0,25,1,mañana
0,11,0,tarde
0,7,0,mañana
0,2,0,mañana
0,0,0,tarde
0,-5,0,tarde
0,27,1,tarde
0,14,0,mañana
1,8,0,tarde
1,3,0,mañana
1,17,1,mañana
1,16,1,tarde
1,2,0,tarde
1,13,0,tarde
1,11,0,mañana
1,120,1,tarde
1,3,0,mañana
1,-4,0,mañana
1,-3,0,tarde
1,16,1,tarde
1,5,0,tarde
1,0,0,mañana
1,6,0,tarde
1,0,0,mañana
1,-3,0,mañana
0,5,0,mañana
0,0,0,mañana
0,1,0,mañana
0,3,0,mañana
0,10,0,mañana
0,-3,0,mañana
0,4,0,mañana
1,0,0,mañana
1,2,0,mañana
1,0,0,mañana
1,0,0,mañana
1,-1,0,mañana
1,1,0,mañana
0,128,1,noche
0,8,0,noche
0,2,0,noche
0,0,0,tarde
0,21,1,tarde
0,44,1,noche
0,-2,0,noche
0,-2,0,noche
0,23,1,tarde
0,26,1,tarde
1,5,0,mañana
1,4,0,noche
1,6,0,noche
1,12,0,noche
1,4,0,tarde
1,34,1,tarde
1,-3,0,mañana
1,12,0,noche
1,-7,0,noche
1,3,0,tarde
1,-2,0,tarde
0,3,0,tarde
0,0,0,tarde
0,2,0,tarde
0,2,0,tarde
0,28,1,tarde
0,5,0,tarde
0,2,0,tarde
0,4,0,tarde
0,3,0,tarde
0,6,0,tarde
0,-1,0,tarde
0,-1,0,tarde
0,0,0,tarde
0,0,0,tarde
1,6,0,tarde
1,0,0,tarde
1,4,0,tarde
1,7,0,tarde
1,5,0,tarde
1,-5,0,tarde
1,5,0,tarde
1,7,0,tarde
1,6,0,tarde
1,-5,0,tarde
1,0,0,tarde
1,-1,0,tarde
1,-2,0,tarde
1,10,0,tarde
1,4,0,tarde
1,5,0,tarde
0,8,0,tarde
0,77,1,tarde
0,27,1,tarde
1,-2,0,tarde
1,2,0,tarde
1,-4,0,tarde
0,11,0,tarde
0,14,0,noche
0,35,1,noche
0,18,1,noche
0,31,1,noche
0,2,0,noche
0,-2,0,noche
0,12,0,noche
0,6,0,tarde
1,1,0,noche
1,0,0,noche
1,6,0,noche
1,19,1,noche
1,10,0,tarde
1,-3,0,tarde
1,-3,0,noche
1,2,0,noche
1,-6,0,noche
1,7,0,noche
0,-3,0,noche
0,37,1,noche
0,-1,0,noche
0,3,0,noche
0,46,1,noche
1,4,0,noche
1,10,0,noche
0,0,0,noche
0,-2,0,noche
0,17,1,noche
1,-1,0,noche
1,34,1,noche
1,93,1,noche
1,42,1,noche
1,-4,0,noche
0,9,0,noche
0,0,0,noche
0,5,0,noche
0,0,0,noche
0,5,0,noche
0,-1,0,noche
0,22,1,noche
0,-1,0,noche
0,18,1,noche
1,157,1,noche
1,10,0,noche
1,-1,0,noche
1,23,1,noche
1,65,1,noche
1,7,0,noche
1,4,0,noche
1,0,0,noche
1,12,0,noche
1,6,0,noche
1,5,0,noche
0,9,0,mañana
0,19,1,mañana
0,0,0,noche
0,2,0,noche
0,1,0,noche
0,0,0,mañana
0,9,0,mañana
0,1,0,noche
0,19,1,noche
0,-1,0,noche
0,4,0,noche
1,8,0,mañana
1,6,0,mañana
1,-2,0,noche
1,5,0,noche
1,1,0,noche
1,21,1,noche
1,4,0,mañana
1,-3,0,mañana
1,-4,0,mañana
1,-3,0,noche
1,7,0,noche
1,1,0,mañana
1,-3,0,mañana
0,4,0,mañana
0,22,1,mañana
0,1,0,mañana
0,13,0,mañana
0,-1,0,mañana
0,4,0,mañana
0,4,0,mañana
0,-6,0,mañana
0,18,1,mañana
1,4,0,mañana
1,6,0,mañana
1,5,0,mañana
1,12,0,mañana
1,-2,0,mañana
1,13,0,mañana
1,0,0,mañana
1,12,0,mañana
1,28,1,mañana
1,1,0,mañana
1,0,0,mañana
0,4,0,noche
0,5,0,tarde
0,15,0,noche
0,9,0,tarde
0,4,0,noche
0,5,0,noche
0,25,1,noche
0,28,1,noche
0,11,0,tarde
0,-2,0,noche
0,4,0,tarde
0,8,0,noche
0,28,1,noche
0,6,0,noche
1,20,1,noche
1,14,0,noche
1,22,1,tarde
1,12,0,noche
1,0,0,noche
1,20,1,noche
1,48,1,noche
1,4,0,tarde
1,-1,0,noche
1,10,0,noche
1,0,0,noche
0,4,0,noche
0,0,0,noche
0,87,1,noche
0,1,0,mañana
0,19,1,noche
0,23,1,noche
1,19,1,tarde
1,-1,0,noche
1,6,0,noche
1,6,0,tarde
1,-4,0,noche
1,2,0,tarde
0,35,1,mañana
1,11,0,mañana
0,1,0,mañana
0,19,1,mañana
0,8,0,mañana
0,4,0,mañana
0,5,0,mañana
0,7,0,mañana
0,1,0,mañana
0,8,0,mañana
0,9,0,mañana
0,-5,0,mañana
0,7,0,mañana
0,5,0,mañana
1,21,1,mañana
1,10,0,mañana
1,9,0,mañana
1,7,0,mañana
1,6,0,mañana
1,8,0,mañana
1,22,1,mañana
1,12,0,mañana
1,5,0,mañana
1,5,0,mañana
1,9,0,mañana
1,23,1,mañana
1,4,0,mañana
1,27,1,mañana
0,4,0,mañana
0,9,0,tarde
1,4,0,tarde
1,9,0,tarde
1,0,0,tarde
0,13,0,tarde
0,11,0,tarde
0,13,0,tarde
0,12,0,tarde
0,3,0,tarde
0,5,0,tarde
0,10,0,tarde
0,-6,0,tarde
0,3,0,tarde
0,27,1,mañana
0,10,0,tarde
0,6,0,tarde
0,11,0,tarde
0,-1,0,tarde
1,8,0,tarde
1,22,1,tarde
1,21,1,mañana
1,3,0,tarde
1,39,1,tarde
1,12,0,tarde
1,23,1,tarde
1,4,0,tarde
1,15,0,mañana
1,-2,0,tarde
1,0,0,tarde
1,-3,0,tarde
1,3,0,tarde
1,32,1,tarde
1,6,0,tarde
1,1,0,mañana
0,0,0,mañana
0,2,0,mañana
1,8,0,mañana
1,-1,0,mañana
1,7,0,mañana
0,6,0,mañana
0,19,1,mañana
0,10,0,mañana
0,4,0,mañana
0,6,0,mañana
0,1,0,mañana
0,9,0,mañana
0,22,1,mañana
0,-4,0,mañana
0,0,0,mañana
0,2,0,mañana
0,2,0,mañana
0,17,1,mañana
0,5,0,mañana
1,4,0,mañana
1,1,0,mañana
1,-3,0,mañana
1,20,1,mañana
1,16,1,mañana
1,14,0,mañana
1,9,0,mañana
1,-7,0,mañana
1,6,0,mañana
1,-8,0,mañana
1,6,0,mañana
1,16,1,mañana
1,22,1,mañana
1,9,0,mañana
1,1,0,mañana
1,-2,0,mañana
0,4,0,tarde
0,1,0,tarde
0,16,1,tarde
0,12,0,tarde
0,0,0,tarde
0,1,0,tarde
0,-2,0,tarde
0,1,0,tarde
0,18,1,tarde
0,19,1,tarde
0,48,1,tarde
0,35,1,tarde
0,2,0,tarde
0,9,0,tarde
1,2,0,tarde
1,2,0,tarde
1,3,0,tarde
1,0,0,tarde
1,18,1,tarde
1,97,1,tarde
1,8,0,tarde
1,4,0,tarde
1,0,0,tarde
1,-8,0,tarde
1,10,0,tarde
1,5,0,tarde
1,21,1,tarde
1,2,0,tarde
1,6,0,tarde
1,5,0,tarde
0,3,0,mañana
0,20,1,mañana
0,4,0,mañana
0,3,0,mañana
0,0,0,mañana
0,1,0,mañana
0,2,0,mañana
0,-1,0,mañana
0,7,0,mañana
0,12,0,mañana
0,18,1,mañana
0,-2,0,mañana
0,0,0,mañana
1,2,0,mañana
1,32,1,mañana
1,-1,0,mañana
1,11,0,mañana
1,18,1,mañana
1,0,0,mañana
1,6,0,mañana
1,1,0,mañana
1,16,1,mañana
1,-1,0,mañana
1,53,1,mañana
1,6,0,mañana
1,4,0,mañana
1,1,0,mañana
1,8,0,mañana
1,1,0,mañana
0,-1,0,mañana
0,6,0,mañana
0,32,1,mañana
0,-2,0,mañana
0,5,0,mañana
0,8,0,mañana
0,5,0,mañana
0,9,0,mañana
0,-1,0,mañana
0,10,0,mañana
0,5,0,mañana
0,-1,0,mañana
0,2,0,mañana
0,2,0,mañana
1,58,1,mañana
1,9,0,mañana
1,6,0,mañana
1,0,0,mañana
1,10,0,mañana
1,12,0,mañana
1,4,0,mañana
1,27,1,mañana
1,9,0,mañana
1,-3,0,mañana
1,5,0,mañana
1,-3,0,mañana
1,3,0,mañana
1,2,0,mañana
1,6,0,mañana
1,-1,0,mañana
0,16,1,tarde
0,7,0,tarde
0,1,0,tarde
0,27,1,tarde
0,12,0,tarde
0,14,0,tarde
0,-3,0,tarde
0,7,0,tarde
0,-7,0,tarde
0,-1,0,tarde
0,11,0,tarde
0,14,0,tarde
0,102,1,tarde
0,6,0,tarde
0,0,0,tarde
0,-4,0,tarde
0,4,0,tarde
1,15,0,tarde
1,12,0,tarde
1,12,0,tarde
1,35,1,tarde
1,13,0,tarde
1,7,0,tarde
1,8,0,tarde
1,17,1,tarde
1,2,0,tarde
1,-11,0,tarde
1,5,0,tarde
1,-1,0,tarde
1,33,1,tarde
1,11,0,tarde
1,6,0,tarde
1,-4,0,tarde
0,16,1,mañana
0,33,1,mañana
0,28,1,mañana
0,7,0,mañana
0,6,0,mañana
0,5,0,mañana
1,-1,0,mañana
1,0,0,mañana
1,23,1,mañana
1,152,1,mañana
1,-11,0,mañana
1,35,1,mañana
1,-6,0,mañana
0,12,0,mañana
0,-1,0,mañana
0,13,0,mañana
0,11,0,mañana
0,0,0,mañana
0,5,0,mañana
0,15,0,mañana
0,82,1,mañana
1,4,0,mañana
1,20,1,mañana
1,1,0,mañana
1,7,0,mañana
1,0,0,mañana
1,45,1,mañana
1,13,0,mañana
1,3,0,mañana
0,-2,0,mañana
0,20,1,mañana
0,21,1,mañana
0,22,1,mañana
0,8,0,mañana
0,0,0,mañana
0,13,0,mañana
0,5,0,mañana
0,-1,0,mañana
0,7,0,mañana
0,20,1,mañana
0,0,0,mañana
0,23,1,mañana
0,19,1,mañana
1,20,1,mañana
1,-4,0,mañana
1,5,0,mañana
1,6,0,mañana
1,21,1,mañana
1,2,0,mañana
1,-1,0,mañana
1,1,0,mañana
1,0,0,mañana
1,-1,0,mañana
1,2,0,mañana
1,15,0,mañana
1,-4,0,mañana
1,-4,0,mañana
1,-3,0,mañana
0,11,0,tarde
0,9,0,tarde
0,6,0,tarde
0,8,0,tarde
0,22,1,tarde
0,10,0,tarde
0,10,0,tarde
0,-1,0,tarde
0,14,0,tarde
0,41,1,tarde
0,8,0,tarde
0,-1,0,tarde
0,25,1,tarde
0,24,1,tarde
1,5,0,tarde
1,7,0,tarde
1,15,0,tarde
1,40,1,tarde
1,11,0,tarde
1,35,1,tarde
1,23,1,tarde
1,1,0,tarde
1,-3,0,tarde
1,-11,0,tarde
1,3,0,tarde
1,-10,0,tarde
1,0,0,tarde
1,9,0,tarde
1,-5,0,tarde
1,2,0,tarde
0,34,1,noche
0,7,0,noche
0,1,0,noche
0,15,0,noche
0,2,0,noche
0,5,0,noche
0,9,0,noche
0,0,0,noche
0,3,0,noche
0,2,0,noche
0,9,0,noche
0,13,0,noche
0,-2,0,noche
0,4,0,noche
1,11,0,noche
1,2,0,noche
1,9,0,noche
1,-3,0,noche
1,0,0,noche
1,13,0,noche
1,0,0,noche
1,158,1,noche
1,26,1,noche
1,1,0,noche
1,-1,0,noche
1,3,0,noche
1,-1,0,noche
1,11,0,noche
1,-3,0,noche
1,-3,0,noche
0,1,0,tarde
0,3,0,tarde
0,1,0,tarde
0,3,0,tarde
0,3,0,tarde
0,0,0,tarde
0,-4,0,tarde
0,6,0,tarde
0,12,0,tarde
0,10,0,tarde
0,8,0,tarde
0,3,0,tarde
1,11,0,tarde
1,-1,0,tarde
1,11,0,tarde
1,23,1,tarde
1,7,0,tarde
1,-1,0,tarde
1,2,0,tarde
1,-2,0,tarde
1,-2,0,tarde
1,12,0,tarde
1,29,1,tarde
1,2,0,tarde
1,-1,0,tarde
1,-4,0,tarde
0,14,0,mañana
0,28,1,mañana
0,4,0,mañana
0,4,0,mañana
0,17,1,mañana
0,2,0,mañana
0,1,0,mañana
0,6,0,mañana
0,31,1,mañana
0,18,1,mañana
0,9,0,mañana
0,6,0,mañana
0,0,0,mañana
1,-2,0,mañana
1,5,0,mañana
1,10,0,mañana
1,14,0,mañana
1,31,1,mañana
1,10,0,mañana
1,14,0,mañana
1,9,0,mañana
1,-4,0,mañana
1,1,0,mañana
1,3,0,mañana
1,1,0,mañana
1,2,0,mañana
1,9,0,mañana
1,1,0,mañana
0,9,0,noche
0,2,0,noche
0,3,0,noche
0,20,1,noche
0,0,0,noche
0,31,1,noche
0,3,0,noche
0,2,0,noche
0,4,0,noche
0,9,0,noche
0,44,1,noche
0,11,0,noche
0,21,1,noche
1,23,1,noche
1,24,1,noche
1,21,1,noche
1,-6,0,noche
1,8,0,noche
1,24,1,noche
1,30,1,noche
1,0,0,noche
1,9,0,noche
1,6,0,noche
1,4,0,noche
1,32,1,noche
1,18,1,noche
1,10,0,noche
1,3,0,noche
1,-4,0,noche
0,17,1,noche
0,0,0,noche
0,0,0,noche
0,17,1,noche
0,6,0,noche
0,19,1,noche
0,2,0,noche
0,9,0,noche
0,-3,0,noche
0,-5,0,noche
1,2,0,noche
1,6,0,noche
1,17,1,noche
1,35,1,noche
1,20,1,noche
1,8,0,noche
1,31,1,noche
1,4,0,noche
1,62,1,noche
1,16,1,noche
1,11,0,noche
1,-6,0,noche
1,2,0,noche
1,0,0,tarde
0,2,0,noche
0,19,1,noche
0,2,0,noche
0,4,0,noche
0,11,0,noche
0,-2,0,noche
0,6,0,noche
0,0,0,noche
0,-2,0,noche
0,-1,0,noche
0,26,1,noche
0,4,0,noche
0,16,1,noche
0,2,0,noche
1,70,1,noche
1,47,1,noche
1,13,0,noche
1,2,0,noche
1,17,1,noche
1,35,1,noche
1,9,0,noche
1,36,1,noche
1,-4,0,noche
1,7,0,noche
1,-2,0,noche
1,4,0,noche
1,-10,0,noche
1,8,0,noche
1,3,0,noche
1,92,1,noche
0,17,1,noche
0,2,0,noche
0,5,0,noche
0,-2,0,noche
0,0,0,noche
0,3,0,noche
0,9,0,noche
0,3,0,noche
0,-3,0,noche
0,18,1,noche
0,7,0,noche
0,2,0,noche
0,3,0,noche
0,133,1,noche
1,-3,0,noche
1,11,0,noche
1,21,1,noche
1,19,1,noche
1,21,1,noche
1,0,0,noche
1,23,1,noche
1,5,0,noche
1,46,1,noche
1,42,1,noche
1,44,1,noche
1,6,0,noche
1,50,1,noche
1,14,0,noche
1,-1,0,noche
1,1,0,noche
1,2,0,noche
0,2,0,mañana
0,17,1,mañana
0,43,1,mañana
0,10,0,mañana
1,16,1,mañana
1,78,1,mañana
1,0,0,mañana
1,13,0,mañana
1,8,0,mañana
0,16,1,mañana
0,18,1,mañana
1,14,0,mañana
1,13,0,mañana
1,40,1,mañana
0,26,1,noche
0,23,1,noche
0,10,0,noche
0,7,0,noche
0,9,0,noche
0,32,1,noche
0,17,1,noche
0,7,0,noche
0,-3,0,noche
0,1,0,noche
0,9,0,noche
0,2,0,noche
0,9,0,noche
0,2,0,noche
1,7,0,noche
1,-2,0,noche
1,7,0,noche
1,13,0,noche
1,9,0,noche
1,40,1,noche
1,34,1,noche
1,6,0,noche
1,14,0,noche
1,14,0,noche
1,12,0,noche
1,-4,0,noche
1,25,1,noche
1,7,0,noche
1,11,0,noche
1,8,0,noche
1,2,0,noche
0,7,0,mañana
0,3,0,mañana
0,-1,0,mañana
0,10,0,mañana
1,21,1,mañana
1,20,1,mañana
1,6,0,mañana
1,17,1,mañana
1,9,0,mañana
0,17,1,tarde
0,10,0,tarde
0,12,0,tarde
0,12,0,tarde
0,6,0,tarde
0,10,0,tarde
0,3,0,tarde
0,67,1,tarde
0,13,0,tarde
0,10,0,tarde
1,56,1,tarde
1,1,0,tarde
1,21,1,tarde
1,31,1,tarde
1,24,1,tarde
1,15,0,tarde
1,2,0,tarde
1,3,0,tarde
1,7,0,tarde
1,6,0,tarde
1,22,1,tarde
0,-2,0,mañana
0,2,0,mañana
1,6,0,mañana
1,12,0,mañana
1,3,0,mañana
0,20,1,mañana
0,4,0,mañana
1,1,0,mañana
1,12,0,mañana
1,17,1,mañana
0,0,0,mañana
0,18,1,mañana
0,0,0,mañana
0,14,0,mañana
0,4,0,mañana
0,0,0,mañana
0,10,0,mañana
0,-1,0,mañana
0,-1,0,mañana
0,4,0,mañana
1,-1,0,mañana
1,8,0,mañana
1,3,0,mañana
1,14,0,mañana
1,28,1,mañana
1,8,0,mañana
1,27,1,mañana
1,7,0,mañana
1,16,1,mañana
1,-4,0,mañana
1,12,0,mañana
1,4,0,mañana
0,20,1,noche
0,17,1,noche
0,1,0,noche
0,1,0,noche
0,15,0,noche
0,2,0,noche
1,27,1,noche
1,17,1,noche
1,75,1,noche
1,19,1,noche
1,5,0,noche
1,3,0,noche
1,3,0,noche
1,7,0,noche
0,50,1,noche
0,10,0,noche
0,15,0,noche
0,12,0,noche
0,8,0,noche
0,11,0,noche
0,-1,0,noche
0,11,0,noche
0,12,0,noche
0,45,1,noche
0,12,0,noche
0,9,0,noche
1,23,1,noche
1,147,1,noche
1,4,0,noche
1,16,1,noche
1,12,0,noche
1,29,1,noche
1,2,0,noche
1,8,0,noche
1,15,0,noche
1,33,1,noche
1,-7,0,noche
1,7,0,noche
1,22,1,noche
1,7,0,noche
1,5,0,noche
1,-1,0,noche
1,32,1,noche
0,1,0,tarde
0,2,0,tarde
0,19,1,tarde
0,1,0,tarde
0,6,0,tarde
0,65,1,tarde
0,1,0,tarde
0,59,1,tarde
0,28,1,tarde
0,48,1,tarde
0,6,0,tarde
0,69,1,tarde
1,6,0,tarde
1,1,0,tarde
1,33,1,tarde
1,15,0,tarde
1,21,1,tarde
1,22,1,tarde
1,8,0,tarde
1,17,1,tarde
1,1,0,tarde
1,5,0,tarde
1,10,0,tarde
1,-2,0,tarde
1,7,0,tarde
1,3,0,tarde
0,26,1,noche
0,20,1,noche
0,20,1,noche
0,6,0,noche
0,8,0,noche
0,13,0,noche
0,9,0,noche
0,15,0,noche
0,7,0,noche
0,32,1,noche
0,21,1,noche
0,28,1,noche
0,50,1,noche
0,19,1,noche
1,21,1,noche
1,14,0,noche
1,17,1,noche
1,8,0,noche
1,26,1,noche
1,30,1,noche
1,18,1,noche
1,26,1,noche
1,30,1,noche
1,5,0,noche
1,4,0,noche
1,24,1,noche
1,19,1,noche
1,21,1,noche
1,9,0,noche
1,9,0,noche
1,10,0,noche
0,83,1,tarde
0,11,0,tarde
0,22,1,tarde
0,18,1,tarde
0,23,1,tarde
0,4,0,tarde
0,16,1,tarde
0,11,0,tarde
0,28,1,tarde
0,31,1,tarde
0,21,1,tarde
0,20,1,tarde
0,20,1,tarde
0,16,1,tarde
1,24,1,tarde
1,18,1,tarde
1,14,0,tarde
1,46,1,tarde
1,32,1,tarde
1,25,1,tarde
1,63,1,tarde
1,23,1,tarde
1,60,1,tarde
1,31,1,tarde
1,8,0,tarde
1,8,0,tarde
1,13,0,tarde
1,16,1,tarde
1,21,1,tarde
1,16,1,tarde
1,10,0,tarde
0,22,1,tarde
0,13,0,tarde
0,33,1,tarde
0,7,0,tarde
0,22,1,tarde
0,10,0,tarde
0,5,0,tarde
0,-2,0,tarde
0,0,0,tarde
0,38,1,tarde
0,1,0,tarde
0,7,0,tarde
0,37,1,tarde
0,13,0,tarde
1,16,1,tarde
1,19,1,tarde
1,13,0,tarde
1,65,1,tarde
1,8,0,tarde
1,10,0,tarde
1,52,1,tarde
1,12,0,tarde
1,2,0,tarde
1,9,0,tarde
1,11,0,tarde
1,14,0,tarde
1,23,1,tarde
1,38,1,tarde
1,8,0,tarde
1,17,1,tarde
0,2,0,noche
0,71,1,noche
0,1,0,noche
0,5,0,noche
0,-1,0,noche
0,5,0,noche
0,-2,0,noche
0,16,1,noche
1,4,0,noche
1,6,0,noche
1,3,0,noche
1,11,0,noche
1,12,0,noche
1,10,0,noche
1,-1,0,noche
1,19,1,noche
1,14,0,noche
1,36,1,noche
0,1,0,noche
0,3,0,noche
0,19,1,noche
0,0,0,noche
0,7,0,noche
0,14,0,noche
1,63,1,noche
1,-1,0,noche
1,21,1,noche
1,-9,0,noche
1,-4,0,noche
1,1,0,noche
1,-7,0,noche
0,2,0,tarde
0,21,1,tarde
0,2,0,tarde
0,-1,0,tarde
0,37,1,tarde
1,27,1,tarde
1,57,1,tarde
1,16,1,tarde
1,40,1,tarde
0,14,0,mañana
0,-7,0,mañana
0,-3,0,mañana
0,4,0,mañana
0,11,0,mañana
0,4,0,mañana
0,0,0,mañana
0,7,0,mañana
0,1,0,mañana
0,0,0,mañana
0,-5,0,mañana
0,4,0,mañana
0,-7,0,mañana
0,0,0,mañana
1,-2,0,mañana
1,11,0,mañana
1,-7,0,mañana
1,-4,0,mañana
1,0,0,mañana
1,5,0,mañana
1,10,0,mañana
1,-7,0,mañana
1,3,0,mañana
1,12,0,mañana
1,14,0,mañana
1,-3,0,mañana
1,13,0,mañana
1,2,0,mañana
1,-2,0,mañana
1,2,0,mañana
1,0,0,mañana
0,16,1,tarde
0,2,0,tarde
0,4,0,tarde
0,4,0,tarde
0,7,0,tarde
0,12,0,tarde
0,-3,0,tarde
0,2,0,tarde
0,4,0,tarde
0,8,0,tarde
0,14,0,tarde
0,10,0,tarde
0,8,0,tarde
0,0,0,tarde
1,5,0,tarde
1,-1,0,tarde
1,-2,0,tarde
1,-4,0,tarde
1,0,0,tarde
1,15,0,tarde
1,7,0,tarde
1,1,0,tarde
1,15,0,tarde
1,10,0,tarde
1,-7,0,tarde
1,5,0,tarde
1,2,0,tarde
1,87,1,tarde
1,21,1,tarde
1,9,0,tarde
1,1,0,tarde
0,0,0,mañana
0,4,0,mañana
1,3,0,mañana
1,-7,0,mañana
1,15,0,mañana
1,-1,0,mañana
1,2,0,mañana
1,-10,0,mañana
1,-1,0,mañana
1,4,0,mañana
1,1,0,mañana
1,6,0,mañana
1,8,0,mañana
1,6,0,mañana
1,3,0,mañana
1,-7,0,mañana
0,-2,0,noche
1,-8,0,noche
1,1,0,noche
1,13,0,noche
1,28,1,noche
0,16,1,noche
0,35,1,noche
0,34,1,noche
0,4,0,noche
0,19,1,noche
0,2,0,noche
0,9,0,noche
0,4,0,noche
0,11,0,noche
0,26,1,noche
0,40,1,noche
0,11,0,noche
0,12,0,noche
0,5,0,noche
1,32,1,noche
1,24,1,noche
1,94,1,noche
1,34,1,noche
1,13,0,noche
1,21,1,noche
1,21,1,noche
1,89,1,noche
1,9,0,noche
1,36,1,noche
1,-1,0,noche
1,-2,0,noche
1,5,0,noche
1,11,0,noche
1,29,1,noche
1,21,1,noche
1,53,1,noche
0,0,0,tarde
0,9,0,tarde
0,6,0,tarde
0,34,1,tarde
0,16,1,tarde
0,8,0,tarde
1,17,1,tarde
1,9,0,tarde
1,61,1,tarde
1,22,1,tarde
1,-2,0,tarde
1,21,1,tarde
1,4,0,tarde
0,16,1,tarde
0,14,0,tarde
1,5,0,tarde
1,13,0,tarde
0,-3,0,mañana
0,18,1,mañana
0,9,0,mañana
0,0,0,mañana
0,14,0,mañana
0,16,1,mañana
0,4,0,mañana
0,5,0,mañana
0,8,0,mañana
0,1,0,mañana
0,-8,0,mañana
0,-2,0,mañana
1,12,0,mañana
1,62,1,mañana
1,19,1,mañana
1,7,0,mañana
1,10,0,mañana
1,17,1,mañana
1,14,0,mañana
1,5,0,mañana
1,4,0,mañana
1,4,0,mañana
1,4,0,mañana
1,6,0,mañana
1,49,1,mañana
1,3,0,mañana
1,6,0,mañana
0,0,0,mañana
0,18,1,mañana
0,67,1,mañana
0,3,0,mañana
0,3,0,mañana
1,11,0,mañana
1,9,0,mañana
1,0,0,mañana
1,22,1,mañana
0,18,1,noche
0,11,0,noche
0,0,0,noche
0,62,1,noche
0,50,1,noche
0,9,0,noche
1,29,1,noche
1,17,1,noche
1,20,1,noche
1,8,0,noche
1,15,0,noche
1,2,0,noche
1,11,0,noche
0,11,0,tarde
0,1,0,tarde
1,18,1,tarde
1,6,0,tarde
1,10,0,tarde
0,0,0,mañana
0,2,0,tarde
0,6,0,mañana
0,10,0,tarde
1,10,0,mañana
1,30,1,tarde
1,8,0,mañana
1,-3,0,tarde
1,19,1,mañana
0,59,1,noche
0,15,0,noche
0,4,0,noche
0,9,0,noche
0,4,0,noche
0,11,0,noche
0,11,0,noche
0,5,0,noche
1,77,1,noche
1,12,0,noche
1,0,0,noche
1,11,0,noche
1,26,1,noche
1,6,0,noche
1,-1,0,noche
1,16,1,noche
1,1,0,noche
0,2,0,mañana
1,3,0,mañana
1,-2,0,mañana
1,11,0,mañana
0,-5,0,mañana
1,6,0,mañana
1,13,0,noche
0,54,1,noche
1,7,0,noche
1,11,0,noche
0,26,1,tarde
0,17,1,tarde
0,0,0,tarde
0,9,0,tarde
0,19,1,tarde
0,-1,0,tarde
0,-1,0,tarde
0,7,0,tarde
1,31,1,tarde
1,1,0,tarde
1,0,0,tarde
1,21,1,tarde
1,-4,0,tarde
1,6,0,tarde
1,-3,0,tarde
1,15,0,tarde
0,0,0,mañana
0,5,0,mañana
1,12,0,mañana
1,-2,0,mañana
1,7,0,noche
0,0,0,tarde
0,40,1,tarde
0,34,1,noche
0,-3,0,tarde
0,43,1,tarde
0,0,0,tarde
1,11,0,tarde
1,38,1,tarde
1,2,0,noche
1,-2,0,tarde
1,15,0,tarde
0,-2,0,tarde
0,-2,0,tarde
0,1,0,tarde
1,1,0,tarde
1,0,0,tarde
1,-8,0,tarde
1,-1,0,tarde
1,-11,0,tarde
0,0,0,mañana
0,13,0,mañana
0,-7,0,mañana
0,5,0,mañana
0,12,0,mañana
0,-4,0,mañana
0,9,0,mañana
0,14,0,mañana
1,81,1,mañana
1,5,0,mañana
1,25,1,mañana
1,9,0,mañana
1,-2,0,mañana
0,141,1,noche
0,58,1,noche
0,25,1,noche
0,26,1,noche
1,20,1,noche
1,11,0,noche
1,5,0,noche
0,5,0,tarde
1,2,0,noche
1,-3,0,mañana
1,91,1,noche
0,6,0,tarde
0,0,0,tarde
1,23,1,tarde
1,30,1,tarde
1,3,0,tarde
0,42,1,noche
1,30,1,noche
1,3,0,noche
1,10,0,noche
0,7,0,tarde
0,27,1,tarde
0,10,0,tarde
0,-1,0,tarde
0,-1,0,tarde
1,3,0,tarde
1,15,0,tarde
1,3,0,tarde
1,5,0,tarde
0,-2,0,mañana
0,15,0,tarde
0,7,0,mañana
0,-3,0,tarde
1,10,0,mañana
1,-3,0,tarde
1,21,1,mañana
1,23,1,mañana
0,20,1,mañana
0,-2,0,tarde
0,-3,0,mañana
0,27,1,mañana
0,3,0,tarde
1,8,0,tarde
1,10,0,mañana
1,-8,0,mañana
1,4,0,mañana
0,25,1,mañana
0,30,1,mañana
1,23,1,mañana
1,53,1,mañana
0,7,0,noche
0,-5,0,mañana
0,10,0,mañana
0,18,1,mañana
0,20,1,mañana
0,1,0,mañana
0,2,0,mañana
0,-2,0,mañana
0,23,1,mañana
0,-4,0,mañana
0,46,1,mañana
0,1,0,mañana
1,1,0,mañana
1,1,0,mañana
0,14,0,mañana
0,-5,0,mañana
0,0,0,mañana
0,7,0,mañana
0,1,0,mañana
0,11,0,mañana
1,-3,0,mañana
1,-8,0,mañana
0,1,0,noche
0,-3,0,noche
0,2,0,noche
1,3,0,noche
0,42,1,tarde
0,3,0,mañana
1,7,0,mañana
0,1,0,mañana
1,91,1,mañana
0,13,0,mañana
1,6,0,mañana
0,6,0,noche
0,64,1,noche
0,7,0,noche
0,-1,0,noche
0,0,0,noche
0,1,0,noche
0,0,0,noche
0,8,0,noche
0,11,0,noche
0,80,1,noche
0,17,1,noche
0,5,0,noche
0,108,1,noche
1,2,0,noche
1,5,0,noche
1,3,0,noche
1,3,0,noche
1,3,0,noche
1,25,1,noche
1,21,1,noche
1,14,0,noche
1,4,0,noche
1,-7,0,noche
1,18,1,noche
1,0,0,noche
1,41,1,noche
1,12,0,noche
1,16,1,noche
1,3,0,noche
1,-1,0,noche
0,19,1,mañana
0,36,1,mañana
0,20,1,mañana
0,15,0,mañana
0,25,1,mañana
0,10,0,mañana
0,19,1,mañana
0,7,0,mañana
0,45,1,mañana
0,31,1,mañana
0,17,1,mañana
0,25,1,mañana
1,22,1,mañana
1,12,0,mañana
1,10,0,mañana
1,25,1,mañana
1,23,1,mañana
1,12,0,mañana
1,7,0,mañana
1,22,1,mañana
1,77,1,mañana
1,15,0,mañana
1,8,0,mañana
1,3,0,mañana
1,20,1,mañana
1,-4,0,mañana
1,-2,0,mañana
0,20,1,mañana
0,10,0,mañana
0,61,1,mañana
0,9,0,mañana
0,-4,0,mañana
0,29,1,mañana
0,26,1,mañana
0,3,0,mañana
1,-1,0,mañana
1,10,0,mañana
1,17,1,mañana
1,0,0,mañana
1,16,1,mañana
1,25,1,mañana
1,10,0,mañana
1,0,0,mañana
1,3,0,mañana
1,-3,0,mañana
0,22,1,noche
0,-3,0,noche
0,8,0,noche
0,15,0,noche
0,-1,0,noche
0,21,1,noche
0,-2,0,noche
0,12,0,noche
0,6,0,noche
0,10,0,noche
0,5,0,noche
0,8,0,noche
0,15,0,noche
0,20,1,noche
1,24,1,noche
1,7,0,noche
1,13,0,noche
1,4,0,noche
1,3,0,noche
1,24,1,noche
1,13,0,noche
1,13,0,noche
1,15,0,noche
1,5,0,noche
1,-2,0,noche
1,16,1,noche
1,8,0,noche
1,14,0,noche
1,-2,0,noche
1,8,0,noche
1,-1,0,noche
0,0,0,noche
0,10,0,noche
0,5,0,noche
0,1,0,noche
0,26,1,noche
0,5,0,noche
0,0,0,noche
0,5,0,noche
0,3,0,noche
0,3,0,noche
0,16,1,noche
0,20,1,noche
0,3,0,noche
0,13,0,noche
1,6,0,noche
1,18,1,noche
1,23,1,noche
1,8,0,noche
1,5,0,noche
1,26,1,noche
1,21,1,noche
1,26,1,noche
1,14,0,noche
1,-4,0,noche
1,-3,0,noche
1,11,0,noche
1,1,0,noche
1,10,0,noche
1,1,0,noche
1,4,0,noche
0,2,0,mañana
0,6,0,mañana
0,10,0,mañana
0,11,0,mañana
0,7,0,mañana
0,2,0,mañana
0,11,0,mañana
0,3,0,mañana
0,22,1,mañana
0,-3,0,mañana
0,10,0,mañana
0,7,0,mañana
0,0,0,mañana
0,44,1,mañana
1,12,0,mañana
1,5,0,mañana
1,26,1,mañana
1,6,0,mañana
1,23,1,mañana
1,43,1,mañana
1,37,1,mañana
1,13,0,mañana
1,-9,0,mañana
1,-7,0,mañana
1,3,0,mañana
1,16,1,mañana
1,-3,0,mañana
1,0,0,mañana
1,-6,0,mañana
1,17,1,mañana
0,88,1,noche
0,9,0,noche
0,17,1,tarde
0,6,0,noche
0,12,0,noche
0,1,0,noche
0,158,1,noche
0,6,0,noche
0,15,0,noche
0,4,0,tarde
0,113,1,noche
0,9,0,noche
0,8,0,noche
1,28,1,noche
1,67,1,noche
1,8,0,noche
1,109,1,noche
1,22,1,noche
1,27,1,noche
1,26,1,noche
1,17,1,noche
1,-8,0,noche
1,3,0,tarde
1,6,0,noche
1,22,1,noche
1,9,0,noche
1,13,0,noche
1,-2,0,noche
1,-1,0,noche
0,42,1,mañana
0,6,0,mañana
0,16,1,mañana
0,8,0,mañana
0,7,0,mañana
0,3,0,mañana
1,9,0,mañana
1,5,0,mañana
1,3,0,mañana
1,-2,0,mañana
1,120,1,mañana
1,30,1,mañana
0,-4,0,mañana
0,20,1,mañana
0,14,0,mañana
0,10,0,mañana
0,7,0,mañana
1,-1,0,mañana
1,0,0,mañana
1,126,1,mañana
1,9,0,mañana
1,-5,0,mañana
1,42,1,mañana
1,2,0,mañana
1,-3,0,mañana
1,19,1,tarde
1,9,0,tarde
1,5,0,noche
1,10,0,mañana
0,-2,0,mañana
0,12,0,mañana
1,6,0,tarde
1,14,0,mañana
1,0,0,mañana
0,113,1,noche
0,4,0,mañana
1,25,1,mañana
1,28,1,tarde
0,-1,0,tarde
1,-2,0,noche
0,-3,0,tarde
0,19,1,tarde
1,7,0,tarde
1,7,0,tarde
0,19,1,noche
0,63,1,noche
1,7,0,noche
1,-3,0,noche
0,8,0,mañana
0,8,0,mañana
0,3,0,mañana
0,45,1,mañana
0,-5,0,mañana
0,4,0,mañana
0,15,0,mañana
0,12,0,mañana
0,14,0,mañana
0,1,0,mañana
1,16,1,mañana
1,-10,0,mañana
1,17,1,mañana
1,26,1,mañana
1,64,1,mañana
1,9,0,mañana
1,-7,0,mañana
1,-2,0,mañana
1,45,1,mañana
0,1,0,tarde
0,2,0,tarde
0,8,0,tarde
0,8,0,tarde
0,-8,0,tarde
0,1,0,tarde
0,-11,0,tarde
0,8,0,tarde
0,14,0,tarde
0,-2,0,tarde
0,2,0,tarde
1,31,1,tarde
1,29,1,tarde
1,14,0,tarde
1,45,1,tarde
1,22,1,tarde
1,2,0,tarde
1,74,1,tarde
1,11,0,tarde
1,-13,0,tarde
1,-9,0,tarde
1,1,0,tarde
1,-4,0,tarde
0,34,1,tarde
0,72,1,tarde
0,24,1,tarde
0,28,1,tarde
0,69,1,tarde
0,77,1,tarde
0,23,1,tarde
0,36,1,tarde
0,12,0,tarde
0,23,1,tarde
1,94,1,tarde
1,35,1,tarde
1,75,1,tarde
1,13,0,tarde
1,86,1,tarde
1,8,0,tarde
1,4,0,tarde
1,0,0,tarde
1,10,0,tarde
1,159,1,tarde
0,36,1,tarde
0,2,0,mañana
0,27,1,noche
1,2,0,mañana
1,4,0,mañana
1,52,1,noche
1,-4,0,tarde
1,3,0,tarde
0,22,1,noche
0,-4,0,noche
0,36,1,noche
0,0,0,noche
0,-6,0,noche
0,100,1,noche
0,29,1,noche
0,19,1,noche
0,51,1,noche
0,-8,0,noche
0,4,0,noche
1,113,1,noche
1,33,1,noche
1,0,0,noche
1,60,1,noche
1,9,0,noche
1,113,1,noche
1,0,0,noche
1,7,0,noche
1,-2,0,noche
1,0,0,noche
1,0,0,noche
1,66,1,noche
1,-6,0,noche
0,20,1,mañana
0,4,0,mañana
1,27,1,mañana
1,2,0,mañana
0,2,0,mañana
0,-3,0,mañana
1,106,1,mañana
1,25,1,mañana
1,9,0,mañana
0,-7,0,mañana
0,59,1,mañana
0,43,1,mañana
1,2,0,mañana
1,8,0,mañana
1,10,0,mañana
1,-2,0,mañana
0,33,1,noche
0,35,1,noche
0,-7,0,noche
0,5,0,noche
0,25,1,noche
0,24,1,noche
0,20,1,noche
0,32,1,noche
0,-7,0,noche
0,34,1,noche
1,101,1,noche
1,90,1,noche
1,-12,0,noche
1,6,0,noche
1,4,0,noche
1,40,1,noche
1,30,1,noche
1,12,0,noche
1,13,0,noche
1,19,1,noche
1,10,0,noche
1,42,1,noche
1,1,0,noche
0,6,0,mañana
0,6,0,mañana
0,-4,0,mañana
0,-1,0,mañana
0,0,0,mañana
0,38,1,mañana
0,21,1,mañana
0,17,1,mañana
0,9,0,mañana
0,10,0,mañana
1,2,0,mañana
1,16,1,mañana
1,3,0,mañana
1,8,0,mañana
1,17,1,mañana
1,24,1,mañana
1,19,1,mañana
1,12,0,mañana
1,-2,0,mañana
1,16,1,mañana
1,16,1,mañana
0,21,1,tarde
0,118,1,tarde
0,12,0,tarde
0,2,0,tarde
0,9,0,tarde
0,6,0,tarde
0,17,1,tarde
0,-8,0,tarde
0,-3,0,tarde
0,-2,0,tarde
1,19,1,tarde
1,34,1,tarde
1,27,1,tarde
1,2,0,tarde
1,22,1,tarde
1,33,1,tarde
1,4,0,tarde
1,4,0,tarde
1,0,0,tarde
1,-1,0,tarde
1,19,1,tarde
1,-4,0,tarde
0,-6,0,mañana
0,11,0,mañana
0,-4,0,mañana
0,-4,0,mañana
0,3,0,mañana
0,-1,0,mañana
0,-3,0,mañana
0,13,0,mañana
1,-7,0,mañana
1,1,0,mañana
1,-3,0,mañana
1,9,0,mañana
1,20,1,tarde
1,0,0,mañana
1,-3,0,mañana
1,3,0,mañana
1,11,0,mañana
1,78,1,tarde
1,-4,0,mañana
1,5,0,mañana
0,7,0,tarde
0,10,0,tarde
1,3,0,tarde
1,6,0,tarde
1,-4,0,tarde
1,16,1,tarde
0,1,0,tarde
0,0,0,tarde
0,0,0,tarde
0,2,0,tarde
0,-7,0,tarde
0,9,0,tarde
0,-6,0,tarde
0,13,0,tarde
1,-3,0,tarde
1,21,1,tarde
1,11,0,tarde
1,10,0,tarde
1,39,1,mañana
1,-1,0,tarde
1,16,1,tarde
1,3,0,tarde
1,11,0,tarde
1,-2,0,mañana
0,9,0,tarde
0,2,0,tarde
0,-5,0,mañana
0,7,0,tarde
0,-6,0,tarde
0,-3,0,mañana
1,-1,0,tarde
1,-2,0,tarde
1,5,0,mañana
1,17,1,tarde
1,15,0,tarde
1,5,0,mañana
1,32,1,tarde
1,23,1,tarde
0,-4,0,mañana
0,1,0,mañana
0,-1,0,mañana
0,-3,0,mañana
0,2,0,mañana
0,-10,0,mañana
0,1,0,mañana
0,4,0,mañana
0,5,0,mañana
0,16,1,mañana
0,6,0,mañana
0,-3,0,mañana
1,4,0,mañana
1,-5,0,mañana
1,25,1,mañana
1,6,0,mañana
1,0,0,mañana
1,4,0,mañana
1,-5,0,mañana
1,-1,0,mañana
1,11,0,mañana
1,0,0,mañana
1,-3,0,mañana
1,-2,0,mañana
1,-6,0,mañana
1,1,0,mañana
0,3,0,noche
0,1,0,tarde
0,15,0,noche
0,0,0,tarde
0,1,0,tarde
0,-1,0,tarde
0,13,0,noche
0,10,0,tarde
0,10,0,noche
0,24,1,tarde
0,2,0,tarde
0,24,1,tarde
1,0,0,noche
1,-5,0,tarde
1,7,0,noche
1,28,1,tarde
1,2,0,tarde
1,13,0,tarde
1,22,1,noche
1,-7,0,tarde
1,-4,0,noche
1,30,1,tarde
1,-2,0,tarde
1,3,0,tarde
1,12,0,noche
1,15,0,tarde
1,-9,0,noche
0,-8,0,mañana
0,-6,0,tarde
0,-2,0,tarde
0,52,1,tarde
0,0,0,tarde
0,6,0,tarde
0,-2,0,mañana
0,-1,0,mañana
0,-3,0,tarde
0,19,1,tarde
0,6,0,tarde
0,1,0,tarde
0,4,0,tarde
0,20,1,mañana
1,6,0,mañana
1,113,1,tarde
1,20,1,tarde
1,4,0,tarde
1,0,0,tarde
1,95,1,tarde
1,22,1,tarde
1,-1,0,mañana
1,71,1,tarde
1,0,0,tarde
1,-5,0,tarde
1,13,0,tarde
1,87,1,tarde
1,15,0,mañana
1,-4,0,mañana
1,-5,0,tarde
1,4,0,tarde
1,13,0,mañana
1,10,0,mañana
0,29,1,mañana
0,-5,0,mañana
0,-2,0,mañana
0,6,0,mañana
0,0,0,mañana
0,-6,0,mañana
1,1,0,mañana
1,4,0,mañana
1,2,0,mañana
1,1,0,mañana
1,-1,0,mañana
1,3,0,mañana
0,-1,0,tarde
0,-3,0,tarde
0,-2,0,tarde
0,-1,0,tarde
0,2,0,tarde
0,-6,0,tarde
0,-4,0,tarde
0,5,0,tarde
1,52,1,tarde
1,7,0,tarde
1,6,0,tarde
1,10,0,tarde
1,8,0,tarde
1,11,0,tarde
1,7,0,tarde
1,0,0,tarde
1,10,0,tarde
1,10,0,tarde
1,4,0,tarde
0,0,0,noche
0,23,1,noche
1,1,0,noche
1,0,0,mañana
1,4,0,mañana
1,-1,0,noche
1,10,0,noche
1,10,0,mañana
1,14,0,mañana
1,18,1,mañana
1,1,0,mañana
1,22,1,noche
1,-4,0,noche
1,0,0,tarde
1,4,0,mañana
1,1,0,mañana
1,6,0,mañana
1,3,0,mañana
1,2,0,mañana
0,8,0,tarde
0,-7,0,tarde
0,-5,0,mañana
0,30,1,tarde
0,0,0,tarde
0,41,1,tarde
0,-2,0,tarde
0,7,0,tarde
0,-5,0,tarde
0,-6,0,mañana
0,0,0,tarde
0,-3,0,tarde
0,-4,0,tarde
0,5,0,tarde
1,3,0,tarde
1,0,0,tarde
1,-1,0,mañana
1,29,1,tarde
1,18,1,tarde
1,25,1,tarde
1,12,0,tarde
1,13,0,tarde
1,-5,0,tarde
1,-4,0,mañana
1,-3,0,tarde
1,22,1,tarde
1,7,0,tarde
1,10,0,tarde
1,6,0,tarde
1,-9,0,tarde
1,-7,0,mañana
0,-1,0,mañana
0,-1,0,mañana
0,-6,0,mañana
0,17,1,mañana
1,-2,0,mañana
1,3,0,mañana
1,0,0,mañana
1,1,0,mañana
0,-4,0,tarde
0,-1,0,tarde
1,1,0,tarde
1,6,0,tarde
1,34,1,tarde
0,16,1,mañana
0,5,0,mañana
0,0,0,mañana
0,4,0,mañana
0,20,1,mañana
0,-5,0,mañana
1,20,1,mañana
1,3,0,mañana
1,0,0,mañana
1,-1,0,mañana
1,9,0,mañana
1,2,0,mañana
1,1,0,mañana
1,2,0,mañana
0,25,1,tarde
0,-2,0,mañana
0,-6,0,tarde
0,-4,0,tarde
0,43,1,tarde
0,-3,0,mañana
0,-3,0,tarde
0,-7,0,tarde
1,23,1,tarde
1,-5,0,mañana
1,-4,0,tarde
1,3,0,tarde
1,30,1,tarde
1,4,0,mañana
1,-1,0,tarde
1,-1,0,tarde
1,1,0,tarde
1,-5,0,mañana
1,7,0,tarde
1,23,1,tarde
1,6,0,tarde
1,12,0,mañana
1,20,1,tarde
1,-4,0,tarde
0,-3,0,mañana
0,0,0,tarde
0,1,0,tarde
0,63,1,mañana
0,2,0,tarde
0,1,0,mañana
0,1,0,tarde
0,2,0,tarde
0,0,0,mañana
0,0,0,tarde
1,1,0,mañana
1,11,0,tarde
1,7,0,tarde
1,5,0,mañana
1,20,1,tarde
1,6,0,mañana
1,13,0,tarde
1,5,0,tarde
1,6,0,tarde
1,1,0,mañana
1,19,1,tarde
1,-6,0,mañana
1,17,1,tarde
0,-2,0,tarde
0,1,0,tarde
1,-6,0,tarde
1,13,0,tarde
1,1,0,tarde
1,2,0,tarde
1,2,0,tarde
1,2,0,noche
1,25,1,noche
1,0,0,noche
1,1,0,noche
1,-5,0,noche
1,30,1,tarde
1,10,0,noche
1,-4,0,noche
1,2,0,noche
1,-5,0,noche
1,17,1,tarde
1,1,0,tarde
1,16,1,tarde
1,46,1,tarde
1,16,1,tarde
1,40,1,tarde
1,13,0,tarde
1,9,0,tarde
